MS Elapsed,Bolo T,stddev,BB HBB Top,stddev,BB HBB Bottom,stddev,BB HBB Apex,stddev,BB HBB Avg,stddev,BB ABB Top,stddev,BB ABB Bottom,stddev,BB ABB Apex,stddev,BB ABB Avg,stddev,T Ch0,stddev,T Ch1,stddev,T Ch2,stddev,T Ch3,stddev,T Ch4,stddev,T Ch5,stddev,T Ch6,stddev,RH% Ch7,stddev
0,15.000,0.001,55.110,0.003,55.124,0.003,54.978,0.004,55.004,0.003,28.376,0.002,28.372,0.002,28.374,0.002,28.374,0.002,26.821,0.010,27.466,0.010,26.706,0.011,26.725,0.010,26.840,0.011,28.434,0.018,24.287,0.082,28.295,0.268
1000,15.000,0.001,55.108,0.003,55.122,0.003,54.980,0.004,55.006,0.003,28.376,0.002,28.372,0.002,28.374,0.002,28.374,0.002,26.821,0.010,27.467,0.010,26.706,0.011,26.725,0.010,26.839,0.011,28.431,0.019,24.262,0.083,28.361,0.270
2000,14.999,0.001,55.112,0.003,55.124,0.003,54.978,0.004,55.006,0.003,28.378,0.002,28.372,0.002,28.374,0.002,28.374,0.002,26.821,0.010,27.466,0.010,26.707,0.011,26.726,0.010,26.840,0.011,28.429,0.019,24.132,0.083,28.443,0.274
3000,14.999,0.001,55.112,0.003,55.122,0.003,54.978,0.004,55.006,0.003,28.378,0.002,28.372,0.002,28.374,0.002,28.374,0.002,26.823,0.010,27.467,0.010,26.707,0.011,26.726,0.010,26.841,0.011,28.428,0.019,24.127,0.083,28.520,0.279
4000,15.000,0.001,55.110,0.003,55.124,0.003,54.978,0.004,55.006,0.003,28.378,0.002,28.374,0.002,28.374,0.002,28.374,0.002,26.823,0.010,27.468,0.010,26.707,0.011,26.726,0.010,26.841,0.011,28.427,0.019,24.180,0.083,28.575,0.285
5000,15.000,0.001,55.112,0.003,55.122,0.003,54.978,0.004,55.006,0.003,28.378,0.002,28.372,0.002,28.374,0.002,28.374,0.002,26.822,0.010,27.469,0.010,26.707,0.011,26.727,0.010,26.840,0.011,28.424,0.020,24.074,0.082,28.637,0.293
6000,15.000,0.001,55.110,0.003,55.120,0.003,54.980,0.004,55.008,0.003,28.376,0.002,28.372,0.002,28.374,0.002,28.374,0.002,26.823,0.010,27.468,0.010,26.709,0.011,26.727,0.010,26.841,0.011,28.422,0.020,24.125,0.082,28.703,0.304
7000,15.000,0.001,55.108,0.003,55.122,0.002,54.978,0.004,55.004,0.003,28.378,0.002,28.372,0.002,28.374,0.002,28.374,0.002,26.822,0.010,27.468,0.010,26.708,0.011,26.727,0.010,26.842,0.011,28.420,0.020,24.194,0.081,28.752,0.316
8000,15.000,0.001,55.112,0.003,55.122,0.002,54.978,0.003,55.006,0.003,28.378,0.002,28.374,0.002,28.374,0.002,28.374,0.002,26.825,0.010,27.469,0.010,26.709,0.011,26.728,0.010,26.843,0.011,28.420,0.021,24.107,0.081,28.784,0.329
9000,15.000,0.001,55.110,0.003,55.122,0.002,54.980,0.003,55.008,0.003,28.378,0.002,28.374,0.002,28.374,0.002,28.374,0.002,26.824,0.010,27.469,0.010,26.708,0.011,26.727,0.010,26.842,0.011,28.420,0.021,24.195,0.080,28.816,0.342
10000,15.000,0.001,55.110,0.003,55.120,0.002,54.980,0.003,55.008,0.003,28.378,0.002,28.374,0.002,28.376,0.002,28.376,0.002,26.825,0.010,27.469,0.010,26.709,0.011,26.728,0.010,26.843,0.011,28.419,0.021,24.168,0.080,28.833,0.356
11000,15.000,0.001,55.112,0.003,55.122,0.002,54.978,0.003,55.006,0.003,28.376,0.002,28.374,0.002,28.374,0.002,28.374,0.002,26.824,0.010,27.469,0.010,26.710,0.011,26.728,0.010,26.843,0.011,28.420,0.021,24.126,0.080,28.840,0.369
12000,15.001,0.001,55.114,0.003,55.124,0.002,54.980,0.003,55.008,0.003,28.378,0.002,28.374,0.002,28.374,0.002,28.376,0.002,26.825,0.010,27.470,0.010,26.710,0.011,26.728,0.010,26.843,0.011,28.419,0.022,24.122,0.080,28.837,0.381
13000,15.001,0.001,55.110,0.002,55.122,0.002,54.976,0.003,55.004,0.003,28.378,0.002,28.374,0.002,28.376,0.002,28.376,0.002,26.825,0.010,27.470,0.010,26.710,0.011,26.728,0.010,26.844,0.011,28.419,0.022,24.146,0.080,28.839,0.393
14000,15.000,0.001,55.110,0.002,55.124,0.002,54.976,0.003,55.004,0.003,28.378,0.002,28.372,0.002,28.374,0.002,28.374,0.002,26.826,0.010,27.471,0.010,26.709,0.011,26.729,0.010,26.844,0.010,28.419,0.022,24.078,0.081,28.836,0.404
15000,15.001,0.001,55.114,0.002,55.122,0.002,54.978,0.003,55.006,0.003,28.378,0.002,28.374,0.002,28.374,0.002,28.374,0.002,26.825,0.010,27.472,0.010,26.711,0.011,26.729,0.010,26.844,0.010,28.420,0.022,24.037,0.081,28.837,0.415
16000,15.000,0.001,55.110,0.002,55.120,0.002,54.978,0.003,55.006,0.003,28.376,0.002,28.374,0.002,28.374,0.002,28.374,0.002,26.825,0.010,27.472,0.010,26.711,0.011,26.729,0.010,26.844,0.010,28.420,0.022,24.037,0.081,28.837,0.415
17000,15.000,0.001,55.110,0.002,55.124,0.002,54.982,0.003,55.008,0.003,28.378,0.002,28.374,0.002,28.374,0.002,28.374,0.002,26.826,0.010,27.471,0.010,26.710,0.011,26.729,0.010,26.845,0.010,28.419,0.022,24.099,0.082,28.837,0.424
18000,14.999,0.001,55.112,0.002,55.124,0.002,54.978,0.003,55.006,0.003,28.378,0.002,28.374,0.002,28.376,0.002,28.376,0.002,26.826,0.010,27.472,0.010,26.711,0.011,26.730,0.010,26.846,0.010,28.419,0.022,24.094,0.082,28.835,0.434
19000,15.000,0.001,55.110,0.002,55.122,0.002,54.978,0.003,55.006,0.003,28.378,0.002,28.374,0.002,28.376,0.002,28.376,0.002,26.826,0.010,27.472,0.010,26.711,0.011,26.730,0.010,26.845,0.010,28.421,0.022,24.113,0.082,28.842,0.443
20000,15.000,0.001,55.110,0.002,55.122,0.002,54.980,0.003,55.008,0.003,28.378,0.002,28.374,0.002,28.376,0.002,28.376,0.002,26.826,0.010,27.472,0.010,26.712,0.011,26.730,0.010,26.846,0.010,28.420,0.022,24.159,0.082,28.852,0.451
21000,15.000,0.001,55.114,0.002,55.122,0.002,54.982,0.003,55.008,0.003,28.378,0.002,28.374,0.002,28.376,0.002,28.376,0.002,26.828,0.010,27.471,0.010,26.712,0.011,26.731,0.010,26.845,0.010,28.421,0.022,24.107,0.081,28.842,0.459
22001,15.001,0.001,55.112,0.002,55.124,0.002,54.980,0.003,55.006,0.003,28.378,0.002,28.374,0.002,28.374,0.002,28.376,0.002,26.827,0.010,27.473,0.010,26.713,0.011,26.732,0.010,26.846,0.010,28.421,0.022,24.135,0.080,28.824,0.466
23001,15.001,0.001,55.114,0.002,55.122,0.002,54.978,0.003,55.006,0.003,28.378,0.002,28.374,0.002,28.376,0.002,28.376,0.002,26.828,0.010,27.474,0.010,26.713,0.011,26.731,0.010,26.845,0.010,28.423,0.022,24.119,0.080,28.805,0.473
24001,15.000,0.001,55.114,0.002,55.124,0.002,54.976,0.003,55.004,0.003,28.378,0.002,28.374,0.002,28.374,0.002,28.376,0.002,26.828,0.010,27.474,0.010,26.713,0.011,26.731,0.010,26.846,0.010,28.423,0.022,24.157,0.080,28.794,0.479
25001,15.000,0.001,55.110,0.002,55.120,0.002,54.980,0.003,55.006,0.003,28.378,0.002,28.374,0.002,28.376,0.002,28.376,0.002,26.830,0.010,27.474,0.010,26.713,0.011,26.732,0.010,26.848,0.010,28.423,0.022,24.160,0.080,28.796,0.484
26001,15.001,0.001,55.112,0.002,55.122,0.002,54.978,0.003,55.006,0.003,28.378,0.002,28.374,0.002,28.376,0.002,28.376,0.002,26.829,0.010,27.475,0.010,26.715,0.011,26.731,0.010,26.847,0.010,28.424,0.022,24.123,0.078,28.798,0.489
27001,15.000,0.001,55.110,0.002,55.124,0.002,54.978,0.003,55.006,0.003,28.378,0.002,28.374,0.002,28.376,0.002,28.376,0.002,26.828,0.010,27.475,0.010,26.714,0.011,26.732,0.010,26.848,0.010,28.425,0.022,24.121,0.077,28.795,0.494
28001,15.000,0.001,55.112,0.002,55.122,0.002,54.980,0.003,55.008,0.003,28.378,0.002,28.374,0.002,28.376,0.002,28.376,0.002,26.828,0.010,27.474,0.010,26.715,0.011,26.733,0.010,26.848,0.010,28.426,0.021,24.140,0.076,28.780,0.497
29001,15.000,0.001,55.110,0.002,55.122,0.002,54.978,0.003,55.006,0.003,28.378,0.002,28.374,0.002,28.376,0.002,28.376,0.002,26.829,0.010,27.475,0.010,26.715,0.011,26.733,0.010,26.848,0.010,28.426,0.021,24.134,0.076,28.751,0.500
30001,15.000,0.001,55.110,0.002,55.124,0.002,54.978,0.003,55.006,0.003,28.378,0.002,28.376,0.002,28.376,0.002,28.376,0.002,26.829,0.010,27.476,0.010,26.715,0.011,26.732,0.010,26.849,0.010,28.426,0.021,24.109,0.076,28.731,0.502
31001,15.000,0.001,55.112,0.002,55.124,0.002,54.980,0.003,55.008,0.003,28.380,0.002,28.374,0.002,28.376,0.002,28.376,0.002,26.829,0.010,27.475,0.010,26.716,0.011,26.733,0.010,26.849,0.010,28.426,0.021,24.118,0.076,28.716,0.503
32001,14.999,0.001,55.112,0.002,55.124,0.002,54.980,0.003,55.006,0.003,28.380,0.002,28.376,0.002,28.376,0.002,28.376,0.002,26.831,0.010,27.475,0.010,26.716,0.011,26.734,0.010,26.849,0.010,28.427,0.021,24.098,0.076,28.714,0.504
33001,15.000,0.001,55.110,0.002,55.124,0.002,54.982,0.003,55.008,0.003,28.380,0.002,28.374,0.002,28.376,0.002,28.376,0.002,26.830,0.010,27.476,0.010,26.715,0.011,26.734,0.010,26.850,0.010,28.425,0.021,24.081,0.076,28.693,0.503
34001,15.001,0.001,55.110,0.002,55.122,0.002,54.980,0.003,55.008,0.003,28.380,0.002,28.374,0.002,28.376,0.002,28.376,0.002,26.832,0.010,27.476,0.010,26.717,0.011,26.734,0.010,26.850,0.010,28.427,0.021,23.990,0.077,28.671,0.502
35001,15.000,0.001,55.112,0.002,55.124,0.002,54.982,0.003,55.008,0.003,28.378,0.002,28.374,0.002,28.376,0.002,28.376,0.002,26.831,0.010,27.476,0.010,26.716,0.011,26.735,0.010,26.850,0.010,28.427,0.021,24.207,0.077,28.664,0.501
36001,15.001,0.001,55.112,0.002,55.122,0.002,54.980,0.003,55.008,0.003,28.380,0.002,28.374,0.002,28.376,0.002,28.376,0.002,26.831,0.010,27.478,0.010,26.717,0.011,26.736,0.010,26.850,0.010,28.427,0.021,24.167,0.077,28.657,0.501
37001,15.000,0.001,55.112,0.002,55.122,0.002,54.980,0.003,55.008,0.003,28.380,0.002,28.374,0.002,28.376,0.002,28.376,0.002,26.831,0.010,27.478,0.010,26.718,0.011,26.735,0.010,26.851,0.010,28.426,0.021,24.078,0.077,28.648,0.500
38001,15.000,0.001,55.110,0.002,55.122,0.002,54.980,0.003,55.006,0.003,28.380,0.002,28.374,0.002,28.376,0.002,28.376,0.002,26.832,0.010,27.477,0.010,26.718,0.011,26.735,0.010,26.851,0.010,28.426,0.021,24.083,0.077,28.620,0.501
39001,14.999,0.001,55.110,0.002,55.124,0.002,54.978,0.003,55.006,0.003,28.380,0.002,28.374,0.002,28.376,0.002,28.376,0.002,26.833,0.010,27.479,0.010,26.717,0.011,26.735,0.010,26.851,0.010,28.425,0.021,24.107,0.077,28.608,0.501
40001,15.000,0.001,55.110,0.002,55.124,0.002,54.978,0.003,55.006,0.003,28.380,0.002,28.374,0.002,28.376,0.002,28.376,0.002,26.833,0.010,27.479,0.010,26.718,0.011,26.737,0.010,26.852,0.010,28.426,0.021,23.966,0.078,28.619,0.501
41001,15.000,0.001,55.112,0.002,55.124,0.002,54.980,0.003,55.008,0.003,28.380,0.002,28.374,0.002,28.376,0.002,28.376,0.002,26.834,0.010,27.477,0.010,26.719,0.011,26.736,0.010,26.852,0.010,28.425,0.020,23.966,0.080,28.641,0.502
42001,15.001,0.001,55.112,0.002,55.124,0.002,54.980,0.003,55.008,0.003,28.380,0.002,28.374,0.002,28.376,0.002,28.376,0.002,26.833,0.010,27.479,0.010,26.719,0.011,26.737,0.010,26.852,0.010,28.422,0.021,24.209,0.079,28.658,0.503
43001,15.003,0.001,55.108,0.002,55.124,0.002,54.980,0.003,55.006,0.002,28.380,0.002,28.374,0.002,28.376,0.002,28.376,0.002,26.834,0.010,27.478,0.010,26.720,0.011,26.737,0.010,26.853,0.010,28.422,0.021,24.082,0.078,28.666,0.503
44001,15.002,0.001,55.112,0.002,55.122,0.002,54.980,0.003,55.006,0.002,28.380,0.002,28.376,0.002,28.378,0.002,28.378,0.002,26.834,0.010,27.479,0.010,26.719,0.011,26.738,0.010,26.852,0.010,28.421,0.021,24.103,0.077,28.679,0.503
45001,14.999,0.001,55.112,0.002,55.122,0.002,54.980,0.003,55.006,0.002,28.380,0.002,28.376,0.002,28.376,0.002,28.376,0.002,26.833,0.010,27.480,0.010,26.719,0.011,26.738,0.010,26.853,0.010,28.421,0.021,24.024,0.077,28.692,0.502
46001,14.999,0.001,55.110,0.002,55.124,0.002,54.978,0.003,55.006,0.002,28.380,0.002,28.376,0.002,28.376,0.002,28.376,0.002,26.834,0.010,27.480,0.010,26.721,0.011,26.739,0.010,26.854,0.010,28.419,0.021,24.033,0.076,28.694,0.500
47001,14.999,0.001,55.110,0.002,55.122,0.002,54.980,0.003,55.008,0.002,28.380,0.002,28.376,0.002,28.378,0.002,28.378,0.002,26.835,0.010,27.480,0.010,26.720,0.011,26.738,0.010,26.854,0.010,28.419,0.021,24.060,0.075,28.684,0.498
48001,14.999,0.001,55.112,0.002,55.122,0.002,54.982,0.003,55.010,0.002,28.380,0.002,28.376,0.002,28.376,0.002,28.378,0.002,26.835,0.010,27.480,0.010,26.721,0.011,26.738,0.010,26.853,0.010,28.421,0.021,23.947,0.076,28.671,0.496
49001,14.999,0.001,55.114,0.002,55.124,0.002,54.978,0.003,55.006,0.002,28.380,0.002,28.376,0.002,28.378,0.002,28.378,0.002,26.835,0.010,27.481,0.010,26.721,0.011,26.738,0.010,26.854,0.010,28.419,0.021,23.872,0.080,28.625,0.494
50001,14.999,0.001,55.110,0.002,55.120,0.002,54.980,0.003,55.008,0.002,28.380,0.002,28.376,0.002,28.378,0.002,28.378,0.002,26.836,0.010,27.482,0.010,26.721,0.011,26.739,0.010,26.855,0.010,28.419,0.021,23.995,0.080,28.602,0.490
51001,15.000,0.001,55.110,0.002,55.122,0.002,54.978,0.003,55.006,0.002,28.380,0.002,28.376,0.002,28.378,0.002,28.378,0.002,26.835,0.010,27.481,0.010,26.721,0.011,26.739,0.010,26.854,0.010,28.419,0.021,23.960,0.081,28.589,0.486
52002,15.001,0.001,55.108,0.002,55.122,0.002,54.980,0.003,55.008,0.002,28.380,0.002,28.376,0.002,28.378,0.002,28.378,0.002,26.836,0.010,27.482,0.010,26.721,0.011,26.739,0.010,26.855,0.010,28.420,0.021,23.884,0.083,28.593,0.481
53002,15.000,0.001,55.112,0.002,55.122,0.002,54.982,0.003,55.008,0.002,28.380,0.002,28.376,0.002,28.378,0.002,28.378,0.002,26.835,0.010,27.483,0.010,26.722,0.011,26.739,0.010,26.855,0.010,28.421,0.021,23.955,0.084,28.566,0.476
54002,15.000,0.001,55.112,0.002,55.120,0.002,54.980,0.003,55.008,0.002,28.380,0.002,28.376,0.002,28.378,0.002,28.378,0.002,26.837,0.010,27.483,0.010,26.723,0.011,26.741,0.010,26.855,0.010,28.422,0.021,24.034,0.084,28.552,0.472
55002,15.000,0.001,55.112,0.002,55.122,0.002,54.980,0.003,55.006,0.002,28.380,0.002,28.376,0.002,28.378,0.002,28.378,0.002,26.837,0.010,27.482,0.010,26.722,0.011,26.740,0.010,26.856,0.010,28.422,0.021,24.079,0.084,28.518,0.467
56002,15.000,0.001,55.110,0.001,55.122,0.002,54.980,0.003,55.006,0.002,28.380,0.002,28.376,0.002,28.378,0.002,28.378,0.002,26.837,0.010,27.483,0.010,26.722,0.011,26.741,0.010,26.857,0.010,28.423,0.021,24.086,0.084,28.501,0.462
57002,15.000,0.001,55.110,0.001,55.122,0.002,54.978,0.003,55.006,0.002,28.380,0.002,28.376,0.002,28.378,0.002,28.378,0.002,26.837,0.010,27.483,0.010,26.724,0.011,26.741,0.010,26.857,0.010,28.422,0.021,24.084,0.084,28.512,0.458
58002,15.001,0.001,55.112,0.001,55.122,0.002,54.978,0.003,55.006,0.002,28.380,0.002,28.376,0.002,28.378,0.002,28.378,0.002,26.837,0.010,27.484,0.010,26.723,0.011,26.741,0.010,26.858,0.010,28.422,0.021,24.084,0.084,28.533,0.453
59002,15.001,0.001,55.112,0.001,55.120,0.002,54.980,0.003,55.006,0.002,28.380,0.002,28.376,0.002,28.378,0.002,28.378,0.002,26.838,0.010,27.484,0.010,26.723,0.011,26.741,0.010,26.858,0.010,28.422,0.021,23.975,0.084,28.564,0.449
60002,15.000,0.001,55.110,0.001,55.124,0.002,54.978,0.002,55.006,0.002,28.380,0.002,28.376,0.002,28.378,0.002,28.378,0.002,26.839,0.010,27.484,0.010,26.724,0.011,26.742,0.010,26.858,0.010,28.421,0.021,24.084,0.084,28.594,0.445
61002,15.000,0.001,55.110,0.001,55.122,0.001,54.978,0.002,55.006,0.002,28.380,0.002,28.376,0.002,28.378,0.002,28.378,0.002,26.839,0.010,27.484,0.010,26.724,0.011,26.742,0.010,26.857,0.010,28.421,0.021,24.079,0.084,28.629,0.441
62002,15.000,0.001,55.110,0.001,55.122,0.001,54.978,0.002,55.006,0.002,28.380,0.002,28.376,0.002,28.378,0.002,28.378,0.002,26.839,0.010,27.484,0.010,26.725,0.011,26.742,0.010,26.858,0.010,28.421,0.021,24.046,0.084,28.670,0.438
63002,15.000,0.001,55.110,0.001,55.122,0.001,54.976,0.002,55.004,0.002,28.380,0.002,28.376,0.002,28.376,0.002,28.378,0.002,26.839,0.010,27.484,0.010,26.725,0.011,26.743,0.010,26.858,0.010,28.420,0.021,24.144,0.084,28.717,0.434
64002,15.000,0.001,55.110,0.001,55.124,0.001,54.980,0.002,55.008,0.002,28.380,0.002,28.376,0.002,28.378,0.002,28.378,0.002,26.840,0.010,27.484,0.010,26.725,0.011,26.743,0.010,26.860,0.010,28.420,0.021,24.009,0.085,28.734,0.431
65002,15.001,0.001,55.108,0.001,55.122,0.001,54.980,0.002,55.006,0.002,28.380,0.002,28.376,0.002,28.378,0.002,28.378,0.002,26.840,0.010,27.484,0.010,26.726,0.011,26.743,0.010,26.858,0.010,28.420,0.021,23.963,0.086,28.723,0.427
66002,15.000,0.001,55.110,0.001,55.122,0.001,54.980,0.002,55.006,0.002,28.380,0.002,28.376,0.002,28.378,0.002,28.378,0.002,26.840,0.010,27.485,0.010,26.726,0.011,26.743,0.010,26.859,0.010,28.420,0.021,23.970,0.087,28.715,0.422
67002,15.000,0.001,55.110,0.001,55.122,0.001,54.980,0.002,55.008,0.002,28.382,0.002,28.376,0.002,28.378,0.002,28.378,0.002,26.841,0.010,27.485,0.010,26.726,0.011,26.744,0.010,26.860,0.010,28.421,0.021,23.991,0.087,28.711,0.418
68002,15.000,0.001,55.112,0.001,55.122,0.001,54.978,0.002,55.006,0.002,28.382,0.002,28.376,0.002,28.378,0.002,28.378,0.002,26.840,0.010,27.485,0.010,26.726,0.011,26.744,0.010,26.859,0.010,28.420,0.021,24.006,0.088,28.713,0.414
69002,14.999,0.001,55.112,0.001,55.122,0.001,54.980,0.002,55.008,0.002,28.382,0.002,28.376,0.002,28.378,0.002,28.378,0.002,26.841,0.010,27.485,0.010,26.728,0.011,26.745,0.010,26.860,0.010,28.421,0.021,24.013,0.088,28.711,0.410
70002,15.000,0.001,55.110,0.001,55.120,0.001,54.978,0.002,55.006,0.002,28.382,0.002,28.376,0.002,28.378,0.002,28.378,0.002,26.841,0.010,27.486,0.010,26.726,0.011,26.745,0.010,26.861,0.010,28.422,0.021,23.904,0.090,28.716,0.406
71002,15.000,0.001,55.106,0.001,55.122,0.001,54.982,0.002,55.008,0.002,28.382,0.002,28.378,0.002,28.378,0.002,28.378,0.002,26.841,0.010,27.487,0.010,26.728,0.011,26.745,0.010,26.860,0.010,28.422,0.021,23.949,0.090,28.718,0.403
72002,15.000,0.001,55.112,0.001,55.120,0.001,54.980,0.002,55.008,0.002,28.380,0.002,28.376,0.002,28.378,0.002,28.378,0.002,26.841,0.010,27.486,0.010,26.728,0.011,26.745,0.010,26.861,0.010,28.422,0.021,23.978,0.090,28.720,0.400
73002,15.000,0.001,55.108,0.002,55.122,0.001,54.980,0.002,55.008,0.002,28.382,0.002,28.376,0.002,28.378,0.002,28.378,0.002,26.843,0.010,27.486,0.010,26.728,0.011,26.745,0.010,26.861,0.010,28.423,0.021,23.899,0.092,28.728,0.397
74002,15.000,0.001,55.110,0.001,55.122,0.001,54.978,0.002,55.006,0.002,28.380,0.002,28.378,0.002,28.378,0.002,28.378,0.002,26.843,0.010,27.487,0.010,26.728,0.011,26.746,0.010,26.862,0.010,28.423,0.020,23.915,0.094,28.735,0.394
75002,15.000,0.001,55.110,0.001,55.124,0.001,54.980,0.002,55.008,0.002,28.380,0.002,28.376,0.002,28.378,0.002,28.378,0.002,26.843,0.010,27.487,0.010,26.729,0.011,26.746,0.010,26.863,0.010,28.424,0.020,23.905,0.095,28.743,0.392
76002,15.000,0.001,55.108,0.002,55.122,0.001,54.980,0.002,55.006,0.002,28.382,0.002,28.378,0.002,28.378,0.002,28.378,0.002,26.843,0.010,27.487,0.010,26.729,0.011,26.746,0.010,26.862,0.010,28.425,0.020,23.963,0.096,28.749,0.389
77002,15.000,0.001,55.112,0.002,55.120,0.001,54.980,0.002,55.008,0.002,28.382,0.002,28.378,0.002,28.378,0.002,28.378,0.002,26.843,0.010,27.489,0.010,26.729,0.011,26.746,0.010,26.862,0.010,28.426,0.020,23.967,0.097,28.750,0.387
78002,15.000,0.001,55.108,0.002,55.120,0.001,54.980,0.002,55.006,0.002,28.382,0.002,28.378,0.002,28.378,0.002,28.378,0.002,26.843,0.010,27.488,0.010,26.730,0.011,26.747,0.010,26.863,0.010,28.427,0.019,23.992,0.097,28.753,0.385
79002,15.000,0.001,55.108,0.002,55.122,0.001,54.978,0.002,55.006,0.002,28.382,0.002,28.378,0.002,28.378,0.002,28.378,0.002,26.844,0.010,27.488,0.010,26.730,0.011,26.747,0.010,26.863,0.010,28.427,0.019,24.014,0.096,28.751,0.383
80002,15.000,0.001,55.108,0.002,55.122,0.001,54.978,0.002,55.006,0.002,28.380,0.002,28.378,0.002,28.378,0.002,28.378,0.002,26.844,0.010,27.487,0.010,26.730,0.011,26.748,0.010,26.863,0.010,28.428,0.019,23.988,0.092,28.749,0.381
81003,15.000,0.001,55.110,0.002,55.122,0.001,54.978,0.002,55.006,0.002,28.382,0.002,28.378,0.002,28.378,0.002,28.378,0.002,26.845,0.010,27.487,0.010,26.730,0.011,26.747,0.010,26.865,0.010,28.429,0.018,24.014,0.092,28.749,0.380
82003,15.000,0.001,55.112,0.002,55.118,0.001,54.978,0.002,55.006,0.002,28.382,0.002,28.378,0.002,28.378,0.002,28.378,0.002,26.845,0.010,27.489,0.010,26.731,0.011,26.747,0.010,26.864,0.010,28.430,0.018,24.007,0.092,28.746,0.378
83003,15.000,0.001,55.110,0.002,55.122,0.001,54.980,0.002,55.006,0.002,28.382,0.002,28.378,0.002,28.378,0.002,28.378,0.002,26.845,0.010,27.489,0.010,26.730,0.011,26.748,0.010,26.864,0.010,28.430,0.018,23.992,0.093,28.743,0.377
84003,15.000,0.001,55.108,0.002,55.122,0.001,54.978,0.002,55.004,0.002,28.382,0.002,28.378,0.002,28.378,0.002,28.378,0.002,26.846,0.010,27.489,0.010,26.731,0.011,26.749,0.010,26.865,0.010,28.431,0.017,23.995,0.093,28.744,0.377
85003,15.000,0.001,55.110,0.002,55.120,0.001,54.980,0.002,55.006,0.002,28.382,0.002,28.378,0.002,28.378,0.002,28.378,0.002,26.846,0.010,27.488,0.010,26.731,0.011,26.749,0.010,26.864,0.010,28.432,0.017,24.003,0.093,28.738,0.377
86003,15.000,0.001,55.110,0.002,55.120,0.001,54.978,0.002,55.006,0.002,28.382,0.002,28.378,0.002,28.378,0.002,28.378,0.002,26.847,0.010,27.490,0.010,26.731,0.011,26.748,0.010,26.865,0.010,28.433,0.016,23.987,0.094,28.734,0.378
87003,15.001,0.001,55.108,0.002,55.122,0.001,54.980,0.002,55.006,0.002,28.382,0.002,28.378,0.002,28.380,0.002,28.380,0.002,26.846,0.010,27.490,0.010,26.732,0.011,26.750,0.010,26.865,0.010,28.433,0.016,23.987,0.094,28.733,0.379
88003,15.000,0.001,55.110,0.002,55.120,0.001,54.978,0.002,55.004,0.002,28.382,0.002,28.378,0.002,28.378,0.002,28.378,0.002,26.848,0.010,27.490,0.010,26.732,0.010,26.750,0.010,26.865,0.010,28.434,0.016,24.001,0.094,28.726,0.379
89003,15.001,0.001,55.110,0.002,55.124,0.001,54.978,0.002,55.006,0.002,28.382,0.002,28.378,0.002,28.380,0.002,28.380,0.002,26.848,0.010,27.490,0.010,26.732,0.010,26.750,0.010,26.865,0.010,28.434,0.016,24.001,0.094,28.726,0.379
90003,15.000,0.001,55.110,0.002,55.118,0.001,54.978,0.002,55.006,0.002,28.382,0.002,28.378,0.002,28.380,0.002,28.380,0.002,26.846,0.010,27.491,0.010,26.733,0.010,26.750,0.010,26.866,0.010,28.434,0.015,23.961,0.095,28.717,0.380
91003,15.000,0.001,55.108,0.002,55.124,0.001,54.978,0.002,55.006,0.002,28.382,0.002,28.378,0.002,28.380,0.002,28.380,0.002,26.847,0.010,27.489,0.010,26.732,0.010,26.751,0.010,26.867,0.010,28.436,0.015,23.978,0.095,28.712,0.380
92003,15.000,0.001,55.108,0.002,55.120,0.001,54.980,0.002,55.008,0.002,28.382,0.002,28.378,0.002,28.380,0.002,28.380,0.002,26.847,0.010,27.490,0.010,26.734,0.010,26.750,0.010,26.866,0.010,28.436,0.014,23.983,0.095,28.709,0.381
93003,15.000,0.001,55.108,0.002,55.122,0.001,54.980,0.002,55.008,0.002,28.382,0.002,28.378,0.002,28.378,0.002,28.378,0.002,26.848,0.010,27.491,0.010,26.734,0.010,26.751,0.010,26.867,0.010,28.436,0.014,23.962,0.096,28.713,0.381
94003,14.999,0.001,55.110,0.002,55.124,0.001,54.978,0.002,55.006,0.001,28.382,0.002,28.378,0.002,28.380,0.002,28.380,0.002,26.849,0.010,27.489,0.010,26.735,0.010,26.751,0.010,26.867,0.010,28.437,0.014,23.961,0.096,28.716,0.381
95003,14.999,0.001,55.112,0.002,55.120,0.001,54.980,0.002,55.008,0.001,28.382,0.002,28.378,0.002,28.380,0.002,28.380,0.002,26.849,0.010,27.491,0.009,26.734,0.011,26.751,0.010,26.868,0.010,28.439,0.013,23.982,0.096,28.701,0.380
96003,15.000,0.001,55.108,0.002,55.122,0.001,54.980,0.002,55.006,0.001,28.382,0.002,28.378,0.002,28.380,0.002,28.380,0.002,26.848,0.010,27.491,0.009,26.735,0.011,26.752,0.010,26.868,0.010,28.443,0.013,24.033,0.095,28.681,0.379
97003,15.000,0.001,55.108,0.002,55.120,0.001,54.976,0.002,55.004,0.001,28.382,0.002,28.378,0.002,28.380,0.002,28.380,0.002,26.849,0.010,27.491,0.009,26.734,0.010,26.752,0.010,26.867,0.010,28.449,0.013,23.896,0.095,28.662,0.376
98003,15.001,0.001,55.108,0.002,55.120,0.001,54.980,0.002,55.006,0.001,28.382,0.002,28.378,0.002,28.380,0.002,28.380,0.002,26.848,0.010,27.491,0.009,26.736,0.011,26.752,0.010,26.869,0.010,28.451,0.012,23.962,0.094,28.623,0.372
99003,15.000,0.001,55.108,0.002,55.116,0.002,54.980,0.002,55.006,0.001,28.382,0.002,28.378,0.002,28.380,0.002,28.380,0.002,26.850,0.010,27.491,0.009,26.735,0.011,26.752,0.010,26.869,0.010,28.453,0.012,24.087,0.094,28.604,0.367
100003,15.000,0.001,55.110,0.002,55.120,0.002,54.976,0.002,55.004,0.001,28.384,0.002,28.380,0.002,28.380,0.002,28.380,0.002,26.850,0.010,27.490,0.009,26.736,0.010,26.753,0.010,26.868,0.010,28.454,0.012,24.032,0.093,28.580,0.361
101003,15.000,0.001,55.112,0.002,55.120,0.002,54.980,0.002,55.008,0.001,28.384,0.002,28.378,0.002,28.380,0.002,28.380,0.002,26.851,0.010,27.491,0.009,26.736,0.010,26.753,0.010,26.869,0.010,28.455,0.012,23.993,0.093,28.577,0.355
102003,15.000,0.001,55.108,0.002,55.118,0.002,54.980,0.002,55.006,0.001,28.382,0.002,28.378,0.002,28.380,0.002,28.380,0.002,26.850,0.010,27.492,0.009,26.736,0.010,26.753,0.010,26.868,0.010,28.456,0.012,23.995,0.093,28.560,0.348
103003,15.000,0.001,55.108,0.002,55.120,0.002,54.978,0.002,55.004,0.001,28.384,0.002,28.378,0.002,28.380,0.002,28.380,0.002,26.851,0.010,27.491,0.009,26.737,0.010,26.754,0.010,26.870,0.010,28.455,0.012,23.948,0.093,28.522,0.342
104003,15.000,0.001,55.106,0.002,55.120,0.002,54.980,0.002,55.008,0.001,28.382,0.002,28.380,0.002,28.380,0.002,28.380,0.002,26.851,0.010,27.491,0.009,26.737,0.010,26.754,0.010,26.869,0.010,28.454,0.012,24.000,0.093,28.510,0.335
105003,15.000,0.001,55.108,0.002,55.120,0.002,54.978,0.002,55.006,0.001,28.384,0.002,28.378,0.002,28.380,0.002,28.380,0.002,26.851,0.010,27.492,0.009,26.736,0.010,26.754,0.010,26.870,0.010,28.456,0.012,24.001,0.093,28.496,0.327
106003,15.000,0.001,55.108,0.002,55.118,0.002,54.976,0.002,55.004,0.001,28.382,0.002,28.380,0.002,28.380,0.002,28.380,0.002,26.852,0.010,27.493,0.009,26.738,0.010,26.754,0.010,26.871,0.010,28.455,0.012,23.984,0.093,28.481,0.319
107003,15.000,0.001,55.108,0.002,55.120,0.002,54.980,0.002,55.006,0.001,28.384,0.002,28.380,0.002,28.380,0.002,28.380,0.002,26.852,0.010,27.493,0.009,26.738,0.010,26.756,0.010,26.871,0.010,28.455,0.012,24.014,0.093,28.482,0.311
108003,15.000,0.001,55.106,0.002,55.120,0.002,54.978,0.002,55.006,0.001,28.384,0.002,28.380,0.002,28.380,0.002,28.380,0.002,26.851,0.010,27.493,0.009,26.738,0.010,26.755,0.010,26.871,0.010,28.457,0.012,24.055,0.093,28.489,0.302
109003,15.000,0.001,55.106,0.002,55.122,0.002,54.978,0.002,55.006,0.001,28.384,0.002,28.378,0.002,28.380,0.002,28.380,0.002,26.854,0.010,27.493,0.009,26.738,0.010,26.755,0.010,26.871,0.010,28.456,0.012,24.073,0.092,28.495,0.293
110003,15.000,0.001,55.108,0.002,55.118,0.002,54.980,0.002,55.006,0.001,28.384,0.002,28.378,0.002,28.380,0.002,28.380,0.002,26.852,0.010,27.494,0.009,26.739,0.010,26.756,0.010,26.872,0.010,28.457,0.012,24.073,0.092,28.486,0.285
111004,15.000,0.001,55.106,0.002,55.120,0.002,54.980,0.002,55.008,0.001,28.384,0.002,28.380,0.002,28.382,0.002,28.382,0.002,26.853,0.010,27.493,0.009,26.738,0.010,26.756,0.010,26.873,0.010,28.457,0.012,24.099,0.092,28.478,0.276
112004,15.000,0.001,55.106,0.002,55.120,0.002,54.980,0.002,55.006,0.001,28.384,0.002,28.378,0.002,28.380,0.002,28.380,0.002,26.853,0.010,27.493,0.009,26.739,0.010,26.757,0.010,26.873,0.010,28.458,0.012,24.100,0.092,28.479,0.268
113004,15.000,0.001,55.108,0.002,55.122,0.002,54.978,0.001,55.006,0.001,28.384,0.002,28.380,0.002,28.380,0.002,28.380,0.002,26.854,0.010,27.493,0.009,26.740,0.010,26.757,0.010,26.873,0.010,28.459,0.012,24.074,0.092,28.490,0.259
114004,15.000,0.001,55.108,0.002,55.122,0.002,54.978,0.001,55.006,0.001,28.384,0.002,28.380,0.002,28.380,0.002,28.380,0.002,26.854,0.010,27.493,0.009,26.739,0.010,26.756,0.010,26.872,0.010,28.461,0.012,24.129,0.087,28.501,0.249
115004,15.001,0.001,55.106,0.002,55.120,0.002,54.980,0.001,55.006,0.001,28.384,0.002,28.380,0.002,28.380,0.002,28.380,0.002,26.855,0.010,27.493,0.009,26.740,0.010,26.757,0.010,26.872,0.010,28.462,0.013,24.150,0.085,28.503,0.239
116004,15.000,0.001,55.108,0.002,55.118,0.002,54.980,0.001,55.006,0.001,28.384,0.002,28.380,0.002,28.380,0.002,28.382,0.002,26.854,0.010,27.494,0.009,26.740,0.010,26.758,0.010,26.873,0.010,28.462,0.013,24.091,0.085,28.467,0.230
117004,15.000,0.001,55.106,0.002,55.116,0.002,54.978,0.001,55.004,0.001,28.384,0.002,28.380,0.002,28.382,0.002,28.382,0.002,26.855,0.010,27.495,0.009,26.740,0.010,26.758,0.010,26.874,0.010,28.463,0.013,24.118,0.085,28.416,0.222
118004,15.000,0.001,55.106,0.002,55.118,0.002,54.978,0.001,55.004,0.001,28.384,0.002,28.380,0.002,28.382,0.002,28.382,0.002,26.856,0.010,27.494,0.009,26.740,0.010,26.758,0.010,26.874,0.010,28.464,0.013,24.149,0.085,28.381,0.217
119004,15.000,0.001,55.106,0.002,55.118,0.002,54.980,0.001,55.008,0.001,28.384,0.002,28.380,0.002,28.382,0.002,28.382,0.002,26.854,0.010,27.494,0.008,26.741,0.010,26.758,0.010,26.875,0.010,28.464,0.014,24.089,0.084,28.326,0.213
120004,14.999,0.001,55.106,0.002,55.120,0.002,54.980,0.001,55.006,0.001,28.384,0.002,28.380,0.002,28.382,0.002,28.382,0.002,26.855,0.010,27.494,0.008,26.741,0.010,26.759,0.010,26.875,0.010,28.466,0.014,24.106,0.083,28.269,0.211
121004,15.000,0.001,55.108,0.002,55.120,0.002,54.976,0.001,55.004,0.001,28.384,0.002,28.380,0.002,28.382,0.002,28.382,0.002,26.855,0.010,27.494,0.008,26.742,0.010,26.759,0.010,26.875,0.010,28.466,0.014,24.059,0.083,28.220,0.213
122004,14.999,0.001,55.108,0.002,55.122,0.002,54.978,0.001,55.006,0.001,28.384,0.002,28.380,0.002,28.382,0.002,28.382,0.002,26.856,0.010,27.494,0.008,26.742,0.010,26.760,0.010,26.875,0.010,28.465,0.015,24.074,0.080,28.164,0.218
123004,15.001,0.001,55.108,0.002,55.120,0.002,54.978,0.001,55.006,0.001,28.384,0.002,28.380,0.002,28.382,0.002,28.382,0.002,26.856,0.010,27.495,0.008,26.742,0.010,26.760,0.010,26.875,0.010,28.466,0.015,24.255,0.080,28.102,0.228
124004,15.001,0.001,55.106,0.002,55.118,0.002,54.978,0.001,55.006,0.001,28.384,0.002,28.380,0.002,28.380,0.002,28.380,0.002,26.856,0.010,27.495,0.008,26.742,0.010,26.760,0.010,26.876,0.010,28.465,0.015,24.061,0.080,28.088,0.240
125004,15.001,0.001,55.106,0.002,55.118,0.002,54.978,0.001,55.004,0.001,28.386,0.002,28.380,0.002,28.382,0.002,28.382,0.002,26.858,0.010,27.494,0.008,26.743,0.010,26.761,0.010,26.877,0.010,28.464,0.016,24.057,0.079,28.054,0.254
126004,15.000,0.001,55.108,0.002,55.120,0.002,54.978,0.001,55.004,0.001,28.384,0.002,28.380,0.002,28.382,0.002,28.382,0.002,26.857,0.010,27.495,0.008,26.743,0.010,26.760,0.010,26.877,0.010,28.463,0.016,24.069,0.078,28.012,0.270
127004,14.999,0.001,55.108,0.002,55.118,0.002,54.978,0.001,55.004,0.001,28.384,0.002,28.380,0.002,28.382,0.002,28.382,0.002,26.857,0.010,27.495,0.008,26.743,0.010,26.761,0.010,26.877,0.010,28.463,0.016,23.991,0.078,27.974,0.286
128004,14.999,0.001,55.108,0.002,55.118,0.002,54.978,0.001,55.006,0.001,28.384,0.002,28.380,0.002,28.382,0.002,28.382,0.002,26.858,0.010,27.495,0.008,26.744,0.010,26.761,0.010,26.877,0.010,28.463,0.016,24.080,0.078,27.937,0.303
129004,14.999,0.001,55.106,0.002,55.118,0.002,54.978,0.001,55.006,0.001,28.384,0.002,28.380,0.002,28.382,0.002,28.382,0.002,26.858,0.010,27.496,0.008,26.745,0.010,26.762,0.010,26.877,0.010,28.461,0.016,24.087,0.077,27.916,0.319
130004,15.000,0.001,55.108,0.002,55.118,0.002,54.976,0.001,55.004,0.001,28.384,0.002,28.380,0.002,28.382,0.002,28.382,0.002,26.858,0.010,27.496,0.008,26.744,0.010,26.761,0.010,26.877,0.010,28.463,0.017,24.063,0.077,27.919,0.333
131004,15.000,0.001,55.106,0.002,55.120,0.002,54.976,0.001,55.004,0.001,28.386,0.002,28.380,0.002,28.382,0.002,28.382,0.002,26.859,0.010,27.494,0.008,26.744,0.010,26.762,0.010,26.878,0.010,28.462,0.017,23.954,0.076,27.937,0.346
132004,15.003,0.001,55.106,0.002,55.118,0.002,54.976,0.001,55.004,0.001,28.386,0.002,28.382,0.002,28.382,0.002,28.382,0.002,26.858,0.010,27.496,0.008,26.745,0.010,26.762,0.010,26.878,0.010,28.461,0.017,24.245,0.078,27.959,0.356
133004,15.001,0.001,55.106,0.002,55.116,0.002,54.976,0.002,55.002,0.001,28.384,0.002,28.380,0.002,28.382,0.002,28.382,0.002,26.860,0.010,27.496,0.008,26.745,0.010,26.762,0.010,26.878,0.010,28.461,0.017,24.211,0.079,27.997,0.365
134004,15.001,0.001,55.108,0.002,55.120,0.002,54.978,0.002,55.006,0.001,28.384,0.002,28.382,0.002,28.382,0.002,28.382,0.002,26.860,0.010,27.497,0.007,26.745,0.010,26.762,0.010,26.878,0.010,28.461,0.017,24.108,0.079,28.041,0.371
135004,15.000,0.001,55.108,0.002,55.118,0.002,54.976,0.002,55.004,0.001,28.386,0.002,28.380,0.002,28.382,0.002,28.382,0.002,26.860,0.010,27.496,0.007,26.745,0.010,26.763,0.010,26.878,0.010,28.462,0.017,24.164,0.079,28.066,0.377
136004,14.999,0.001,55.108,0.002,55.118,0.002,54.980,0.001,55.006,0.001,28.386,0.002,28.382,0.002,28.382,0.002,28.382,0.002,26.860,0.010,27.496,0.007,26.746,0.010,26.763,0.010,26.879,0.010,28.463,0.017,24.103,0.079,28.085,0.382
137004,14.999,0.001,55.108,0.002,55.118,0.002,54.976,0.002,55.004,0.001,28.384,0.002,28.380,0.002,28.382,0.002,28.382,0.002,26.861,0.010,27.496,0.007,26.747,0.010,26.764,0.010,26.880,0.010,28.462,0.017,24.098,0.079,28.102,0.386
138004,15.000,0.001,55.108,0.002,55.116,0.002,54.978,0.002,55.004,0.001,28.386,0.002,28.380,0.002,28.382,0.002,28.382,0.002,26.861,0.010,27.496,0.007,26.746,0.010,26.764,0.010,26.880,0.010,28.464,0.017,24.069,0.079,28.107,0.389
139004,15.000,0.001,55.110,0.002,55.118,0.002,54.978,0.001,55.004,0.001,28.386,0.002,28.382,0.002,28.382,0.002,28.382,0.002,26.860,0.010,27.497,0.007,26.747,0.010,26.763,0.010,26.880,0.010,28.464,0.017,24.121,0.079,28.108,0.392
140004,15.000,0.001,55.106,0.002,55.118,0.002,54.978,0.001,55.006,0.001,28.386,0.002,28.380,0.002,28.382,0.002,28.382,0.002,26.861,0.010,27.497,0.007,26.747,0.010,26.765,0.010,26.881,0.010,28.464,0.018,24.019,0.079,28.104,0.395
141005,15.000,0.001,55.106,0.002,55.120,0.002,54.980,0.001,55.006,0.001,28.386,0.002,28.382,0.002,28.382,0.002,28.382,0.002,26.861,0.010,27.496,0.007,26.747,0.010,26.764,0.010,26.880,0.010,28.465,0.018,24.055,0.078,28.069,0.399
142005,15.000,0.001,55.106,0.002,55.120,0.002,54.976,0.001,55.004,0.001,28.386,0.002,28.380,0.002,28.382,0.002,28.382,0.002,26.863,0.010,27.498,0.007,26.748,0.010,26.764,0.010,26.881,0.010,28.465,0.018,24.140,0.078,27.990,0.404
143005,15.000,0.001,55.106,0.002,55.118,0.002,54.978,0.001,55.004,0.001,28.386,0.002,28.382,0.002,28.382,0.002,28.382,0.002,26.862,0.010,27.496,0.007,26.748,0.010,26.765,0.010,26.881,0.010,28.465,0.018,24.116,0.078,27.899,0.412
144005,15.000,0.001,55.104,0.002,55.116,0.002,54.976,0.001,55.002,0.001,28.386,0.002,28.382,0.002,28.382,0.002,28.382,0.002,26.861,0.010,27.497,0.007,26.748,0.010,26.766,0.010,26.882,0.010,28.468,0.018,23.950,0.078,27.829,0.422
145005,15.002,0.001,55.106,0.002,55.118,0.002,54.976,0.002,55.004,0.001,28.386,0.002,28.382,0.002,28.384,0.002,28.384,0.002,26.862,0.010,27.498,0.007,26.749,0.010,26.766,0.010,26.882,0.010,28.467,0.018,24.253,0.080,27.789,0.433
146005,15.002,0.001,55.106,0.002,55.118,0.002,54.978,0.001,55.004,0.001,28.386,0.002,28.382,0.002,28.382,0.002,28.382,0.002,26.863,0.010,27.498,0.007,26.749,0.010,26.766,0.010,26.882,0.010,28.468,0.018,24.193,0.081,27.791,0.443
147005,15.000,0.001,55.108,0.002,55.116,0.002,54.978,0.001,55.006,0.001,28.386,0.002,28.382,0.002,28.382,0.002,28.382,0.002,26.863,0.010,27.498,0.007,26.749,0.010,26.766,0.010,26.882,0.010,28.470,0.018,24.132,0.081,27.805,0.452
148005,15.000,0.001,55.106,0.002,55.120,0.002,54.978,0.001,55.006,0.001,28.386,0.002,28.382,0.002,28.384,0.002,28.384,0.002,26.863,0.010,27.498,0.007,26.749,0.010,26.766,0.010,26.882,0.010,28.468,0.018,24.028,0.080,27.863,0.458
149005,15.000,0.001,55.104,0.002,55.118,0.002,54.980,0.001,55.006,0.001,28.384,0.002,28.382,0.002,28.382,0.002,28.382,0.002,26.863,0.010,27.498,0.007,26.750,0.010,26.767,0.010,26.882,0.010,28.468,0.019,24.004,0.080,27.933,0.463
150005,15.000,0.001,55.108,0.002,55.116,0.002,54.978,0.001,55.004,0.001,28.386,0.002,28.382,0.002,28.382,0.002,28.384,0.002,26.864,0.010,27.499,0.007,26.750,0.010,26.767,0.010,26.884,0.010,28.467,0.019,24.049,0.080,27.997,0.466
151005,15.000,0.001,55.106,0.002,55.118,0.002,54.978,0.001,55.004,0.001,28.386,0.002,28.382,0.002,28.384,0.002,28.384,0.002,26.864,0.010,27.498,0.006,26.750,0.010,26.768,0.010,26.883,0.010,28.466,0.019,23.956,0.080,28.041,0.469
152005,15.000,0.001,55.106,0.002,55.118,0.002,54.980,0.001,55.006,0.001,28.386,0.002,28.382,0.002,28.382,0.002,28.384,0.002,26.865,0.010,27.499,0.006,26.750,0.010,26.768,0.010,26.885,0.010,28.466,0.019,24.001,0.079,28.038,0.472
153005,15.000,0.001,55.106,0.002,55.116,0.002,54.978,0.001,55.004,0.001,28.386,0.002,28.382,0.002,28.382,0.002,28.382,0.002,26.865,0.010,27.499,0.006,26.750,0.010,26.768,0.010,26.884,0.010,28.463,0.019,24.079,0.079,28.006,0.475
154005,15.000,0.001,55.104,0.002,55.118,0.002,54.976,0.002,55.004,0.001,28.386,0.002,28.382,0.002,28.384,0.002,28.384,0.002,26.867,0.010,27.500,0.006,26.751,0.010,26.768,0.010,26.884,0.010,28.458,0.019,24.177,0.080,27.951,0.479
155005,15.001,0.001,55.104,0.002,55.116,0.002,54.978,0.001,55.004,0.001,28.386,0.002,28.382,0.002,28.384,0.002,28.384,0.002,26.865,0.010,27.500,0.006,26.751,0.010,26.767,0.010,26.884,0.010,28.454,0.019,24.042,0.080,27.896,0.484
156005,15.001,0.001,55.106,0.002,55.118,0.002,54.976,0.001,55.002,0.002,28.386,0.002,28.382,0.002,28.384,0.002,28.384,0.002,26.865,0.010,27.499,0.006,26.752,0.010,26.769,0.010,26.884,0.010,28.450,0.019,24.071,0.079,27.868,0.490
157005,15.002,0.001,55.106,0.002,55.118,0.002,54.974,0.002,55.002,0.002,28.386,0.002,28.382,0.002,28.384,0.002,28.384,0.002,26.865,0.010,27.499,0.006,26.751,0.010,26.769,0.010,26.885,0.010,28.449,0.019,24.197,0.079,27.864,0.496
158005,15.002,0.001,55.104,0.002,55.118,0.002,54.978,0.002,55.004,0.002,28.386,0.002,28.382,0.002,28.384,0.002,28.384,0.002,26.866,0.010,27.500,0.006,26.752,0.010,26.769,0.010,26.885,0.010,28.446,0.019,24.108,0.079,27.858,0.501
159005,15.001,0.001,55.106,0.002,55.116,0.002,54.976,0.002,55.004,0.002,28.386,0.002,28.382,0.002,28.384,0.002,28.384,0.002,26.867,0.010,27.501,0.006,26.753,0.010,26.770,0.010,26.885,0.010,28.446,0.019,24.046,0.079,27.869,0.507
160005,14.999,0.001,55.104,0.002,55.116,0.002,54.978,0.002,55.004,0.002,28.386,0.002,28.382,0.002,28.384,0.002,28.384,0.002,26.867,0.010,27.500,0.006,26.753,0.010,26.770,0.010,26.885,0.010,28.444,0.018,24.041,0.079,27.874,0.512
161005,14.999,0.001,55.106,0.002,55.120,0.002,54.976,0.002,55.004,0.002,28.386,0.002,28.382,0.002,28.384,0.002,28.384,0.002,26.867,0.010,27.500,0.006,26.753,0.010,26.770,0.010,26.885,0.010,28.444,0.018,24.041,0.079,27.874,0.512
162005,14.999,0.001,55.104,0.002,55.114,0.002,54.976,0.002,55.004,0.002,28.386,0.002,28.382,0.002,28.384,0.002,28.384,0.002,26.867,0.010,27.501,0.006,26.754,0.010,26.770,0.010,26.886,0.010,28.441,0.018,23.985,0.079,27.868,0.517
163005,15.000,0.001,55.104,0.002,55.118,0.002,54.976,0.002,55.002,0.002,28.386,0.002,28.382,0.002,28.384,0.002,28.384,0.002,26.867,0.010,27.501,0.006,26.753,0.010,26.770,0.010,26.886,0.010,28.438,0.018,23.935,0.079,27.870,0.521
164005,14.999,0.001,55.104,0.002,55.118,0.002,54.976,0.002,55.002,0.002,28.386,0.002,28.382,0.002,28.384,0.002,28.384,0.002,26.868,0.010,27.500,0.006,26.754,0.010,26.770,0.010,26.887,0.010,28.434,0.018,23.967,0.078,27.881,0.525
165005,15.001,0.001,55.104,0.002,55.116,0.002,54.976,0.002,55.002,0.002,28.386,0.002,28.382,0.002,28.384,0.002,28.384,0.002,26.869,0.010,27.501,0.006,26.754,0.010,26.771,0.010,26.887,0.010,28.431,0.018,24.246,0.080,27.890,0.528
166005,15.004,0.001,55.104,0.002,55.118,0.002,54.976,0.002,55.004,0.002,28.386,0.002,28.382,0.002,28.384,0.002,28.384,0.002,26.868,0.010,27.501,0.006,26.753,0.010,26.771,0.010,26.887,0.010,28.427,0.018,24.303,0.083,27.914,0.531
167005,15.001,0.001,55.104,0.002,55.116,0.002,54.976,0.002,55.002,0.002,28.386,0.002,28.382,0.002,28.384,0.002,28.384,0.002,26.868,0.010,27.502,0.006,26.754,0.010,26.771,0.010,26.887,0.010,28.422,0.018,24.122,0.084,27.960,0.532
168005,15.000,0.001,55.104,0.002,55.116,0.002,54.976,0.002,55.004,0.002,28.386,0.002,28.382,0.002,28.384,0.002,28.384,0.002,26.870,0.010,27.502,0.006,26.755,0.010,26.771,0.010,26.888,0.010,28.418,0.018,24.277,0.086,28.056,0.532
169005,14.999,0.001,55.104,0.002,55.118,0.002,54.978,0.002,55.004,0.002,28.386,0.002,28.382,0.002,28.384,0.002,28.384,0.002,26.869,0.010,27.502,0.006,26.755,0.010,26.772,0.010,26.887,0.010,28.417,0.018,24.081,0.086,28.206,0.530
170006,14.999,0.001,55.104,0.002,55.116,0.002,54.978,0.002,55.004,0.002,28.386,0.002,28.384,0.002,28.384,0.002,28.384,0.002,26.870,0.010,27.501,0.006,26.756,0.010,26.772,0.010,26.888,0.010,28.412,0.018,24.161,0.087,28.281,0.529
171006,14.999,0.001,55.106,0.002,55.114,0.002,54.976,0.002,55.002,0.002,28.388,0.002,28.382,0.002,28.384,0.002,28.384,0.002,26.870,0.010,27.502,0.006,26.756,0.010,26.773,0.010,26.888,0.010,28.410,0.018,24.055,0.085,28.311,0.527
172006,15.000,0.001,55.106,0.002,55.116,0.002,54.976,0.002,55.002,0.002,28.386,0.002,28.384,0.002,28.384,0.002,28.384,0.002,26.868,0.010,27.503,0.006,26.756,0.010,26.773,0.010,26.888,0.010,28.408,0.019,24.108,0.085,28.335,0.526
173006,15.000,0.001,55.104,0.002,55.116,0.002,54.976,0.002,55.002,0.002,28.388,0.002,28.382,0.002,28.384,0.002,28.384,0.002,26.869,0.010,27.502,0.006,26.757,0.010,26.774,0.010,26.889,0.010,28.407,0.019,24.110,0.085,28.360,0.525
174006,15.000,0.001,55.104,0.002,55.116,0.002,54.974,0.002,55.002,0.002,28.386,0.002,28.382,0.002,28.384,0.002,28.384,0.002,26.870,0.010,27.504,0.006,26.757,0.010,26.773,0.010,26.890,0.010,28.405,0.019,24.160,0.084,28.396,0.524
175006,15.000,0.001,55.104,0.002,55.118,0.002,54.976,0.002,55.002,0.002,28.388,0.002,28.384,0.002,28.384,0.002,28.384,0.002,26.871,0.010,27.503,0.006,26.757,0.010,26.773,0.010,26.890,0.010,28.406,0.019,24.071,0.084,28.420,0.523
176006,15.002,0.001,55.104,0.002,55.114,0.002,54.974,0.002,55.000,0.002,28.388,0.002,28.384,0.002,28.384,0.002,28.386,0.002,26.871,0.010,27.504,0.006,26.757,0.010,26.774,0.010,26.890,0.010,28.406,0.019,23.978,0.084,28.433,0.522
177006,14.999,0.001,55.104,0.002,55.116,0.002,54.976,0.002,55.002,0.002,28.388,0.002,28.384,0.002,28.386,0.002,28.386,0.002,26.871,0.010,27.505,0.006,26.757,0.010,26.774,0.010,26.891,0.010,28.407,0.019,24.056,0.084,28.443,0.522
178006,14.999,0.001,55.104,0.002,55.116,0.002,54.976,0.002,55.002,0.002,28.388,0.002,28.384,0.002,28.384,0.002,28.386,0.002,26.872,0.010,27.505,0.006,26.758,0.010,26.775,0.010,26.890,0.010,28.407,0.020,24.044,0.084,28.452,0.522
179006,15.000,0.001,55.104,0.002,55.114,0.002,54.976,0.002,55.002,0.002,28.388,0.002,28.384,0.002,28.384,0.002,28.384,0.002,26.872,0.010,27.504,0.006,26.759,0.010,26.775,0.010,26.892,0.010,28.406,0.020,23.950,0.084,28.451,0.521
180006,15.001,0.001,55.104,0.002,55.116,0.002,54.976,0.002,55.002,0.002,28.388,0.002,28.384,0.002,28.384,0.002,28.384,0.002,26.871,0.010,27.504,0.006,26.758,0.010,26.776,0.010,26.891,0.010,28.407,0.020,24.487,0.093,28.449,0.521
181006,15.002,0.001,55.104,0.002,55.114,0.002,54.976,0.002,55.002,0.002,28.388,0.002,28.384,0.002,28.384,0.002,28.386,0.002,26.872,0.010,27.505,0.006,26.759,0.010,26.774,0.010,26.892,0.010,28.408,0.020,24.224,0.094,28.431,0.520
182006,15.002,0.001,55.102,0.002,55.116,0.002,54.976,0.002,55.002,0.002,28.388,0.002,28.384,0.002,28.386,0.002,28.386,0.002,26.873,0.010,27.505,0.006,26.759,0.010,26.776,0.010,26.892,0.010,28.407,0.020,24.245,0.096,28.413,0.519
183006,15.000,0.001,55.106,0.002,55.116,0.002,54.974,0.002,55.002,0.002,28.388,0.002,28.384,0.002,28.386,0.002,28.386,0.002,26.872,0.010,27.506,0.006,26.759,0.010,26.775,0.010,26.893,0.010,28.407,0.021,24.263,0.098,28.400,0.517
184006,15.000,0.001,55.104,0.002,55.116,0.002,54.976,0.002,55.002,0.002,28.388,0.002,28.384,0.002,28.384,0.002,28.386,0.002,26.873,0.010,27.506,0.006,26.758,0.010,26.776,0.010,26.891,0.010,28.407,0.021,24.305,0.100,28.384,0.515
185006,15.000,0.001,55.102,0.002,55.116,0.002,54.974,0.002,55.000,0.002,28.388,0.002,28.384,0.002,28.386,0.002,28.386,0.002,26.873,0.010,27.506,0.006,26.760,0.010,26.776,0.010,26.892,0.010,28.408,0.021,24.269,0.102,28.358,0.512
186006,15.000,0.001,55.102,0.002,55.116,0.002,54.974,0.002,55.000,0.002,28.388,0.002,28.384,0.002,28.386,0.002,28.386,0.002,26.873,0.010,27.506,0.006,26.760,0.010,26.777,0.010,26.893,0.010,28.408,0.021,24.324,0.104,28.305,0.509
187006,15.000,0.001,55.104,0.002,55.118,0.002,54.976,0.002,55.004,0.002,28.388,0.002,28.384,0.002,28.386,0.002,28.386,0.002,26.874,0.010,27.505,0.006,26.760,0.010,26.776,0.010,26.893,0.010,28.407,0.021,24.417,0.109,28.238,0.506
188006,15.000,0.001,55.102,0.002,55.116,0.002,54.976,0.002,55.002,0.002,28.388,0.002,28.384,0.002,28.384,0.002,28.386,0.002,26.874,0.010,27.505,0.006,26.761,0.010,26.777,0.010,26.894,0.010,28.409,0.021,24.473,0.114,28.194,0.503
189006,15.000,0.001,55.102,0.002,55.116,0.002,54.976,0.002,55.002,0.002,28.388,0.002,28.384,0.002,28.386,0.002,28.386,0.002,26.875,0.010,27.507,0.006,26.761,0.010,26.778,0.010,26.893,0.010,28.409,0.021,24.333,0.116,28.166,0.500
190006,15.000,0.001,55.104,0.002,55.112,0.002,54.974,0.002,55.002,0.002,28.388,0.002,28.384,0.002,28.386,0.002,28.386,0.002,26.875,0.010,27.507,0.006,26.761,0.010,26.777,0.010,26.894,0.010,28.409,0.021,24.393,0.120,28.120,0.498
191006,15.000,0.001,55.106,0.002,55.114,0.002,54.974,0.002,55.000,0.002,28.388,0.002,28.384,0.002,28.386,0.002,28.386,0.002,26.875,0.010,27.507,0.006,26.763,0.010,26.779,0.010,26.894,0.010,28.410,0.022,23.722,0.124,28.084,0.496
192006,15.000,0.001,55.104,0.002,55.114,0.002,54.976,0.002,55.002,0.002,28.388,0.002,28.384,0.002,28.386,0.002,28.386,0.002,26.876,0.010,27.507,0.006,26.761,0.010,26.778,0.010,26.894,0.010,28.409,0.022,23.576,0.131,28.051,0.494
193006,15.000,0.001,55.104,0.002,55.116,0.002,54.976,0.002,55.002,0.002,28.388,0.002,28.384,0.002,28.386,0.002,28.386,0.002,26.875,0.010,27.508,0.006,26.763,0.010,26.778,0.010,26.895,0.010,28.408,0.022,24.173,0.131,28.028,0.491
194006,15.001,0.001,55.104,0.002,55.114,0.002,54.972,0.002,55.000,0.002,28.388,0.002,28.384,0.002,28.386,0.002,28.386,0.002,26.877,0.010,27.508,0.006,26.762,0.010,26.780,0.010,26.894,0.010,28.407,0.022,24.435,0.135,28.006,0.489
195006,15.000,0.001,55.102,0.002,55.116,0.002,54.974,0.002,55.000,0.002,28.388,0.002,28.384,0.002,28.386,0.002,28.386,0.002,26.877,0.010,27.509,0.006,26.763,0.010,26.779,0.010,26.895,0.010,28.405,0.022,24.491,0.139,27.972,0.487
196006,15.000,0.001,55.102,0.002,55.114,0.002,54.976,0.002,55.002,0.002,28.390,0.002,28.384,0.002,28.386,0.002,28.386,0.002,26.876,0.010,27.508,0.006,26.763,0.010,26.779,0.010,26.896,0.010,28.404,0.022,24.515,0.143,27.943,0.485
197006,15.000,0.001,55.102,0.002,55.114,0.002,54.974,0.002,55.002,0.002,28.390,0.002,28.384,0.002,28.386,0.002,28.386,0.002,26.878,0.010,27.509,0.006,26.764,0.010,26.779,0.010,26.896,0.010,28.403,0.023,24.130,0.142,27.925,0.483
198006,15.000,0.001,55.102,0.002,55.114,0.002,54.976,0.002,55.002,0.002,28.388,0.002,28.386,0.002,28.386,0.002,28.386,0.002,26.877,0.010,27.509,0.006,26.762,0.010,26.779,0.010,26.896,0.010,28.401,0.023,24.182,0.142,27.916,0.481
199006,15.000,0.001,55.104,0.002,55.114,0.002,54.974,0.002,55.000,0.002,28.388,0.002,28.384,0.002,28.386,0.002,28.386,0.002,26.876,0.010,27.509,0.006,26.763,0.010,26.780,0.010,26.896,0.010,28.400,0.023,24.342,0.143,27.920,0.478
200007,15.000,0.001,55.100,0.002,55.114,0.003,54.974,0.002,55.002,0.002,28.388,0.002,28.386,0.002,28.386,0.002,28.386,0.002,26.878,0.010,27.509,0.006,26.763,0.010,26.780,0.010,26.896,0.010,28.399,0.023,24.293,0.144,27.923,0.475
201007,15.000,0.001,55.102,0.002,55.114,0.003,54.976,0.002,55.002,0.002,28.388,0.002,28.384,0.002,28.386,0.002,28.386,0.002,26.877,0.010,27.510,0.006,26.764,0.010,26.781,0.010,26.897,0.010,28.397,0.024,24.154,0.144,27.931,0.472
202007,15.000,0.001,55.102,0.002,55.114,0.002,54.974,0.002,55.000,0.002,28.390,0.002,28.386,0.002,28.386,0.002,28.386,0.002,26.878,0.010,27.511,0.006,26.764,0.010,26.780,0.010,26.897,0.010,28.398,0.024,24.157,0.144,27.935,0.468
203007,15.001,0.001,55.104,0.002,55.114,0.002,54.976,0.002,55.002,0.002,28.388,0.002,28.386,0.002,28.386,0.002,28.386,0.002,26.878,0.010,27.511,0.006,26.765,0.010,26.781,0.010,26.897,0.010,28.397,0.024,24.614,0.151,27.955,0.464
204007,15.001,0.001,55.104,0.002,55.116,0.003,54.972,0.002,55.000,0.002,28.388,0.002,28.386,0.002,28.386,0.002,28.386,0.002,26.877,0.010,27.511,0.006,26.765,0.010,26.780,0.010,26.897,0.010,28.397,0.025,24.391,0.153,27.979,0.460
205007,15.000,0.001,55.102,0.002,55.114,0.002,54.974,0.002,55.002,0.002,28.390,0.002,28.386,0.002,28.386,0.002,28.386,0.002,26.880,0.010,27.511,0.006,26.765,0.010,26.782,0.010,26.898,0.010,28.396,0.025,24.391,0.155,28.002,0.455
206007,15.000,0.001,55.104,0.002,55.112,0.003,54.974,0.002,55.000,0.002,28.390,0.002,28.386,0.002,28.386,0.002,28.386,0.002,26.878,0.010,27.513,0.006,26.766,0.010,26.782,0.010,26.898,0.010,28.396,0.025,23.966,0.155,28.013,0.449
207007,15.000,0.001,55.102,0.002,55.112,0.003,54.974,0.002,55.000,0.002,28.388,0.002,28.386,0.002,28.386,0.002,28.386,0.002,26.880,0.010,27.512,0.006,26.766,0.010,26.783,0.010,26.899,0.010,28.396,0.025,24.009,0.155,28.035,0.443
208007,15.000,0.001,55.104,0.002,55.112,0.003,54.974,0.002,55.000,0.002,28.390,0.002,28.384,0.002,28.386,0.002,28.386,0.002,26.880,0.010,27.512,0.006,26.766,0.010,26.783,0.010,26.899,0.010,28.396,0.026,23.830,0.157,28.051,0.437
209007,15.000,0.001,55.102,0.002,55.114,0.003,54.972,0.002,55.000,0.002,28.390,0.002,28.384,0.002,28.386,0.002,28.386,0.002,26.881,0.010,27.514,0.006,26.767,0.010,26.783,0.010,26.899,0.010,28.397,0.026,24.703,0.165,28.057,0.431
210007,15.000,0.001,55.102,0.002,55.114,0.003,54.974,0.002,55.002,0.002,28.388,0.002,28.386,0.002,28.386,0.002,28.386,0.002,26.880,0.010,27.512,0.006,26.767,0.010,26.783,0.010,26.900,0.010,28.398,0.026,24.617,0.171,28.076,0.424
211007,14.999,0.001,55.102,0.002,55.116,0.003,54.974,0.002,55.002,0.002,28.390,0.002,28.384,0.002,28.386,0.002,28.386,0.002,26.881,0.010,27.513,0.007,26.767,0.010,26.783,0.010,26.900,0.010,28.398,0.027,24.439,0.173,28.068,0.418
212007,14.999,0.001,55.102,0.002,55.112,0.003,54.972,0.002,55.000,0.002,28.388,0.002,28.386,0.002,28.388,0.002,28.388,0.002,26.881,0.010,27.514,0.007,26.767,0.010,26.783,0.010,26.900,0.010,28.398,0.027,24.393,0.174,28.045,0.411
213007,15.000,0.001,55.102,0.002,55.112,0.003,54.974,0.002,55.000,0.002,28.390,0.002,28.386,0.002,28.386,0.002,28.386,0.002,26.881,0.010,27.513,0.007,26.768,0.010,26.784,0.010,26.900,0.010,28.399,0.027,24.391,0.175,28.022,0.404
214007,15.000,0.001,55.102,0.002,55.114,0.003,54.976,0.002,55.002,0.002,28.390,0.002,28.386,0.002,28.388,0.002,28.388,0.002,26.882,0.010,27.513,0.007,26.768,0.010,26.784,0.010,26.900,0.010,28.399,0.027,24.400,0.176,28.018,0.397
215007,15.000,0.001,55.104,0.002,55.112,0.003,54.974,0.002,55.000,0.002,28.390,0.002,28.386,0.002,28.386,0.002,28.386,0.002,26.881,0.010,27.514,0.007,26.768,0.010,26.784,0.009,26.900,0.010,28.399,0.027,24.639,0.181,28.036,0.390
216007,15.000,0.001,55.102,0.002,55.114,0.002,54.974,0.002,55.000,0.002,28.390,0.002,28.386,0.002,28.386,0.002,28.388,0.002,26.881,0.010,27.514,0.007,26.768,0.010,26.785,0.009,26.901,0.010,28.400,0.028,24.618,0.185,28.054,0.382
217007,14.999,0.001,55.102,0.002,55.112,0.003,54.972,0.002,54.998,0.002,28.390,0.002,28.386,0.002,28.386,0.002,28.386,0.002,26.882,0.010,27.514,0.007,26.769,0.010,26.785,0.009,26.900,0.010,28.399,0.028,24.218,0.185,28.055,0.375
218007,15.000,0.001,55.102,0.002,55.114,0.002,54.974,0.002,55.000,0.002,28.390,0.002,28.386,0.002,28.388,0.002,28.388,0.002,26.883,0.010,27.514,0.007,26.770,0.010,26.784,0.009,26.901,0.010,28.401,0.028,24.155,0.184,28.054,0.368
219007,15.000,0.001,55.100,0.002,55.112,0.002,54.972,0.002,55.000,0.002,28.390,0.002,28.386,0.002,28.388,0.002,28.388,0.002,26.883,0.010,27.515,0.007,26.769,0.010,26.785,0.009,26.902,0.010,28.400,0.028,24.116,0.183,28.046,0.361
220007,15.000,0.001,55.102,0.002,55.112,0.003,54.974,0.002,55.000,0.002,28.390,0.002,28.386,0.002,28.388,0.002,28.388,0.002,26.884,0.010,27.517,0.007,26.770,0.010,26.785,0.009,26.902,0.010,28.400,0.028,24.447,0.185,28.034,0.355
221007,15.001,0.001,55.102,0.002,55.114,0.003,54.972,0.002,55.000,0.002,28.390,0.002,28.386,0.002,28.388,0.002,28.388,0.002,26.884,0.010,27.516,0.007,26.770,0.010,26.786,0.009,26.902,0.010,28.401,0.028,24.353,0.185,28.048,0.350
222007,15.000,0.001,55.098,0.002,55.112,0.003,54.972,0.002,55.000,0.002,28.390,0.002,28.386,0.002,28.388,0.002,28.388,0.002,26.883,0.010,27.515,0.007,26.770,0.010,26.786,0.009,26.903,0.010,28.401,0.028,24.383,0.186,28.064,0.344
223007,15.001,0.001,55.102,0.002,55.114,0.003,54.974,0.002,55.002,0.002,28.390,0.002,28.386,0.002,28.388,0.002,28.388,0.002,26.884,0.010,27.517,0.007,26.770,0.010,26.786,0.009,26.903,0.010,28.400,0.029,24.222,0.185,28.069,0.338
224007,15.000,0.001,55.098,0.002,55.114,0.003,54.970,0.002,54.998,0.002,28.390,0.002,28.386,0.002,28.388,0.002,28.388,0.002,26.883,0.010,27.517,0.007,26.771,0.010,26.787,0.009,26.904,0.010,28.399,0.029,24.034,0.185,28.098,0.333
225007,15.000,0.001,55.100,0.002,55.112,0.003,54.974,0.002,55.000,0.002,28.390,0.002,28.386,0.002,28.388,0.002,28.388,0.002,26.885,0.010,27.517,0.007,26.771,0.010,26.787,0.009,26.904,0.010,28.399,0.029,24.236,0.184,28.113,0.328
226007,15.001,0.001,55.102,0.002,55.112,0.003,54.976,0.002,55.002,0.002,28.390,0.002,28.386,0.002,28.388,0.002,28.388,0.002,26.884,0.010,27.517,0.007,26.772,0.010,26.788,0.009,26.904,0.010,28.398,0.029,24.405,0.185,28.066,0.324
227007,15.000,0.001,55.104,0.002,55.112,0.003,54.976,0.002,55.002,0.002,28.390,0.002,28.386,0.002,28.388,0.002,28.388,0.002,26.885,0.010,27.518,0.007,26.772,0.010,26.787,0.009,26.904,0.010,28.396,0.029,24.443,0.186,27.976,0.320
