2.846000000000000000e+03
2.847000000000000000e+03
2.848000000000000000e+03
2.849000000000000000e+03
2.850000000000000000e+03
2.851000000000000000e+03
2.852000000000000000e+03
2.853000000000000000e+03
2.854000000000000000e+03
2.925000000000000000e+03
2.926000000000000000e+03
2.927000000000000000e+03
2.928000000000000000e+03
2.929000000000000000e+03
2.930000000000000000e+03
2.931000000000000000e+03
2.932000000000000000e+03
2.933000000000000000e+03
2.934000000000000000e+03
2.935000000000000000e+03
3.003000000000000000e+03
3.004000000000000000e+03
3.005000000000000000e+03
3.006000000000000000e+03
3.007000000000000000e+03
3.008000000000000000e+03
3.009000000000000000e+03
3.010000000000000000e+03
3.011000000000000000e+03
3.012000000000000000e+03
3.013000000000000000e+03
3.014000000000000000e+03
3.015000000000000000e+03
3.016000000000000000e+03
3.017000000000000000e+03
3.083000000000000000e+03
3.084000000000000000e+03
3.085000000000000000e+03
3.086000000000000000e+03
3.087000000000000000e+03
3.088000000000000000e+03
3.089000000000000000e+03
3.090000000000000000e+03
3.091000000000000000e+03
3.092000000000000000e+03
3.093000000000000000e+03
3.094000000000000000e+03
3.095000000000000000e+03
3.096000000000000000e+03
3.097000000000000000e+03
3.162000000000000000e+03
3.163000000000000000e+03
3.164000000000000000e+03
3.165000000000000000e+03
3.166000000000000000e+03
3.167000000000000000e+03
3.168000000000000000e+03
3.169000000000000000e+03
3.170000000000000000e+03
3.171000000000000000e+03
3.172000000000000000e+03
3.173000000000000000e+03
3.174000000000000000e+03
3.175000000000000000e+03
3.176000000000000000e+03
3.177000000000000000e+03
3.178000000000000000e+03
3.241000000000000000e+03
3.242000000000000000e+03
3.243000000000000000e+03
3.244000000000000000e+03
3.245000000000000000e+03
3.246000000000000000e+03
3.247000000000000000e+03
3.248000000000000000e+03
3.249000000000000000e+03
3.250000000000000000e+03
3.251000000000000000e+03
3.252000000000000000e+03
3.253000000000000000e+03
3.254000000000000000e+03
3.255000000000000000e+03
3.256000000000000000e+03
3.257000000000000000e+03
3.258000000000000000e+03
3.259000000000000000e+03
3.321000000000000000e+03
3.322000000000000000e+03
3.323000000000000000e+03
3.324000000000000000e+03
3.325000000000000000e+03
3.326000000000000000e+03
3.327000000000000000e+03
3.328000000000000000e+03
3.329000000000000000e+03
3.330000000000000000e+03
3.331000000000000000e+03
3.332000000000000000e+03
3.333000000000000000e+03
3.334000000000000000e+03
3.335000000000000000e+03
3.336000000000000000e+03
3.337000000000000000e+03
3.338000000000000000e+03
3.339000000000000000e+03
3.401000000000000000e+03
3.402000000000000000e+03
3.403000000000000000e+03
3.404000000000000000e+03
3.405000000000000000e+03
3.406000000000000000e+03
3.407000000000000000e+03
3.408000000000000000e+03
3.409000000000000000e+03
3.410000000000000000e+03
3.411000000000000000e+03
3.412000000000000000e+03
3.413000000000000000e+03
3.414000000000000000e+03
3.415000000000000000e+03
3.416000000000000000e+03
3.417000000000000000e+03
3.418000000000000000e+03
3.419000000000000000e+03
3.481000000000000000e+03
3.482000000000000000e+03
3.483000000000000000e+03
3.484000000000000000e+03
3.485000000000000000e+03
3.486000000000000000e+03
3.487000000000000000e+03
3.488000000000000000e+03
3.489000000000000000e+03
3.490000000000000000e+03
3.491000000000000000e+03
3.492000000000000000e+03
3.493000000000000000e+03
3.494000000000000000e+03
3.495000000000000000e+03
3.496000000000000000e+03
3.497000000000000000e+03
3.498000000000000000e+03
3.499000000000000000e+03
3.561000000000000000e+03
3.562000000000000000e+03
3.563000000000000000e+03
3.564000000000000000e+03
3.565000000000000000e+03
3.566000000000000000e+03
3.567000000000000000e+03
3.568000000000000000e+03
3.569000000000000000e+03
3.570000000000000000e+03
3.571000000000000000e+03
3.572000000000000000e+03
3.573000000000000000e+03
3.574000000000000000e+03
3.575000000000000000e+03
3.576000000000000000e+03
3.577000000000000000e+03
3.578000000000000000e+03
3.579000000000000000e+03
3.641000000000000000e+03
3.642000000000000000e+03
3.643000000000000000e+03
3.644000000000000000e+03
3.645000000000000000e+03
3.646000000000000000e+03
3.647000000000000000e+03
3.648000000000000000e+03
3.649000000000000000e+03
3.650000000000000000e+03
3.651000000000000000e+03
3.652000000000000000e+03
3.653000000000000000e+03
3.654000000000000000e+03
3.655000000000000000e+03
3.656000000000000000e+03
3.657000000000000000e+03
3.658000000000000000e+03
3.659000000000000000e+03
3.721000000000000000e+03
3.722000000000000000e+03
3.723000000000000000e+03
3.724000000000000000e+03
3.725000000000000000e+03
3.726000000000000000e+03
3.727000000000000000e+03
3.728000000000000000e+03
3.729000000000000000e+03
3.730000000000000000e+03
3.731000000000000000e+03
3.732000000000000000e+03
3.733000000000000000e+03
3.734000000000000000e+03
3.735000000000000000e+03
3.736000000000000000e+03
3.737000000000000000e+03
3.738000000000000000e+03
3.739000000000000000e+03
3.801000000000000000e+03
3.802000000000000000e+03
3.803000000000000000e+03
3.804000000000000000e+03
3.805000000000000000e+03
3.806000000000000000e+03
3.807000000000000000e+03
3.808000000000000000e+03
3.809000000000000000e+03
3.810000000000000000e+03
3.811000000000000000e+03
3.812000000000000000e+03
3.813000000000000000e+03
3.814000000000000000e+03
3.815000000000000000e+03
3.816000000000000000e+03
3.817000000000000000e+03
3.818000000000000000e+03
3.819000000000000000e+03
3.881000000000000000e+03
3.882000000000000000e+03
3.883000000000000000e+03
3.884000000000000000e+03
3.885000000000000000e+03
3.886000000000000000e+03
3.887000000000000000e+03
3.888000000000000000e+03
3.889000000000000000e+03
3.890000000000000000e+03
3.891000000000000000e+03
3.892000000000000000e+03
3.893000000000000000e+03
3.894000000000000000e+03
3.895000000000000000e+03
3.896000000000000000e+03
3.897000000000000000e+03
3.898000000000000000e+03
3.899000000000000000e+03
3.962000000000000000e+03
3.963000000000000000e+03
3.964000000000000000e+03
3.965000000000000000e+03
3.966000000000000000e+03
3.967000000000000000e+03
3.968000000000000000e+03
3.969000000000000000e+03
3.970000000000000000e+03
3.971000000000000000e+03
3.972000000000000000e+03
3.973000000000000000e+03
3.974000000000000000e+03
3.975000000000000000e+03
3.976000000000000000e+03
3.977000000000000000e+03
3.978000000000000000e+03
4.043000000000000000e+03
4.044000000000000000e+03
4.045000000000000000e+03
4.046000000000000000e+03
4.047000000000000000e+03
4.048000000000000000e+03
4.049000000000000000e+03
4.050000000000000000e+03
4.051000000000000000e+03
4.052000000000000000e+03
4.053000000000000000e+03
4.054000000000000000e+03
4.055000000000000000e+03
4.056000000000000000e+03
4.057000000000000000e+03
4.123000000000000000e+03
4.124000000000000000e+03
4.125000000000000000e+03
4.126000000000000000e+03
4.127000000000000000e+03
4.128000000000000000e+03
4.129000000000000000e+03
4.130000000000000000e+03
4.131000000000000000e+03
4.132000000000000000e+03
4.133000000000000000e+03
4.134000000000000000e+03
4.135000000000000000e+03
4.136000000000000000e+03
4.137000000000000000e+03
4.205000000000000000e+03
4.206000000000000000e+03
4.207000000000000000e+03
4.208000000000000000e+03
4.209000000000000000e+03
4.210000000000000000e+03
4.211000000000000000e+03
4.212000000000000000e+03
4.213000000000000000e+03
4.214000000000000000e+03
4.215000000000000000e+03
4.286000000000000000e+03
4.287000000000000000e+03
4.288000000000000000e+03
4.289000000000000000e+03
4.290000000000000000e+03
4.291000000000000000e+03
4.292000000000000000e+03
4.293000000000000000e+03
4.294000000000000000e+03
