3.330000000000000000e+03
3.331000000000000000e+03
3.332000000000000000e+03
3.333000000000000000e+03
3.334000000000000000e+03
3.409000000000000000e+03
3.410000000000000000e+03
3.411000000000000000e+03
3.412000000000000000e+03
3.413000000000000000e+03
3.414000000000000000e+03
3.415000000000000000e+03
3.489000000000000000e+03
3.490000000000000000e+03
3.491000000000000000e+03
3.492000000000000000e+03
3.493000000000000000e+03
3.494000000000000000e+03
3.495000000000000000e+03
3.569000000000000000e+03
3.570000000000000000e+03
3.571000000000000000e+03
3.572000000000000000e+03
3.573000000000000000e+03
3.574000000000000000e+03
3.575000000000000000e+03
3.649000000000000000e+03
3.650000000000000000e+03
3.651000000000000000e+03
3.652000000000000000e+03
3.653000000000000000e+03
3.654000000000000000e+03
3.655000000000000000e+03
3.729000000000000000e+03
3.730000000000000000e+03
3.731000000000000000e+03
3.732000000000000000e+03
3.733000000000000000e+03
3.734000000000000000e+03
3.735000000000000000e+03
3.810000000000000000e+03
3.811000000000000000e+03
3.812000000000000000e+03
3.813000000000000000e+03
3.814000000000000000e+03
