3.167000000000000000e+03
3.168000000000000000e+03
3.169000000000000000e+03
3.170000000000000000e+03
3.171000000000000000e+03
3.172000000000000000e+03
3.173000000000000000e+03
3.246000000000000000e+03
3.247000000000000000e+03
3.248000000000000000e+03
3.249000000000000000e+03
3.250000000000000000e+03
3.251000000000000000e+03
3.252000000000000000e+03
3.253000000000000000e+03
3.254000000000000000e+03
3.325000000000000000e+03
3.326000000000000000e+03
3.327000000000000000e+03
3.328000000000000000e+03
3.329000000000000000e+03
3.330000000000000000e+03
3.331000000000000000e+03
3.332000000000000000e+03
3.333000000000000000e+03
3.334000000000000000e+03
3.335000000000000000e+03
3.405000000000000000e+03
3.406000000000000000e+03
3.407000000000000000e+03
3.408000000000000000e+03
3.409000000000000000e+03
3.410000000000000000e+03
3.411000000000000000e+03
3.412000000000000000e+03
3.413000000000000000e+03
3.414000000000000000e+03
3.415000000000000000e+03
3.485000000000000000e+03
3.486000000000000000e+03
3.487000000000000000e+03
3.488000000000000000e+03
3.489000000000000000e+03
3.490000000000000000e+03
3.491000000000000000e+03
3.492000000000000000e+03
3.493000000000000000e+03
3.494000000000000000e+03
3.495000000000000000e+03
3.565000000000000000e+03
3.566000000000000000e+03
3.567000000000000000e+03
3.568000000000000000e+03
3.569000000000000000e+03
3.570000000000000000e+03
3.571000000000000000e+03
3.572000000000000000e+03
3.573000000000000000e+03
3.574000000000000000e+03
3.575000000000000000e+03
3.645000000000000000e+03
3.646000000000000000e+03
3.647000000000000000e+03
3.648000000000000000e+03
3.649000000000000000e+03
3.650000000000000000e+03
3.651000000000000000e+03
3.652000000000000000e+03
3.653000000000000000e+03
3.654000000000000000e+03
3.655000000000000000e+03
3.725000000000000000e+03
3.726000000000000000e+03
3.727000000000000000e+03
3.728000000000000000e+03
3.729000000000000000e+03
3.730000000000000000e+03
3.731000000000000000e+03
3.732000000000000000e+03
3.733000000000000000e+03
3.734000000000000000e+03
3.735000000000000000e+03
3.805000000000000000e+03
3.806000000000000000e+03
3.807000000000000000e+03
3.808000000000000000e+03
3.809000000000000000e+03
3.810000000000000000e+03
3.811000000000000000e+03
3.812000000000000000e+03
3.813000000000000000e+03
3.814000000000000000e+03
3.815000000000000000e+03
3.886000000000000000e+03
3.887000000000000000e+03
3.888000000000000000e+03
3.889000000000000000e+03
3.890000000000000000e+03
3.891000000000000000e+03
3.892000000000000000e+03
3.893000000000000000e+03
3.894000000000000000e+03
3.967000000000000000e+03
3.968000000000000000e+03
3.969000000000000000e+03
3.970000000000000000e+03
3.971000000000000000e+03
3.972000000000000000e+03
3.973000000000000000e+03
