3.248000000000000000e+03
3.249000000000000000e+03
3.250000000000000000e+03
3.251000000000000000e+03
3.252000000000000000e+03
3.327000000000000000e+03
3.328000000000000000e+03
3.329000000000000000e+03
3.330000000000000000e+03
3.331000000000000000e+03
3.332000000000000000e+03
3.333000000000000000e+03
3.406000000000000000e+03
3.407000000000000000e+03
3.408000000000000000e+03
3.409000000000000000e+03
3.410000000000000000e+03
3.411000000000000000e+03
3.412000000000000000e+03
3.413000000000000000e+03
3.414000000000000000e+03
3.486000000000000000e+03
3.487000000000000000e+03
3.488000000000000000e+03
3.489000000000000000e+03
3.490000000000000000e+03
3.491000000000000000e+03
3.492000000000000000e+03
3.493000000000000000e+03
3.494000000000000000e+03
3.566000000000000000e+03
3.567000000000000000e+03
3.568000000000000000e+03
3.569000000000000000e+03
3.570000000000000000e+03
3.571000000000000000e+03
3.572000000000000000e+03
3.573000000000000000e+03
3.574000000000000000e+03
3.646000000000000000e+03
3.647000000000000000e+03
3.648000000000000000e+03
3.649000000000000000e+03
3.650000000000000000e+03
3.651000000000000000e+03
3.652000000000000000e+03
3.653000000000000000e+03
3.654000000000000000e+03
3.726000000000000000e+03
3.727000000000000000e+03
3.728000000000000000e+03
3.729000000000000000e+03
3.730000000000000000e+03
3.731000000000000000e+03
3.732000000000000000e+03
3.733000000000000000e+03
3.734000000000000000e+03
3.807000000000000000e+03
3.808000000000000000e+03
3.809000000000000000e+03
3.810000000000000000e+03
3.811000000000000000e+03
3.812000000000000000e+03
3.813000000000000000e+03
3.888000000000000000e+03
3.889000000000000000e+03
3.890000000000000000e+03
3.891000000000000000e+03
3.892000000000000000e+03
