3.408000000000000000e+03
3.409000000000000000e+03
3.410000000000000000e+03
3.411000000000000000e+03
3.412000000000000000e+03
3.488000000000000000e+03
3.489000000000000000e+03
3.490000000000000000e+03
3.491000000000000000e+03
3.492000000000000000e+03
3.568000000000000000e+03
3.569000000000000000e+03
3.570000000000000000e+03
3.571000000000000000e+03
3.572000000000000000e+03
3.648000000000000000e+03
3.649000000000000000e+03
3.650000000000000000e+03
3.651000000000000000e+03
3.652000000000000000e+03
3.728000000000000000e+03
3.729000000000000000e+03
3.730000000000000000e+03
3.731000000000000000e+03
3.732000000000000000e+03
