5.100000000000000000e+01 7.883117209758983002e-02 2.304843078554501008e-03 8.735314586547433376e-06 1.368920723789771436e-05 2.251520796085668244e-05 3.859921825966893151e-05 3.312829293996024781e-03 2.464511395841435977e-03 2.723392671177330988e-03 1.810906179201145216e-02
5.211152416356877382e+01 8.768387132200741729e-02 2.470282268472282026e-03 9.669618277233337086e-06 1.513189661327145989e-05 2.736137317533006850e-05 5.031632218101799987e-05 3.588345734346049410e-03 2.649925589010109807e-03 3.032973752557655955e-03 2.063029573530711716e-02
5.322304832713754763e+01 9.723282449977757591e-02 2.643342231556395500e-03 1.069214829080467805e-05 1.674788783353256392e-05 3.346703475852525107e-05 6.530180688867004630e-05 3.883269363512710341e-03 2.846439953352326423e-03 3.379228221314404049e-03 2.339798553126185357e-02
5.433457249070632145e+01 1.075106381018511997e-01 2.824216163151925616e-03 1.181322215480747601e-05 1.857498728000430679e-05 4.114932810040613950e-05 8.429730889067291004e-05 4.199304775316260036e-03 3.055046304235763815e-03 3.766442415519260546e-03 2.642411695542280434e-02
5.544609665427509526e+01 1.185505178184387554e-01 3.013097283569365643e-03 1.304521832170369541e-05 2.066195503748586315e-05 5.078804742023336461e-05 1.081651311293646691e-04 4.538337941374495643e-03 3.276880338392353879e-03 4.199232361819404090e-03 2.972034731805070842e-02
5.655762081784386908e+01 1.303862710961178895e-01 3.210178346324133163e-03 1.440311959322031881e-05 2.307127044508617959e-05 6.283348275031337021e-05 1.378987727072218162e-04 4.902444937235269154e-03 3.513235731714254260e-03 4.682539811621528117e-03 3.329796879823326144e-02
5.766914498141264289e+01 1.430523096970956476e-01 3.415651164152143718e-03 1.590519241287625198e-05 2.588240009102805728e-05 7.781448306011844662e-05 1.746331409938010459e-04 5.293899509784248149e-03 3.765578207526814204e-03 5.221625639189679188e-03 3.716787664280520043e-02
5.878066914498140960e+01 1.565836522491599603e-01 3.629706158348612773e-03 1.757382691800156427e-05 2.919561355167200393e-05 9.634665863274331733e-05 2.196543109378750651e-04 5.715179387418889423e-03 4.035559400621890891e-03 5.822060760663307945e-03 4.134054207155549165e-02
5.989219330855018342e+01 1.710159267618664158e-01 3.852531937016341872e-03 1.943656458327521321e-05 3.313638835540050711e-05 1.191406322110469696e-04 2.744087056203869555e-04 6.168971258454102394e-03 4.325030345236325312e-03 6.489714760969637723e-03 4.582598968708797432e-02
6.100371747211895723e+01 1.863853730902609029e-01 4.084314907956880167e-03 2.152734188997110245e-05 3.786044064674148706e-05 1.470102468739681984e-04 3.405115834864696914e-04 6.658174367021181018e-03 4.636054421687677528e-03 7.230742436901416159e-03 5.063377915487897452e-02
6.211524163568773105e+01 2.027288453321294259e-01 4.325238932197898213e-03 2.388797964488911872e-05 4.355941193535243415e-05 1.808806389911592097e-04 4.197547307930345325e-04 7.185902698741262855e-03 4.970919606062520341e-03 8.051568479653927954e-03 5.577299089533629267e-02
6.322676579925650486e+01 2.200838141485881583e-01 4.575485024523761289e-03 2.656994828706306654e-05 5.046723527207266723e-05 2.217960867907744528e-04 5.141132721156306627e-04 7.755485750209901476e-03 5.332149879677576011e-03 8.958870529377669159e-03 6.125221551381748730e-02
6.433828996282528578e+01 2.384883690009084733e-01 4.835231107861516324e-03 2.963643970843922063e-05 5.886719636087446388e-05 2.709275488759248706e-04 6.257515268134595209e-04 8.370467896441760591e-03 5.722515669469093944e-03 9.959560838396722821e-03 6.707954668547960742e-02
6.544981412639404539e+01 2.579812202989589243e-01 5.104651828964617416e-03 3.316477574115863622e-05 6.909969667137503191e-05 3.295798122274921698e-04 7.570278547311512680e-04 9.034606388617817327e-03 6.145043206481988832e-03 1.106076677929911968e-02 7.326257720845595622e-02
6.656133828996281920e+01 2.786017014586302243e-01 5.383918443522164865e-03 3.724918250894535693e-05 8.157071675373518726e-05 3.991981756060807517e-04 9.104984497431936781e-04 9.751868030570046836e-03 6.603022706720134728e-03 1.226981042977061918e-02 7.980839794021352129e-02
6.767286245353159302e+01 3.003897708671698363e-01 5.673198779587960983e-03 4.200395829956051825e-05 9.676096887307980316e-05 4.813746015789400535e-04 1.088920054695450808e-03 1.052642459633040296e-02 7.100015296308282049e-03 1.359418745845063919e-02 8.672359933716053404e-02
6.878438661710036683e+01 3.233860137566064719e-01 5.972657289055270310e-03 4.756706050127408250e-05 1.152357189688401012e-04 5.778532784161809774e-04 1.295251585595526148e-03 1.136264706273606984e-02 7.639858620775679364e-03 1.504154552584962938e-02 9.401427532587187941e-02
6.989591078066914065e+01 3.476316439863806895e-01 6.282455197779434480e-03 5.410413448563743859e-05 1.376552489924524523e-04 6.905355416008105741e-04 1.532654666329325748e-03 1.226509874055131157e-02 8.226671095921112703e-03 1.661966240204701406e-02 1.016860292449852654e-01
7.100743494423791446e+01 3.731685057370450198e-01 6.602750765850008523e-03 6.181300415183563993e-05 1.647859220585325829e-04 8.214841134700852539e-04 1.804493087566224566e-03 1.323852739491981727e-02 8.864854774833348661e-03 1.833642398901176238e-02 1.097439816092952436e-01
7.211895910780668828e+01 4.000390751174348059e-01 6.933699670413332253e-03 7.092864022663670251e-05 1.975118047168337640e-04 9.729266283605642529e-04 2.114331214737334794e-03 1.428785645131589940e-02 9.559096821948621578e-03 2.019980242042080168e-02 1.181927794613254756e-01
7.323048327137546210e+01 4.282864616881079667e-01 7.275455524320812578e-03 8.172861840023046525e-05 2.368467931519005238e-04 1.147258419396391706e-03 2.465931379951778572e-03 1.541817538666477236e-02 1.031436960030919330e-02 2.221783439620969927e-02 1.270366070902445854e-01
7.434200743494423591e+01 4.579544099041452654e-01 7.628170544702896592e-03 9.453907504142072002e-05 2.839471833592713940e-04 1.347044551592285451e-03 2.863250301413284432e-03 1.663472940711291717e-02 1.113592939227766622e-02 2.439859989313227645e-02 1.362791979130504871e-01
7.545353159851300973e+01 4.890873004805543212e-01 7.991996386319543538e-03 1.097411636503262328e-04 3.401246194232751758e-04 1.575021094115335550e-03 3.310434581305555461e-03 1.794290851422650560e-02 1.202931378674039833e-02 2.675020137664125414e-02 1.459238473281640469e-01
7.656505576208178354e+01 5.217301516836603259e-01 8.367085155191130580e-03 1.277780104506822257e-04 4.068593490005120586e-04 1.834095632261055790e-03 3.811815339249680513e-03 1.934823606035672439e-02 1.300033777722319796e-02 2.928074362368164249e-02 1.559734263667157117e-01
7.767657992565055736e+01 5.559286205518773061e-01 8.753590618547687358e-03 1.491621626756627279e-04 4.858137110408880933e-04 2.127347026869552075e-03 4.371902043341566874e-03 2.085635689171649876e-02 1.405508862530346209e-02 3.199831425072666158e-02 1.664303959816526846e-01
7.878810408921933117e+01 5.917290040492756420e-01 9.151669627529005618e-03 1.744835182385113929e-04 5.788457776787058612e-04 2.458024435477465779e-03 4.995375604513492031e-03 2.247302517453889439e-02 1.519991955223000228e-02 3.491096502674484459e-02 1.772968218292149400e-01
7.989962825278810499e+01 6.291782401553007720e-01 9.561483769306478725e-03 2.044177206770639830e-04 6.880230701037126119e-04 2.829545615429985769e-03 5.687080802603574486e-03 2.420409199569976272e-02 1.644144232877509104e-02 3.802669403689726280e-02 1.885743894111741037e-01
8.101115241635687880e+01 6.683239088939427752e-01 9.983201265365060362e-03 2.397349985900687269e-04 8.156362670620147639e-04 3.245494534440312127e-03 6.452018114145907472e-03 2.605549282454461615e-02 1.778651883908845613e-02 4.135342874971829896e-02 2.002644194594377092e-01
8.212267657992565262e+01 7.092142333055572179e-01 1.041699913256935450e-02 2.813094243081513718e-04 9.642128244087958856e-04 3.709618318673321702e-03 7.295335012600308831e-03 2.803323491750863566e-02 1.924225169876175520e-02 4.489901002839765537e-02 2.123678834571137153e-01
8.323420074349442643e+01 7.518980803644337296e-01 1.086306562333346111e-02 3.301285623218873041e-04 1.136530424794725399e-03 4.225823572348101284e-03 8.222316811619992047e-03 3.014338474159085693e-02 2.081597401052357257e-02 4.867117711559272586e-02 2.248854192018818754e-01
8.434572490706318604e+01 7.964249618450942592e-01 1.132160296071587323e-02 3.873034740750609748e-04 1.335630178059924638e-03 4.798172106116602338e-03 9.238377121100323219e-03 3.239205548695993364e-02 2.251523834305411628e-02 5.267755361097761074e-02 2.378173463284898315e-01
8.545724907063197406e+01 8.428450351401882701e-01 1.179283038356689767e-02 4.540790421664062451e-04 1.564829495168578669e-03 5.430876114105137945e-03 1.034904798425828089e-02 3.478539473303728785e-02 2.434780501943365275e-02 5.692563445147773987e-02 2.511636817174067726e-01
8.656877323420073367e+01 8.912091040326876046e-01 1.227698751596903795e-02 5.318445738235311844e-04 1.827734561471366492e-03 6.128292841532544631e-03 1.155996976194892736e-02 3.732957232641354733e-02 2.632162980181433978e-02 6.142277389582907060e-02 2.649241547260883234e-01
8.768029739776952169e+01 9.415686194250273422e-01 1.277433807413748228e-02 6.221446407460242030e-04 2.128252338655984080e-03 6.894918786280674998e-03 1.287688082792235074e-02 4.003076852299394806e-02 2.844485105813733886e-02 6.617617450771574872e-02 2.790982221880102809e-01
8.879182156133828130e+01 9.939756800276121629e-01 1.328517392269338432e-02 7.266901100804931115e-04 2.470602028856797722e-03 7.735383478727395588e-03 1.430560713583939152e-02 4.289516244089568858e-02 3.072577649519795881e-02 7.119287712523555967e-02 2.936850831325645284e-01
8.990334572490706933e+01 1.048483033009083298e+00 1.380981949080331908e-02 8.473693194009372827e-04 2.859325938964204367e-03 8.654442884604734987e-03 1.585205171568137769e-02 4.592892086490704684e-02 3.317286954020107204e-02 7.647975179878820085e-02 3.086836931861868805e-01
9.101486988847582893e+01 1.105144074610526994e+00 1.434863655710184004e-02 9.862593471280231214e-04 3.299299688119810160e-03 9.656972475657112434e-03 1.752218415376874047e-02 4.913818743779573700e-02 3.579473545022594100e-02 8.204348967460627085e-02 3.240927786216594164e-01
9.212639405204461696e+01 1.164012850725760995e+00 1.490202941060185700e-02 1.145637328829436034e-03 3.795741706628183963e-03 1.074796001249393382e-02 1.932203010702118404e-02 5.252907226847467609e-02 3.860010722584255455e-02 8.789059579703686897e-02 3.399108500285094592e-01
9.323791821561337656e+01 1.225144057449635282e+00 1.547045039296176747e-02 1.327991769292261341e-03 4.354221979981661057e-03 1.193249808329928732e-02 2.125766089839471740e-02 5.610764198201514258e-02 4.159783140155422221e-02 9.402738279923074372e-02 3.561362155827744735e-01
9.434944237918215038e+01 1.288593041596287625e+00 1.605440582554258644e-02 1.536033800135078869e-03 4.980669997310933558e-03 1.321577644102579253e-02 2.333518323668157257e-02 5.987991023177035438e-02 4.479685378188485306e-02 1.004599654491021843e-01 3.727669938992371201e-01
9.546096654275092419e+01 1.354415801189031709e+00 1.665446232266756463e-02 1.772708333013470324e-03 5.681381869271216745e-03 1.460307418039871047e-02 2.556072910009083224e-02 6.385182868944105916e-02 4.820620518783228642e-02 1.071942560151933621e-01 3.898011264535126141e-01
9.657249070631969801e+01 1.422668985923606355e+00 1.727125349041613162e-02 2.041205059147555706e-03 6.463026586090192191e-03 1.609975179453392025e-02 2.794044581929393950e-02 6.802927852480417092e-02 5.183498727416147034e-02 1.142359604153777575e-01 4.072363895652005295e-01
9.768401486988847182e+01 1.493409897606333692e+00 1.790548700815964081e-02 2.344969246937522647e-03 7.332651392181237932e-03 1.771124314926431076e-02 3.048048639194063381e-02 7.241806238301885801e-02 5.569235847365176101e-02 1.215905751101116761e-01 4.250704059366869347e-01
9.879553903345724564e+01 1.566696490568615152e+00 1.855795208790293402e-02 2.687712290806719938e-03 8.297686259311782414e-03 1.944304741141140991e-02 3.318700005706704675e-02 7.702389686394053858e-02 5.978752012000864563e-02 1.292633847011415427e-01 4.433006557451524277e-01
9.990706319702601945e+01 1.642587372059219453e+00 1.922952730435003102e-02 3.073421966091063710e-03 9.365947445766667837e-03 2.130072096526446773e-02 3.606612315434572918e-02 8.185240550469471965e-02 6.412970279674143348e-02 1.372594601961485417e-01 4.619244872879436636e-01
1.010185873605947933e+02 1.721141802615588023e+00 1.992118878648676400e-02 3.506372346747901013e-03 1.054564013421851326e-02 2.328986934946804255e-02 3.912397028979006097e-02 8.690911226388971234e-02 6.872815295493832355e-02 1.455836578997217468e-01 4.809391271837187287e-01
1.021301115241635671e+02 1.802419696415437089e+00 2.063401875938503799e-02 3.991133344854853882e-03 1.184536014607724154e-02 2.541613924440017103e-02 4.236662582633778790e-02 9.219943550326704929e-02 7.359211983857492922e-02 1.542406188912484877e-01 5.003416901337418565e-01
1.032416356877323409e+02 1.886481621609758852e+00 2.136921442290075704e-02 4.532579833277919010e-03 1.327409473491013119e-02 2.768521053796807463e-02 4.580013571471146239e-02 9.772868246028848516e-02 7.873084275179917380e-02 1.632347690507589821e-01 5.201291882493598306e-01
1.043531598513011147e+02 1.973388800638343987e+00 2.212809715197799898e-02 5.135900315475153480e-03 1.484122246607743993e-02 3.010278849558479727e-02 4.943049967709672865e-02 1.035020442031355792e-01 8.415353869857246372e-02 1.725703195944321144e-01 5.402985399531197164e-01
1.054646840148698743e+02 2.063203110528779138e+00 2.291212200139879085e-02 5.806605109137446749e-03 1.655651219399753571e-02 3.267459605793052863e-02 5.326366375349583099e-02 1.095245910578150211e-01 8.986939042113577247e-02 1.822512680823165643e-01 5.608465784621869954e-01
1.065762081784386623e+02 2.155987083179942587e+00 2.372288749604738525e-02 6.550534013219339903e-03 1.843012115242690513e-02 3.540636628797057955e-02 5.730551321811527821e-02 1.158012684955401356e-01 9.588753486002080106e-02 1.922813998618250753e-01 5.817700598636844633e-01
1.076877323420074219e+02 2.251803905630795022e+00 2.456214568609925777e-02 7.373863430851570165e-03 2.047259217680118953e-02 3.830383498660819286e-02 6.156186587081571848e-02 1.223368934672414143e-01 1.022170520547590750e-01 2.026642899116843366e-01 6.030656707924134663e-01
1.087992565055762100e+02 2.350717420315413975e+00 2.543181244501278512e-02 8.283112923625338131e-03 2.269485008103214532e-02 4.137273349431044855e-02 6.603846570651666914e-02 1.291361511709699095e-01 1.088669545010679529e-01 2.134033050522629593e-01 6.247300357220373357e-01
1.099107806691449696e+02 2.452792125304974036e+00 2.633397798679896346e-02 9.285151175767957649e-03 2.510819721418324976e-02 4.461878169406613415e-02 7.074097696346866304e-02 1.362035922370441188e-01 1.158461769771039346e-01 2.245016064894899688e-01 6.467597238813087568e-01
1.110223048327137576e+02 2.558093174537423575e+00 2.727091757778642850e-02 1.038720134976955749e-02 2.772430822516195117e-02 4.804768122912941863e-02 7.567497854951982239e-02 1.435436303150767756e-01 1.231635668483968826e-01 2.359621526609680109e-01 6.691512558073030581e-01
1.121338289962825172e+02 2.666686378035585836e+00 2.824510241698293192e-02 1.159684581804127160e-02 3.055522406596404561e-02 5.166510894717588065e-02 8.084595884386350240e-02 1.511605400464436644e-01 1.308278748582908657e-01 2.477877023542663926e-01 6.919011095478637685e-01
1.132453531598513052e+02 2.778638202114344757e+00 2.925921065817201766e-02 1.292203025817583069e-02 3.361334526610150475e-02 5.547671058075404060e-02 8.625931087029461986e-02 1.590584554053638966e-01 1.388477464081420976e-01 2.599808180688462089e-01 7.150057265256445360e-01
1.143568773234200648e+02 2.894015769577432007e+00 3.031613854607127442e-02 1.437106710230997772e-02 3.691142451263568908e-02 5.948809467225937841e-02 9.192032783667919427e-02 1.672413683914628080e-01 1.472317133291344560e-01 2.725438695944816803e-01 7.384615170761820169e-01
1.154684014869888387e+02 3.012886859904517323e+00 3.141901163822294341e-02 1.595263833395149655e-02 4.046255857174711756e-02 6.370482675009835061e-02 9.783419903418355545e-02 1.757131280565613629e-01 1.559881861453910334e-01 2.854790377805256907e-01 7.622648656724563265e-01
1.165799256505576125e+02 3.135319909429056917e+00 3.257119608378297032e-02 1.767579762840362084e-02 4.428017958899477247e-02 6.813242376123472555e-02 1.040060060887734728e-01 1.844774398483690903e-01 1.651254468260557606e-01 2.987883184717781138e-01 7.864121358483070479e-01
1.176914498141263863e+02 3.261384011507439507e+00 3.377630993002601195e-02 1.954997183559420426e-02 4.837804580638697255e-02 7.277634876393593300e-02 1.104407195566080718e-01 1.935378652538314592e-01 1.746516420222086474e-01 3.124735265881499191e-01 8.108996748329748705e-01
1.188029739776951601e+02 3.391148916679906478e+00 3.503823442718135422e-02 2.158496180667598963e-02 5.277023173509324400e-02 7.764200588325524677e-02 1.171431958541736679e-01 2.028978217250093363e-01 1.845747767828359032e-01 3.265363003267106046e-01 8.357238179088487540e-01
1.199144981412639339e+02 3.524685032823693831e+00 3.636112530216227545e-02 2.379094256820541223e-02 5.747111782310261596e-02 8.273473553059283725e-02 1.241181745133550091e-01 2.125605828705957601e-01 1.949027087426162541e-01 3.409781054660629973e-01 8.608808925043062166e-01
1.210260223048327077e+02 3.662063425298796027e+00 3.774942397183758680e-02 2.617846285001647691e-02 6.249537965738884843e-02 8.805980988757908245e-02 1.313702757510889219e-01 2.225292788964524093e-01 2.056431427729642769e-01 3.558002397543181816e-01 8.863672220332841079e-01
1.221375464684014815e+02 3.803355817086791824e+00 3.920786866671875648e-02 2.875844397508357103e-02 6.785797674018810566e-02 9.362242865351563803e-02 1.389039983428046188e-01 2.328068972788926161e-01 2.168036260866373910e-01 3.710038373632337239e-01 9.121791294929523231e-01
1.232490706319702554e+02 3.948634588923088717e+00 4.074150543628921733e-02 3.154217812170119484e-02 7.357414087885219556e-02 9.942771505468586679e-02 1.467237177884926635e-01 2.433962836548228537e-01 2.283915437851911923e-01 3.865898733923082697e-01 9.383129408305750374e-01
1.243605947955390292e+02 4.097972779422887513e+00 4.235569900768151874e-02 3.454132597020258960e-02 7.965936422842005704e-02 1.054807121130036662e-01 1.548336847599878496e-01 2.543001429132877300e-01 2.404141148377060000e-01 4.025591684078238530e-01 9.647649880903329533e-01
1.254721189591078030e+02 4.251444085201299572e+00 4.405614346999869174e-02 3.776791374818643660e-02 8.612938702556821591e-02 1.117863791707146837e-01 1.632380238178489373e-01 2.655210404734296703e-01 2.528783884784611136e-01 4.189123930029772791e-01 9.915316123505557577e-01
1.265836431226765768e+02 4.409122860987836567e+00 4.584887275728150025e-02 4.123432968982344848e-02 9.300018505198200114e-02 1.183495886671790537e-01 1.719407323861039116e-01 2.770614037343561153e-01 2.657912410106170742e-01 4.356500723663307983e-01 1.018609166461492910e+00
1.276951672862453506e+02 4.571084119735610685e+00 4.774027090392286149e-02 4.495331992627187717e-02 1.002879568644244185e-01 1.251751231631592076e-01 1.809456799730759791e-01 2.889235236829334474e-01 2.791593730024479747e-01 4.527725908468543392e-01 1.045994017593409708e+00
1.288066914498141387e+02 4.737403532725545929e+00 4.973708204722583626e-02 4.893798382554235410e-02 1.080091108279102319e-01 1.322676726074963338e-01 1.902566076265040373e-01 3.011095566460487150e-01 2.929893068622669294e-01 4.702801965048316601e-01 1.073682549604442649e+00
1.299182156133828983e+02 4.908157429665713778e+00 5.184642015278018157e-02 5.320176880132597430e-02 1.161802519874213097e-01 1.396318318405879721e-01 1.998771276112258632e-01 3.136215261744114136e-01 3.072873847778657685e-01 4.881730056388448036e-01 1.101671165237327221e+00
1.310297397769516579e+02 5.083422798786344288e+00 5.407577843938506795e-02 5.775846461132964904e-02 1.248181688125247907e-01 1.472720983286709140e-01 2.098107232978029812e-01 3.264613250455468685e-01 3.220597670060824647e-01 5.064510072799416340e-01 1.129956288153755928e+00
1.321412639405204459e+02 5.263277286930402532e+00 5.643303848136433515e-02 6.262219716656111657e-02 1.339398198481196178e-01 1.551928701225619434e-01 2.200607492505934903e-01 3.396307173741371921e-01 3.373124304979363552e-01 5.251140676449330691e-01 1.158534364814780782e+00
1.332527881040892339e+02 5.447799199640123824e+00 5.892647896730022344e-02 6.780742187377032659e-02 1.435623203033198902e-01 1.633984440342115263e-01 2.306304315039729713e-01 3.531313408184668656e-01 3.530511678447430524e-01 5.441619345415623643e-01 1.187401866215339830e+00
1.343643122676579651e+02 5.637067501239735101e+00 6.156478409543814090e-02 7.332891653389413122e-02 1.537029286092303770e-01 1.718930140241871907e-01 2.415228680156061292e-01 3.669647088722381989e-01 3.692815865305641432e-01 5.635942417190498155e-01 1.216555289480679036e+00
1.354758364312267531e+02 5.831161814914555208e+00 6.435705158728589892e-02 7.920177381987546228e-02 1.643790329750556278e-01 1.806806697930022076e-01 2.527410292859132435e-01 3.811322132315952960e-01 3.860091084764573077e-01 5.834105131581923676e-01 1.245991159332081821e+00
1.365873605947955411e+02 6.030162422786458087e+00 6.731280030223082966e-02 8.544139335761134768e-02 1.756081379706308787e-01 1.897653955690477012e-01 2.642877591331305176e-01 3.956351262277056913e-01 4.032389698620447716e-01 6.036101672958795739e-01 1.275706029429003463e+00
1.376988847583643008e+02 6.234150265986201589e+00 7.044197743733358885e-02 9.206347343410635486e-02 1.874078511621275478e-01 1.991510690857872246e-01 2.761657756136630115e-01 4.104746033157993246e-01 4.209762212101252343e-01 6.241925211794840944e-01 1.305696483594444457e+00
1.388104089219330604e+02 6.443206944722509988e+00 7.375496529780031785e-02 9.908400235706768533e-02 1.997958698262633503e-01 2.088414607407884926e-01 2.883776720776995983e-01 4.256516856120584613e-01 4.392257277202193388e-01 6.451567945471835541e-01 1.335959136930018776e+00
1.399219330855018484e+02 6.657414718348249494e+00 7.726258762499922661e-02 1.065192494902815340e-01 2.127899677669846390e-01 2.188402329291281034e-01 3.009259183503966706e-01 4.411673024702683632e-01 4.579921698371907102e-01 6.665021138307587467e-01 1.366490636826947158e+00
1.410334572490706364e+02 6.876856505423678989e+00 8.097611547024986811e-02 1.143857559891083564e-01 2.264079822571749834e-01 2.291509395436990837e-01 3.138128620292408022e-01 4.570222740906172976e-01 4.772800440413486611e-01 6.882275160779720569e-01 1.397287663878881370e+00
1.421449814126393960e+02 7.101615883777044225e+00 8.490727260398234222e-02 1.227003252603387495e-01 2.406678011265689365e-01 2.397770256349689988e-01 3.270407298885414926e-01 4.732173141535196415e-01 4.970936638467396418e-01 7.103319527920300969e-01 1.428346932702186933e+00
1.432565055762081556e+02 7.331777090562655808e+00 8.906824045121686240e-02 1.314800131704900177e-01 2.555873500156580214e-01 2.507218272227829114e-01 3.406116293823351349e-01 4.897530324717803141e-01 5.174371609946570860e-01 7.328142936861082868e-01 1.459665192669095335e+00
1.443680297397769436e+02 7.567425022316416339e+00 9.347166254566116605e-02 1.407421180263730975e-01 2.711845798140158914e-01 2.619885712528712274e-01 3.545275502373221865e-01 5.066299376548744071e-01 5.383144868297378149e-01 7.556733303512668254e-01 1.491239228558808305e+00
1.454795539033457317e+02 7.808645235009089802e+00 9.813064849605268591e-02 1.505041703514535256e-01 2.874774543001321070e-01 2.735803756908076201e-01 3.687903661277910361e-01 5.238484397795305503e-01 5.597294138463668745e-01 7.789077798364896221e-01 1.523065861131425391e+00
1.465910780669144913e+02 8.055523944097359390e+00 1.030587774596734008e-01 1.607839224811582757e-01 3.044839379985240790e-01 2.855002497462884592e-01 3.834018364248490962e-01 5.414088530612282124e-01 5.816855373935170270e-01 8.025162881398844039e-01 1.555141947629357091e+00
1.477026022304832509e+02 8.308148024572689749e+00 1.082701011192487156e-01 1.715993379998430601e-01 3.222219842685961622e-01 2.977510942206973432e-01 3.983636080125825263e-01 5.593113985215978357e-01 6.041862775264797980e-01 8.264974336103891872e-01 1.587464382210597380e+00
1.488141263940520389e+02 8.566605011008347148e+00 1.137791461606856291e-01 1.829685810416595004e-01 3.407095236384724557e-01 3.103357019710857312e-01 4.136772171641353579e-01 5.775562066470973921e-01 6.272348809943949499e-01 8.508497302596284007e-01 1.620030096318038293e+00
1.499256505576208269e+02 8.830983097604276466e+00 1.196009162503239992e-01 1.949100054770339374e-01 3.599644523957959974e-01 3.232567584838270114e-01 4.293440914710094924e-01 5.961433200347030503e-01 6.508344233528357003e-01 8.755716309838025291e-01 1.652836058988806922e+00
1.510371747211895865e+02 9.101371138230343050e+00 1.257508935115471127e-01 2.074421440059016630e-01 3.800046214463079775e-01 3.365168425513843653e-01 4.453655518192249363e-01 6.150726960206737148e-01 6.749878111911414846e-01 9.006615306957159728e-01 1.685879277107403817e+00
1.521486988847583461e+02 9.377858646467725379e+00 1.322450395017403246e-01 2.205836971782382250e-01 4.008478254498597515e-01 3.501184270457796122e-01 4.617428144063014939e-01 6.343442092888013084e-01 6.996977844645790867e-01 9.261177693673017242e-01 1.719156795606194610e+00
1.532602230483271342e+02 9.660535795648732105e+00 1.390997956916775746e-01 2.343535223617896346e-01 4.225117922424219685e-01 3.640638797825414552e-01 4.784769927933251177e-01 6.539576544548478809e-01 7.249669189218111987e-01 9.519386349831229222e-01 1.752665697616659246e+00
1.543717472118959222e+02 9.949493418894880037e+00 1.463320834504658607e-01 2.487706226762539108e-01 4.450141725515662783e-01 3.783554644690859670e-01 4.955690999866794733e-01 6.739127486241659470e-01 7.507976286185699122e-01 9.781223664055825884e-01 1.786403104574611156e+00
1.554832713754646818e+02 1.024482300915360433e+01 1.539593035401866650e-01 2.638541359124740859e-01 4.683725300118984358e-01 3.929953417316835451e-01 5.130200505443304193e-01 6.942091339198075417e-01 7.771921685088015730e-01 1.004667156152657004e+00 1.820366176282430359e+00
1.565947955390334414e+02 1.054661671923352451e+01 1.619993351253277425e-01 2.796233234545095758e-01 4.926043314859178679e-01 4.079855702153377117e-01 5.308306627018218871e-01 7.148463799786329842e-01 8.041526371049948496e-01 1.031571153089150039e+00 1.854552110931195763e+00
1.577063197026022294e+02 1.085496736183819522e+01 1.704705343030035181e-01 2.960975592217248153e-01 5.177269376948557822e-01 4.233281077511054091e-01 5.490016605134245831e-01 7.358239864132334329e-01 8.316809791997079593e-01 1.058832465032573333e+00 1.888958145085437801e+00
1.588178438661709890e+02 1.116996840959864201e+01 1.793917321608312632e-01 3.132963186473214368e-01 5.437575941631482834e-01 4.390248125855890082e-01 5.675336760041900241e-01 7.571413852376897013e-01 8.597789886407931625e-01 1.086449161274843478e+00 1.923581553633097574e+00
1.599293680297397486e+02 1.149171399510465896e+01 1.887822323701292826e-01 3.312391677090075204e-01 5.707134224793545263e-01 4.550774446675179830e-01 5.864272513288640853e-01 7.787979432554141823e-01 8.884483111531022992e-01 1.114419275021148126e+00 1.958419649703149412e+00
1.610408921933085367e+02 1.182029891093481311e+01 1.986618083228703646e-01 3.499457520267390542e-01 5.986114118755364588e-01 4.714876669865304404e-01 6.056828409339294339e-01 8.007929644075322262e-01 9.176904471998797996e-01 1.142740805747315402e+00 1.993469784553169921e+00
1.621524163568773247e+02 1.215581860968539729e+01 2.090506998215236611e-01 3.694357860417532002e-01 6.274684111263013619e-01 4.882570469594769702e-01 6.253008137192380689e-01 8.231256920804448374e-01 9.475067548773661308e-01 1.171411721477195300e+00 2.028729347429052421e+00
1.632639405204460843e+02 1.249836920399812712e+01 2.199696093315883227e-01 3.897290422903552098e-01 6.573011207681078716e-01 5.053870578597381424e-01 6.452814551959870082e-01 8.457953113714239413e-01 9.778984528365323170e-01 1.200429960981544308e+00 2.064195765398928462e+00
1.643754646840148439e+02 1.284804746658701191e+01 2.314396978072257305e-01 4.108453407852022954e-01 6.881260856386037794e-01 5.228790802852694153e-01 6.656249696379560321e-01 8.688009513112281423e-01 1.008866623226139403e+00 1.229793435900001564e+00 2.099866503163250631e+00
1.654869888475836319e+02 1.320495083026406924e+01 2.434825801009427304e-01 4.328045385160836922e-01 7.199596877352760771e-01 5.407344036612349303e-01 6.863314822231959544e-01 8.921416870428993118e-01 1.040412214651702527e+00 1.259500032787772561e+00 2.135739062842838099e+00
1.665985130111524199e+02 1.356917738796400030e+01 2.561203199688220633e-01 4.556265190814681176e-01 7.528181393919882725e-01 5.589542277733324793e-01 7.074010411635338613e-01 9.158165419560664322e-01 1.072536045145219719e+00 1.289547615088646237e+00 2.171810983746677248e+00
1.677100371747211796e+02 1.394082589276817075e+01 2.693754246832222865e-01 4.793311824614149841e-01 7.867174767715052752e-01 5.775396643280341635e-01 7.288336198194614868e-01 9.398244897761927064e-01 1.105238805140857705e+00 1.319934025036072267e+00 2.208079842121045910e+00
1.688215613382899392e+02 1.431999575792750079e+01 2.832708392653111029e-01 5.039384349416909936e-01 8.216735536715463750e-01 5.964917385362009661e-01 7.506291187981848356e-01 9.641644566083595880e-01 1.138521060452055256e+00 1.350657085483938591e+00 2.244543250881589458e+00
1.699330855018587272e+02 1.470678705688471233e+01 2.978299403501555864e-01 5.294681791982811525e-01 8.577020356414138957e-01 6.158113907166701262e-01 7.727873680327594919e-01 9.888353229352671026e-01 1.172383255245828426e+00 1.381714601668800890e+00 2.281198859329696571e+00
1.710446096654275152e+02 1.510130052329543915e+01 3.130765296974205580e-01 5.559403045508017893e-01 8.948183944058819561e-01 6.354994779165885621e-01 7.953081288404382221e-01 1.013835925569269714e+00 1.206825715010278355e+00 1.413104362905257094e+00 2.318044352854636614e+00
1.721561338289962748e+02 1.550363755104895880e+01 3.290348273610103624e-01 5.833746773926581364e-01 9.330379025924917524e-01 6.555567755454667633e-01 8.181910959585096954e-01 1.039165059558365023e+00 1.241848649511674729e+00 1.444824144216220185e+00 2.355077452622678535e+00
1.732676579925650344e+02 1.591390019428793146e+01 3.457294645312290471e-01 6.117911318051502123e-01 9.723756287581923896e-01 6.759839790200191656e-01 8.414358995560562438e-01 1.064821480046127977e+00 1.277452155737577533e+00 1.476871707899763964e+00 2.392295915254477379e+00
1.743791821561338224e+02 1.633219116742745314e+01 3.631854760632277079e-01 6.412094603620910327e-01 1.012846432710741373e+00 6.967817054171157043e-01 8.650421072202140182e-01 1.090803904085692944e+00 1.313636220822870682e+00 1.509244805034308134e+00 2.429697532491779555e+00
1.754907063197026105e+02 1.675861384517348895e+01 3.814282927056856232e-01 6.716494051309214175e-01 1.054464961120117339e+00 7.179504951321994399e-01 8.890092259156618937e-01 1.117111012407935755e+00 1.350400724955710396e+00 1.541941176923808943e+00 2.467280130854598408e+00
1.766022304832713701e+02 1.719327226254066332e+01 4.004837330437751031e-01 7.031306488756937645e-01 1.097245643414861638e+00 7.394908135408053695e-01 9.133367039161824907e-01 1.143741451144135279e+00 1.387745444260659600e+00 1.574958556484662875e+00 2.505041571289809976e+00
1.777137546468401297e+02 1.763627111486926680e+01 4.203779951705625684e-01 7.356728064667236167e-01 1.141202687957965756e+00 7.614030526608320804e-01 9.380239327072826816e-01 1.170693833503383186e+00 1.425670053656453717e+00 1.608294669576009195e+00 2.542979748812183693e+00
1.788252788104089177e+02 1.808771575784191299e+01 4.411376481010426120e-01 7.692954165011675061e-01 1.186350078496789973e+00 7.836875328134600416e-01 9.630702488589598653e-01 1.197966741405144697e+00 1.464174129686102610e+00 1.641947236275075550e+00 2.581092592138638064e+00
1.799368029739776773e+02 1.854771220749931615e+01 4.627896229430267794e-01 8.040179331382605321e-01 1.232701570881240549e+00 8.063445042806707264e-01 9.884749358678326381e-01 1.225558727067386000e+00 1.503257153317163475e+00 1.675913972099202010e+00 2.619378063316653904e+00
1.810483271375464653e+02 1.901636714025589825e+01 4.853612038391019179e-01 8.398597181524156685e-01 1.280270690044232884e+00 8.293741489574957271e-01 1.014237225967931311e+00 1.253468314550731488e+00 1.542918512710272472e+00 1.710192589176181110e+00 2.657834157347570780e+00
1.821598513011152249e+02 1.949378789291438352e+01 5.088800186938188252e-01 8.768400332069075098e-01 1.329070727238419236e+00 8.527765819972202843e-01 1.040356301909578951e+00 1.281694001259200855e+00 1.583157505954114086e+00 1.744780797364471780e+00 2.696458901805500741e+00
1.832713754646840130e+02 1.998008246268036103e+01 5.333740297002284025e-01 9.149780323503936552e-01 1.379114737522917133e+00 8.765518534478919932e-01 1.066831298705832376e+00 1.310234259398039613e+00 1.623973343765285682e+00 1.779676305324869867e+00 2.735250356452575637e+00
1.843828996282527726e+02 2.047535950717603370e+01 5.588715236797530128e-01 9.542927547380618547e-01 1.430415537493709088e+00 9.006999498786155689e-01 1.093661305346110613e+00 1.339087537389288984e+00 1.665365152151546013e+00 1.814876821545172270e+00 2.774206612851128906e+00
1.854944237918215606e+02 2.097972834445353385e+01 5.854011022493080807e-01 9.948031175787852565e-01 1.482985703251369580e+00 9.252207959941927129e-01 1.120845366476657778e+00 1.368252261245704204e+00 1.707331975037184923e+00 1.850380055319328809e+00 2.813325793973441957e+00
1.866059479553903202e+02 2.149329895300802207e+01 6.129916718293936251e-01 1.036527909309230333e+00 1.536837568599544790e+00 9.501142562367977940e-01 1.148382484047562491e+00 1.397726835903642106e+00 1.749872776849351608e+00 1.886183717682563765e+00 2.852606053809612963e+00
1.877174721189591082e+02 2.201618197178991565e+01 6.416724335067640617e-01 1.079485782995477816e+00 1.591983223467749342e+00 9.753801363734717622e-01 1.176271618926217233e+00 1.427509646515654040e+00 1.792986445064319145e+00 1.922285522303918803e+00 2.892045576974042298e+00
1.888289962825278678e+02 2.254848870021731244e+01 6.714728727650601803e-01 1.123695249962358478e+00 1.648434512551832265e+00 1.001018185068291988e+00 1.204511692477017615e+00 1.457599059703443611e+00 1.836671792712782247e+00 1.958683186337621507e+00 2.931642578311058234e+00
1.899405204460966559e+02 2.309033109818724228e+01 7.024227490966206133e-01 1.169174673650348328e+00 1.706203034165582055e+00 1.027028095438214050e+00 1.233101588107301083e+00 1.487993424771924644e+00 1.880927560843426161e+00 1.995374431234656631e+00 2.971395302500118518e+00
1.910520446096654155e+02 2.364182178608733764e+01 7.345520855084108902e-01 1.215942263699494985e+00 1.765300139296851478e+00 1.053409506591615141e+00 1.262040152779505098e+00 1.518691074885100356e+00 1.925752420944065291e+00 2.032356983515923865e+00 3.011302023661007965e+00
1.921635687732342035e+02 2.420307404480648827e+01 7.678911579348811633e-01 1.264016070259625701e+00 1.825736930861646234e+00 1.080162005148687987e+00 1.291326198489591626e+00 1.549690328204520462e+00 1.971144977319874814e+00 2.069628575508250634e+00 3.051361044959436164e+00
1.932750929368029631e+02 2.477420181574546376e+01 8.024704845701721156e-01 1.313413978525641346e+00 1.887524263149566561e+00 1.107285126742895809e+00 1.320958503711850751e+00 1.580989488991065617e+00 2.017103769428145288e+00 2.107186946044579123e+00 3.091570698213386148e+00
1.943866171003717227e+02 2.535531970082706721e+01 8.383208151319689883e-01 1.364153703496605807e+00 1.950672741454136272e+00 1.134778357502782553e+00 1.350935814810229285e+00 1.612586848670816586e+00 2.063627274169295145e+00 2.145029841129578507e+00 3.131929343500567953e+00
1.954981412639405107e+02 2.594654296250617165e+01 8.754731200689156445e-01 1.416252784956925304e+00 2.015192721881467808e+00 1.162641135513495128e+00 1.381256847416349798e+00 1.644480686865785746e+00 2.110713908133802441e+00 2.183155014571872776e+00 3.172435368767282604e+00
1.966096654275092703e+02 2.654798752377908855e+01 9.139585797232727682e-01 1.469728582677683582e+00 2.081094311330890623e+00 1.190872852257458980e+00 1.411920287774474980e+00 1.676669272390268972e+00 2.158362029804888227e+00 2.221560228584118057e+00 3.213087189438974978e+00
1.977211895910780584e+02 2.715976996819290079e+01 9.538085734602287369e-01 1.524598271836147045e+00 2.148387367641118928e+00 1.219472854033677445e+00 1.442924794053672910e+00 1.709150864213602627e+00 2.206569941716804539e+00 2.260243254352027442e+00 3.253883248032761522e+00
1.988327137546468180e+02 2.778200753985434446e+01 9.950546687748966779e-01 1.580878838650915386e+00 2.217081499895686925e+00 1.248440443355241403e+00 1.474268997627453670e+00 1.741923712390095025e+00 2.255335892568738121e+00 2.299201872573522376e+00 3.294822013772177538e+00
1.999442379182156060e+02 2.841481814343857337e+01 1.037728610387804729e+00 1.638587076230349826e+00 2.287186068881414513e+00 1.277774880324618945e+00 1.505951504321225931e+00 1.774986058956900870e+00 2.304658079294245709e+00 2.338433873969078203e+00 3.335901982204348304e+00
2.010557620817843656e+02 2.905832034419747245e+01 1.081862309339304495e+00 1.697739580631432155e+00 2.358710187693783045e+00 1.307475383986434370e+00 1.537970895627902124e+00 1.808336138800604953e+00 2.354534649086429621e+00 2.377937059764283045e+00 3.377121674819830943e+00
2.021672862453531536e+02 2.971263336796780052e+01 1.127487832093073239e+00 1.758352747126278315e+00 2.431662722483134420e+00 1.337541133657422110e+00 1.570325729892039446e+00 1.841972180493290701e+00 2.404963701378890484e+00 2.417709242145730020e+00 3.418479638675264276e+00
2.032788104089219132e+02 3.037787710117914131e+01 1.174637389658438114e+00 1.820442766673141310e+00 2.506052293335790715e+00 1.367971270233320658e+00 1.603014543462908836e+00 1.875892407098838977e+00 2.455943289782673844e+00 2.457748244691147388e+00 3.459974446019061123e+00
2.043903345724907012e+02 3.105417209086132857e+01 1.223343326741125558e+00 1.884025622588846982e+00 2.581887275284206140e+00 1.398764897472546176e+00 1.636035851816882714e+00 1.910095036950224312e+00 2.507471423979482417e+00 2.498051902774784949e+00 3.501604693920255862e+00
2.055018587360594609e+02 3.174163954465192816e+01 1.273638110931448075e+00 1.949117087419244276e+00 2.659175799440391064e+00 1.429921083256449066e+00 1.669388150649610880e+00 1.944578284398536416e+00 2.559546071571401793e+00 2.538618063949009684e+00 3.543369003900652903e+00
2.066133828996282489e+02 3.244040133080365962e+01 1.325554321938900770e+00 2.015732720004309808e+00 2.737925754247060528e+00 1.461438860826104857e+00 1.703069916938389383e+00 1.979340360534489918e+00 2.612165159887513077e+00 2.579444588302949093e+00 3.585266021570466144e+00
2.077249070631970085e+02 3.315057997819080526e+01 1.379124640881495445e+00 2.083887862734322916e+00 2.818144786840871774e+00 1.493317229995501760e+00 1.737079609975217043e+00 2.014379473883120220e+00 2.665326577747651360e+00 2.620529348799157443e+00 3.627294416267460520e+00
2.088364312267657965e+02 3.387229867631637603e+01 1.434381839638132039e+00 2.153597638993527852e+00 2.899840304522440348e+00 1.525555158341159290e+00 1.771415672370976191e+00 2.049693831072431749e+00 2.719028177183898887e+00 2.661870231589087865e+00 3.669452880699805242e+00
2.099479553903345561e+02 3.460568127531852411e+01 1.491358770271747902e+00 2.224876950787527008e+00 2.983019476327765318e+00 1.558151582368114907e+00 1.806076531031254762e+00 2.085281637476632088e+00 2.773267775120025647e+00 2.703465136308210948e+00 3.711740130592660503e+00
2.110594795539033441e+02 3.535085228597672824e+01 1.550088354530760659e+00 2.297740476550674593e+00 3.067689234695978318e+00 1.591105408652348618e+00 1.841060598104261148e+00 2.121141097834752465e+00 2.828043155009506204e+00 2.745311976351622274e+00 3.754154904338618870e+00
2.121710037174721037e+02 3.610793687971800381e+01 1.610603573435987368e+00 2.372202669129593655e+00 3.153856277228304972e+00 1.624415514959686835e+00 1.876366271901356519e+00 2.157270416845249894e+00 2.883352068432522675e+00 2.787408679130835232e+00 3.796695962652064882e+00
2.132825278810408918e+02 3.687706088862295672e+01 1.672937456959864067e+00 2.448277753938886470e+00 3.241527068533382128e+00 1.658080751341258763e+00 1.911991937790691987e+00 2.193667799737332391e+00 2.939192236652512058e+00 2.829753186312581548e+00 3.839362088227511904e+00
2.143940520446096514e+02 3.765835080543144642e+01 1.737123073804494711e+00 2.525979727285179610e+00 3.330707842154046361e+00 1.692099941205635671e+00 1.947935969064459094e+00 2.230331452819616533e+00 2.995561352132696253e+00 2.872343454040306554e+00 3.882152085401959329e+00
2.155055762081784394e+02 3.845193378354800018e+01 1.803193521284707668e+00 2.605322354855462041e+00 3.421404602571059606e+00 1.726471882367778488e+00 1.984196727780276559e+00 2.267259584006850570e+00 3.052457080013287083e+00 2.915177453139048414e+00 3.925064779821342498e+00
2.166171003717471990e+02 3.925793763704781725e+01 1.871181915322038369e+00 2.686319170365731424e+00 3.513623127279069447e+00 1.761195348074903411e+00 2.020772565577189095e+00 2.304450403325259078e+00 3.109877059549822853e+00 2.958253169304410068e+00 3.968099018111116649e+00
2.177286245353159586e+02 4.007649084068131629e+01 1.941121380555174580e+00 2.768983474365890984e+00 3.607368968930512398e+00 1.796269088009537773e+00 2.057661824466831657e+00 2.341902123397149538e+00 3.167818905513273275e+00 3.001568603276233205e+00 4.011253667550961133e+00
2.188401486988847466e+02 4.090772252987984103e+01 2.013045040572175370e+00 2.853328333196957445e+00 3.702647457543126297e+00 1.831691829269827876e+00 2.094862837600270478e+00 2.379612959905506919e+00 3.226280209552482070e+00 3.045121770997667898e+00 4.054527615753672265e+00
2.199516728624535062e+02 4.175176250076018647e+01 2.086986008269335002e+00 2.939366578096382021e+00 3.799463702766870732e+00 1.867462277327406772e+00 2.132373930010979191e+00 2.417581132039011926e+00 3.285258541519572528e+00 3.088910703760159748e+00 4.097919770348262603e+00
2.210631970260222943e+02 4.260874121012981419e+01 2.162977376341494562e+00 3.027110804447574299e+00 3.897822596206240053e+00 1.903579116963007856e+00 2.170193419334546014e+00 2.455804862918197440e+00 3.344751450758940869e+00 3.132933448335032178e+00 4.141429058667249308e+00
2.221747211895910539e+02 4.347878977549124357e+01 2.241052207908044824e+00 3.116573371169567341e+00 3.997728813794109826e+00 1.940041013180031415e+00 2.208319616505535876e+00 2.494282380003257416e+00 3.404756467360448013e+00 3.177188067092159951e+00 4.185054427438171132e+00
2.232862453531598419e+02 4.436203997504680530e+01 2.321243527278824548e+00 3.207766400242691773e+00 4.099186818213190975e+00 1.976846612096378797e+00 2.246750826432124981e+00 2.533011915484131293e+00 3.465271103377417283e+00 3.221672638106308106e+00 4.228794842479303817e+00
2.243977695167286015e+02 4.525862424770269854e+01 2.403584310863591700e+00 3.300701776366403717e+00 4.202200861361577111e+00 2.013994541814732475e+00 2.285485348648834680e+00 2.571991706653327103e+00 3.526292854010141031e+00 3.266385255251694542e+00 4.272649288399609446e+00
2.255092936802973895e+02 4.616867569307390085e+01 2.488107478228771097e+00 3.395391146745187161e+00 4.306774986858639132e+00 2.051483413271616651e+00 2.324521477948088499e+00 2.611219996262130749e+00 3.587819198755478389e+00 3.311324028285213661e+00 4.316616768302888651e+00
2.266208178438661491e+02 4.709232807148764977e+01 2.574845883304604843e+00 3.491845920998558395e+00 4.412913032588055451e+00 2.089311821065505725e+00 2.363857504990892089e+00 2.650695032860633127e+00 3.649847602523184076e+00 3.356487082918886422e+00 4.360696303496114368e+00
2.277323420074349372e+02 4.802971580398815377e+01 2.663832305745807094e+00 3.590077271191317365e+00 4.520618633274454012e+00 2.127478344264221999e+00 2.403491716897278252e+00 2.690415071122151502e+00 3.712375516719666813e+00 3.401872560881952001e+00 4.404886933201978216e+00
2.288438661710036968e+02 4.898097397233979677e+01 2.755099442448380120e+00 3.690096131980109995e+00 4.629895223090649381e+00 2.165981547191980550e+00 2.443422397816839897e+00 2.730378372152515887e+00 3.775400380299775982e+00 3.447478619973088687e+00 4.449187714275555372e+00
2.299553903345724848e+02 4.994623831903187750e+01 2.848679899225326384e+00 3.791913200872402800e+00 4.740746038292211750e+00 2.204819980196330853e+00 2.483647829480024605e+00 2.770583203784712456e+00 3.838919620787258236e+00 3.493303434103207206e+00 4.493597720925167849e+00
2.310669144981412444e+02 5.092564524728136632e+01 2.944606182643163095e+00 3.895538938594137246e+00 4.853174119876499937e+00 2.243992180395343983e+00 2.524166291730500333e+00 2.811027840859368965e+00 3.902930655264544857e+00 3.539345193329196615e+00 4.538116044437322749e+00
2.321784386617100324e+02 5.191933182103717570e+01 3.042910692021710162e+00 4.000983569562261088e+00 4.967182316263343722e+00 2.283496672405326056e+00 2.564976063039173138e+00 2.851710565491555993e+00 3.967430891332529797e+00 3.585602103879097946e+00 4.582741792905756562e+00
2.332899628252787920e+02 5.292743576498354940e+01 3.143625711598505124e+00 4.108257082458345089e+00 5.082773285994431234e+00 2.323331969049367007e+00 2.606075421000185077e+00 2.892629667324323695e+00 4.032417728040916138e+00 3.632072388169035992e+00 4.627474090964568632e+00
2.344014869888475801e+02 5.395009546454333105e+01 3.246783402859903855e+00 4.217369230899810084e+00 5.199949500448940221e+00 2.363496572047076416e+00 2.647462642809575328e+00 2.933783443769443000e+00 4.097888556789810899e+00 3.678754284812301822e+00 4.672312079525331896e+00
2.355130111524163397e+02 5.498744996588129652e+01 3.352415797039832057e+00 4.328329534204863549e+00 5.318713246572805531e+00 2.403988972685840331e+00 2.689136005726782574e+00 2.975170200235758067e+00 4.163840762203208534e+00 3.725646048621006123e+00 4.717254915518245717e+00
2.366245353159851277e+02 5.603963897590768539e+01 3.460554787787648579e+00 4.441147278247868257e+00 5.439066629619022208e+00 2.444807652473789616e+00 2.731093787519622396e+00 3.016788250345613598e+00 4.230271722974911164e+00 3.772745950600555176e+00 4.762301771637241110e+00
2.377360594795538873e+02 5.710680286228085833e+01 3.571232124005972342e+00 4.555831516401408265e+00 5.561011575897008896e+00 2.485951083775045589e+00 2.773334266893098032e+00 3.058635916139681221e+00 4.297178812687584504e+00 3.820052277937360685e+00 4.807451836089015274e+00
2.388475836431226753e+02 5.818908265341095642e+01 3.684479402859258013e+00 4.672391070561775273e+00 5.684549835528363460e+00 2.527417730427323317e+00 2.815855723902479291e+00 3.100711528270668094e+00 4.364559400605585004e+00 3.867563333980093887e+00 4.852704312345934134e+00
2.399591078066914349e+02 5.928662003846226014e+01 3.800328062953758579e+00 4.790834532254383049e+00 5.809682985207039962e+00 2.569206048342346893e+00 2.858656440351114103e+00 3.143013426186219927e+00 4.432410852441979188e+00 3.915277438214773920e+00 4.898058418902799360e+00
2.410706319702601945e+02 6.039955736735662128e+01 3.918809377689270068e+00 4.911170263815800574e+00 5.936412430962086262e+00 2.611314486089432396e+00 2.901734700173260961e+00 3.185539958301442098e+00 4.500730531100642473e+00 3.963192926234011981e+00 4.943513389037419437e+00
2.421821561338289825e+02 6.152803765077586462e+01 4.039954448782960839e+00 5.033406399649225982e+00 6.064739410920476637e+00 2.653741485462457472e+00 2.945088789802526197e+00 3.228289482161375901e+00 4.569515797393737699e+00 4.011308149700687942e+00 4.989068470574951952e+00
2.432936802973977422e+02 6.267220456016491426e+01 4.163794199965218823e+00 5.157550847550044892e+00 6.194664998068717843e+00 2.696485482030603453e+00 2.988716998526132596e+00 3.271260364593767900e+00 4.638764010735395793e+00 4.059621476306324972e+00 5.034722925655948700e+00
2.444052044609665302e+02 6.383220242773411002e+01 4.290359370847742326e+00 5.283611290098499502e+00 6.326190103011005483e+00 2.739544905673236830e+00 3.032617618825537154e+00 3.314450981852506306e+00 4.708472529811997376e+00 4.108131289724489932e+00 5.080476030508078722e+00
2.455167286245352898e+02 6.500817624646198567e+01 4.419680510963268638e+00 5.411595186116286982e+00 6.459315476722385263e+00 2.782918181099124144e+00 3.076788946703674199e+00 3.357859719752060101e+00 4.778638713229763191e+00 4.156835989559379385e+00 5.126327075221515095e+00
2.466282527881040778e+02 6.620027167009811819e+01 4.551787973976914259e+00 5.541509772184162408e+00 6.594041713295340834e+00 2.826603728350463474e+00 3.121229281999309269e+00 3.401484973793189592e+00 4.849259920140063684e+00 4.205733991289933194e+00 5.172275363527866432e+00
2.477397769516728374e+02 6.740863501316489703e+01 4.686711912068400210e+00 5.673362064217520206e+00 6.730369252678133130e+00 2.870599963291907031e+00 3.165936928688738217e+00 3.445325149280280552e+00 4.920333510843208025e+00 4.254823726209607138e+00 5.218320212582673534e+00
2.488513011152416254e+02 6.863341325096061496e+01 4.824482270484638846e+00 5.807158859097232728e+00 6.868298383403460328e+00 2.914905298085002983e+00 3.210910195175324056e+00 3.489378661430651896e+00 4.991856847370991446e+00 4.304103641362188704e+00 5.264460952751404577e+00
2.499628252788103850e+02 6.987475401956108101e+01 4.965128782261878371e+00 5.942906736352691510e+00 7.007829245306029797e+00 2.959518141648254108e+00 3.256147394567119768e+00 3.533643935475990983e+00 5.063827294048783401e+00 4.353572199473670246e+00 5.310696927398872447e+00
2.510743494423791731e+02 7.113280561582280370e+01 5.108680963116530194e+00 6.080612059894590082e+00 7.148961832227761271e+00 3.004436900103224506e+00 3.301646844942964343e+00 3.578119406756370413e+00 5.136242218037513574e+00 4.403227878880604962e+00 5.357027492682096437e+00
2.521858736059479327e+02 7.240771699738439793e+01 5.255168106503581349e+00 6.220280979794622134e+00 7.291695994709269435e+00 3.049659977206935491e+00 3.347406869607393087e+00 3.622803520807007072e+00 5.209098989856153494e+00 4.453069173454925256e+00 5.403452017346470626e+00
2.532973977695167207e+02 7.369963778266946974e+01 5.404619278841784613e+00 6.361919434109504223e+00 7.436031442666473978e+00 3.095185774770835341e+00 3.393425797334687744e+00 3.667694733438044974e+00 5.282394983885193795e+00 4.503094592525661355e+00 5.449969882525280696e+00
2.544089219330854803e+02 7.500871825088813694e+01 5.557063314903947671e+00 6.505533150746820148e+00 7.581967748051201106e+00 3.141012693066707051e+00 3.439701962602313756e+00 3.712791510807705198e+00 5.356127578851540783e+00 4.553302660797513113e+00 5.496580481542442165e+00
2.555204460966542683e+02 7.633510934203921749e+01 5.712528813371490877e+00 6.651127649370166317e+00 7.729504347494800420e+00 3.187139131219755228e+00 3.486233705814232753e+00 3.758092329488929462e+00 5.430294158295463802e+00 4.603691918266598293e+00 5.543283219718498245e+00
2.566319702602230564e+02 7.767896265691250335e+01 5.871044132551541672e+00 6.798708243341263113e+00 7.878640544933533718e+00 3.233563487589190988e+00 3.533019373514165729e+00 3.803595676529875735e+00 5.504892111019926482e+00 4.654260920133522994e+00 5.590077514179740525e+00
2.577434944237918444e+02 7.904043045709025250e+01 6.032637386255190748e+00 6.948280041696641263e+00 8.029375514215059795e+00 3.280284160136618610e+00 3.580057318589318971e+00 3.849300049508407984e+00 5.579918831522840073e+00 4.705008236713896785e+00 5.636962793670476479e+00
2.588550185873605756e+02 8.041966566494984647e+01 6.197336439835400945e+00 7.099847951156567305e+00 8.181708301685036488e+00 3.327299546782454875e+00 3.627345900464703732e+00 3.895203956580879812e+00 5.655371720412714964e+00 4.755932453346485289e+00 5.683938498368346082e+00
2.599665427509293636e+02 8.181682186366494136e+01 6.365168906382838721e+00 7.253416678164232856e+00 8.335637828752847867e+00 3.374608045750746133e+00 3.674883485288457763e+00 3.941305916525409625e+00 5.731248184808169555e+00 4.807032170299149421e+00 5.731004079702708864e+00
2.610780669144980948e+02 8.323205329720747159e+01 6.536162143077871356e+00 7.408990730952655035e+00 8.491162894435868580e+00 3.422208055902563828e+00 3.722668446108323259e+00 3.987604458779835159e+00 5.807545638721622439e+00 4.858306002672706292e+00 5.778159000175946858e+00
2.621895910780668828e+02 8.466551487034953993e+01 6.710343247697190705e+00 7.566574421637649372e+00 8.648282177881682742e+00 3.470097977058348881e+00 3.770699163039682666e+00 4.034098123474601394e+00 5.884261503427767437e+00 4.909752580302869873e+00 5.825402733187758031e+00
2.633011152416356708e+02 8.611736214866498074e+01 6.887739055272755095e+00 7.726171868334487769e+00 8.806994240866957924e+00 3.518276210309376761e+00 3.818974023425305120e+00 4.080785461460747499e+00 5.961393207817151207e+00 4.961370547660325592e+00 5.872734762862315883e+00
2.644126394052044589e+02 8.758775135853136362e+01 7.068376134901708241e+00 7.887786997296528213e+00 8.967297530273132367e+00 3.566741158318701643e+00 3.867491421987114819e+00 4.127665034333197092e+00 6.038938188735308188e+00 5.013158563749222196e+00 5.920154583878237453e+00
2.655241635687732469e+02 8.907683938713111615e+01 7.252280786704865534e+00 8.051423545073772559e+00 9.129190380537821170e+00 3.615491225611766168e+00 3.916249760970255789e+00 4.174735414449559201e+00 6.116893891307815245e+00 5.065115302004074671e+00 5.967661701301456567e+00
2.666356877323419781e+02 9.058478378245352758e+01 7.439479038931859023e+00 8.217085060689479192e+00 9.292671016081571977e+00 3.664524818856975230e+00 3.965247450279613783e+00 4.221995184944583812e+00 6.195257769251734992e+00 5.117239450185172345e+00 6.015255630420693223e+00
2.677472118959107661e+02 9.211174275329651095e+01 7.629996645211232220e+00 8.384774907833310920e+00 9.457737553709383960e+00 3.713840347136481590e+00 4.014482907609142615e+00 4.269442939740492271e+00 6.274027285173780832e+00 5.169529710272775525e+00 6.062935896585785578e+00
2.688587360594794973e+02 9.365787516926711476e+01 7.823859081942745597e+00 8.554496267068794069e+00 9.624388004986565548e+00 3.763436222207373838e+00 4.063954558564089936e+00 4.317077283553309108e+00 6.353199910855559907e+00 5.221984798359997626e+00 6.110702035048588776e+00
2.699702602230482853e+02 9.522334056078462083e+01 8.021091545830371317e+00 8.726252138054146457e+00 9.792620278588854532e+00 3.813310858753622412e+00 4.113660836776533714e+00 4.364896831895400453e+00 6.432773127526407286e+00 5.274603444544661457e+00 6.158553590806528533e+00
2.710817843866170733e+02 9.680829911908027441e+01 8.221718951553404153e+00 8.900045341773891394e+00 9.962432182625544641e+00 3.863462674628896920e+00 4.163600184014255134e+00 4.412900211074338941e+00 6.512744426123977526e+00 5.327384392820027514e+00 6.206490118448753535e+00
2.721933085501858613e+02 9.841291169619992729e+01 8.425765929573682200e+00 9.075878522780737256e+00 1.013382142693647303e+01 3.913890091090590495e+00 4.213771050283273034e+00 4.461086058188293180e+00 6.593111307543042088e+00 5.380326400964766442e+00 6.254511182004791614e+00
2.733048327137546494e+02 1.000373398050047484e+02 8.633256824076694258e+00 9.253754151445440002e+00 1.030678562536138898e+01 3.964591533025189296e+00 4.264171893924284085e+00 4.509453021118049243e+00 6.673871282872912758e+00 5.433428240431933176e+00 6.302616354795733677e+00
2.744163568773234374e+02 1.016817456191732703e+02 8.844215691044023941e+00 9.433674526213538414e+00 1.048132229798232196e+01 4.015565429165320666e+00 4.314801181703033173e+00 4.557999758515812516e+00 6.755021873623723749e+00 5.486688696237321139e+00 6.350805219287855685e+00
2.755278810408921686e+02 1.033462919732019003e+02 9.058666296455426092e+00 9.615641775867581842e+00 1.065742887333831135e+01 4.066810212298552329e+00 4.365657388895050950e+00 4.606724939791000395e+00 6.836560611941906451e+00 5.540106566847105007e+00 6.399077366948658252e+00
2.766394052044609566e+02 1.050311423624064986e+02 9.276632114617731517e+00 9.799657861793207303e+00 1.083510269061209996e+01 4.118324319468374739e+00 4.416738999364778984e+00 4.655627245093032052e+00 6.918485040815243181e+00 5.593680664064910601e+00 6.447432398105300777e+00
2.777509293680296878e+02 1.067364609429239408e+02 9.498136326618258352e+00 9.985724580248229287e+00 1.101434100178914122e+01 4.170106192167279957e+00 4.468044505639314323e+00 4.704705365291334651e+00 7.000792714267740635e+00 5.647409812918368743e+00 6.495869921805327962e+00
2.788624535315984758e+02 1.084624125317132979e+02 9.723201818900957250e+00 1.017384356463309381e+01 1.119514097378835871e+01 4.222154276522458005e+00 4.519572408976969768e+00 4.753958001952715229e+00 7.083481197544750252e+00 5.701292851545300522e+00 6.544389555679762438e+00
2.799739776951672638e+02 1.102091626065562906e+02 9.951851181962251047e+00 1.036401628776152606e+01 1.137749969056451960e+01 4.274467023474097793e+00 4.571321219430823035e+00 4.803383867316099121e+00 7.166548067288434964e+00 5.755328631079417612e+00 6.592990925808379643e+00
2.810855018587360519e+02 1.119768773060596914e+02 1.018410670916490979e+01 1.055624406413062566e+01 1.156141415518239945e+01 4.327042888946569299e+00 4.623289455907437784e+00 4.852981684264885409e+00 7.249990911704122354e+00 5.809516015535881373e+00 6.641673666587270652e+00
2.821970260223048399e+02 1.137657234296552389e+02 1.041999039566681695e+01 1.075052805218867746e+01 1.174688129186248275e+01 4.379880334012675291e+00 4.675475646220835557e+00 4.902750186296985113e+00 7.333807330717564632e+00 5.863853881696468484e+00 6.690437420598543738e+00
2.833085501858736279e+02 1.155758684376016419e+02 1.065952393746322002e+01 1.094686925660004029e+01 1.193389794799816350e+01 4.432977825051180432e+00 4.727878327142092552e+00 4.952688117492553665e+00 7.417994936123655236e+00 5.918341118994698391e+00 6.739281838482217069e+00
2.844200743494423591e+02 1.174074804509850338e+02 1.090272873053928393e+01 1.114526853050611876e+01 1.212246089614431099e+01 4.486333833897781176e+00 4.780496044444420001e+00 5.002794232479700121e+00 7.502551351726606477e+00 5.972976629400752024e+00 6.788206578810167535e+00
2.855315985130111471e+02 1.192607282517208915e+02 1.114962587013107864e+01 1.134572657778100790e+01 1.231256683597754886e+01 4.539946837989645267e+00 4.833327352944126076e+00 5.053067296398176644e+00 7.587474213472100715e+00 6.027759327306371873e+00 6.837211307962226314e+00
2.866431226765798783e+02 1.211357812825540492e+02 1.140023615009245717e+01 1.154824395528130587e+01 1.250421239622764347e+01 4.593815320503847666e+00 4.886370816537539241e+00 5.103506084861057168e+00 7.672761169571432838e+00 6.082688139409762051e+00 6.886295700004245290e+00
2.877546468401486663e+02 1.230328096470605743e+02 1.165458006236571187e+01 1.175282107508912866e+01 1.269739413658087024e+01 4.647937770489741993e+00 4.939625008233986314e+00 5.154109383914756926e+00 7.758409880618123644e+00 6.137762004600480381e+00 6.935459436568245373e+00
2.888661710037174544e+02 1.249519841096479951e+02 1.191267779655315984e+01 1.195945820674716487e+01 1.289210854955447871e+01 4.702312682995449578e+00 4.993088510184949591e+00 5.204875989997153063e+00 7.844418019697033451e+00 6.192979873844474348e+00 6.984702206734467289e+00
2.899776951672862424e+02 1.268934760955572045e+02 1.217454923958816515e+01 1.216815547948526266e+01 1.308835206234308046e+01 4.756938559188692572e+00 5.046759913709707668e+00 5.255804709894169591e+00 7.930783272486409352e+00 6.248340710069193449e+00 7.034023706915432328e+00
2.910892193308550304e+02 1.288574576908624749e+02 1.244021397550231711e+01 1.237891288443767834e+01 1.328612103863664196e+01 4.811813906472179880e+00 5.100637819317369370e+00 5.306894360694798252e+00 8.017503337352927417e+00 6.303843488048941346e+00 7.083423640741847827e+00
2.922007434944237616e+02 1.308441016424728218e+02 1.270969128528735048e+01 1.259173027685016066e+01 1.348541178041022448e+01 4.866937238593447290e+00 5.154720836725592115e+00 5.358143769744595275e+00 8.104575925440126838e+00 6.359487194290393219e+00 7.132901718950455994e+00
2.933122676579925496e+02 1.328535813581330274e+02 1.298300014684891046e+01 1.280660737827630236e+01 1.368622052968581571e+01 4.922307075749712268e+00 5.209007584876014896e+00 5.409551774597836982e+00 8.191998760750248465e+00 6.415270826918398228e+00 7.182457659273667083e+00
2.944237918215612808e+02 1.348860709064244077e+02 1.326015923505000416e+01 1.302354377876218905e+01 1.388854347026591718e+01 4.977921944687475175e+00 5.263496691946597750e+00 5.461117222968286278e+00 8.279769580219841885e+00 6.471193395562043982e+00 7.232091186331064847e+00
2.955353159851300688e+02 1.369417450167657364e+02 1.354118692184237105e+01 1.324253893901913415e+01 1.409237672943960540e+01 5.033780378797370503e+00 5.318186795360922758e+00 5.512838972678816063e+00 8.367886133789415481e+00 6.527253921241082502e+00 7.281802031522657259e+00
2.966468401486988569e+02 1.390207790794136145e+02 1.382610127648270471e+01 1.346359219258339479e+01 1.429771637966072184e+01 5.089880918204118920e+00 5.373076541794572059e+00 5.564715891609740339e+00 8.456346184467006921e+00 6.583451436252713229e+00 7.331589932923890274e+00
2.977583643122676449e+02 1.411233491454643740e+02 1.411492006583208614e+01 1.368670274796283159e+01 1.450455844019863605e+01 5.146222109851970039e+00 5.428164587178806677e+00 5.616746857646124802e+00 8.545147508386346402e+00 6.639784984058711537e+00 7.381454635182424617e+00
2.988698884758364329e+02 1.432496319268538798e+02 1.440766075473653807e+01 1.391186969076932911e+01 1.471289887876162972e+01 5.202802507585586156e+00 5.483449596701458262e+00 5.668930758623990762e+00 8.634287894859305368e+00 6.696253619173065275e+00 7.431395889416533507e+00
2.999814126394052209e+02 1.453998047963584952e+02 1.470434050648584012e+01 1.413909198583713156e+01 1.492273361309326596e+01 5.259620672226606786e+00 5.538930244805328584e+00 5.721266492275586479e+00 8.723765146423271943e+00 6.752856407049987020e+00 7.481413453115277612e+00
3.010929368029739521e+02 1.475740457875959919e+02 1.500497618334917149e+01 1.436836847932589123e+01 1.513405851254161760e+01 5.316675171645998788e+00 5.594605215184076386e+00 5.773752966173720580e+00 8.813577078883204408e+00 6.809592423972448572e+00 7.531507090040215679e+00
3.022044609665427402e+02 1.497725335950276246e+02 1.530958434718515804e+01 1.459969790080861785e+01 1.534686939960187324e+01 5.373964580832312876e+00 5.650473200775707916e+00 5.826389097675240158e+00 8.903721521348975543e+00 6.866460756941185295e+00 7.581676570128817794e+00
3.033159851301114713e+02 1.519954475739558575e+02 1.561818126012393648e+01 1.483307886534375264e+01 1.556116205143234232e+01 5.431487481955874053e+00 5.706532903753827490e+00 5.879173813863673992e+00 8.994196316267759173e+00 6.923460503564260016e+00 7.631921669399392982e+00
3.044275092936802594e+02 1.542429677405271491e+02 1.593078288531974174e+01 1.506850987553074184e+01 1.577693220134413110e+01 5.489242464429360702e+00 5.762783035516652497e+00 5.932106051491174981e+00 9.084999319451988242e+00 6.980590771947180251e+00 7.682242169857663505e+00
3.055390334572490474e+02 1.565152747717341413e+02 1.624740488777133507e+01 1.530598932354943287e+01 1.599417554026485888e+01 5.547228124964384222e+00 5.819222316673990925e+00 5.985184756919719185e+00 9.176128400102770755e+00 7.037850680583540353e+00 7.732637859404784209e+00
3.066505576208178354e+02 1.588125500054119641e+02 1.656806263520872236e+01 1.554551549318194148e+01 1.621288771817626895e+01 5.605443067624646503e+00 5.875849477032107693e+00 6.038408886061705338e+00 9.267581440829005146e+00 7.095239358246325345e+00 7.783108531746948167e+00
3.077620817843866234e+02 1.611349754402440340e+02 1.689277119904408053e+01 1.578708656181767900e+01 1.643306434552648554e+01 5.663885903875520711e+00 5.932663255576749783e+00 6.091777404319890898e+00 9.359356337662521952e+00 7.152755943879755662e+00 7.833653986306456041e+00
3.088736059479553546e+02 1.634827337357575630e+02 1.722154535538428632e+01 1.603070060244040462e+01 1.665470099461668596e+01 5.722555252630256994e+00 5.989662400454242253e+00 6.145289286526817385e+00 9.451451000069091890e+00 7.210399586491842427e+00 7.884274028134234058e+00
3.099851301115241426e+02 1.658560082123297832e+02 1.755439958610414664e+01 1.627635558559742179e+01 1.687779320096274915e+01 5.781449740292882389e+00 6.046845668950883379e+00 6.198943516883767657e+00 9.543863350955744451e+00 7.268169445047512056e+00 7.934968467823808602e+00
3.110966542750929307e+02 1.682549828511838541e+02 1.789134807997758969e+01 1.652404938135060775e+01 1.710233646463212054e+01 5.840568000797984105e+00 6.104211827470605201e+00 6.252739088899133435e+00 9.636591326674237123e+00 7.326064688362434296e+00 7.985737121426693008e+00
3.122081784386616619e+02 1.706798422943909941e+02 1.823240473386488603e+01 1.677377976120895298e+01 1.732832625155574036e+01 5.899908675647330902e+00 6.161759651510977598e+00 6.306675005326496830e+00 9.729632877021080262e+00 7.384084494997531500e+00 8.036579810369186561e+00
3.133197026022304499e+02 1.731307718448731805e+02 1.857758315395520654e+01 1.702554440004230329e+01 1.755575799481611554e+01 5.959470413943597222e+00 6.219487925637716685e+00 6.360750278102211830e+00 9.822985965234163785e+00 7.442228053154161138e+00 8.087496361370497766e+00
3.144312267657992379e+02 1.756079574664001939e+02 1.892689665706048174e+01 1.727934087797619611e+01 1.778462709591088142e+01 6.019251872421151894e+00 6.277395443457722379e+00 6.414963928282770844e+00 9.916648567985934193e+00 7.500494560570026614e+00 8.138486606362283382e+00
3.155427509293680259e+02 1.781115857835928296e+02 1.928035827196112706e+01 1.753516668226781761e+01 1.801492892599277340e+01 6.079251715474097928e+00 6.335481007590590963e+00 6.469314985981702293e+00 1.001061867537363170e+01 7.558883224415764879e+00 8.189550382409452212e+00
3.166542750929367571e+02 1.806418440819228977e+02 1.963798074080045453e+01 1.779301920916229207e+01 1.824665882708601217e+01 6.139468615181509215e+00 6.393743429638894860e+00 6.523802490306305657e+00 1.010489429090619851e+01 7.617393261192313858e+00 8.240687531632318041e+00
3.177657992565055451e+02 1.831989203077128820e+02 1.999977652052586308e+01 1.805289576572989674e+01 1.847981211327971707e+01 6.199901251330290464e+00 6.452181530157109712e+00 6.578425489294143169e+00 1.019947343148855268e+01 7.676023896628979770e+00 8.291897901130028004e+00
3.188773234200743332e+02 1.857830030681372193e+02 2.036575778437608975e+01 1.831479357168336008e+01 1.871438407189746300e+01 6.260548311435216284e+00 6.510794138619357518e+00 6.633183039849272156e+00 1.029435412740277478e+01 7.734774365582301137e+00 8.343181342905237940e+00
3.199888475836431212e+02 1.883942816312234072e+02 2.073593642341216281e+01 1.857870976117575523e+01 1.895036996464530787e+01 6.321408490756798670e+00 6.569580093385893882e+00 6.688074207678302407e+00 1.038953442228676671e+01 7.793643911935576263e+00 8.394537713790095168e+00
3.211003717472118524e+02 1.910329459258511235e+02 2.111032404809013485e+01 1.884464138457808957e+01 1.918776502873672385e+01 6.382480492316622289e+00 6.628538241668601394e+00 6.743098067226378056e+00 1.048501237311023893e+01 7.852631788499258469e+00 8.445966875373313698e+00
3.222118959107806404e+02 1.936991865417541021e+02 2.148893198987494202e+01 1.911258541023766000e+01 1.942656447799546982e+01 6.443763026910484193e+00 6.687667439495310617e+00 6.798253701612962274e+00 1.058078605014822671e+01 7.911737256912096505e+00 8.497468693928684758e+00
3.233234200743494284e+02 1.963931947295193368e+02 2.187177130289233062e+01 1.938253872621590190e+01 1.966676350393663952e+01 6.505254813119332624e+00 6.746966551673190260e+00 6.853540202567541151e+00 1.067685353695211425e+01 7.970959587543013036e+00 8.549043040344466604e+00
3.244349442379182165e+02 1.991151624005890994e+02 2.225885276561901449e+01 1.965449814200603029e+01 1.990835727682613054e+01 6.566954577318057318e+00 6.806434451751138148e+00 6.908956670365353325e+00 1.077321293031853422e+01 8.030298059393812693e+00 8.600689790054282469e+00
3.255464684014869476e+02 2.018652821272597464e+02 2.265018688260773061e+01 1.992846039023124050e+01 2.015134094671928011e+01 6.628861053682231663e+00 6.866070021981331095e+00 6.964502213762920668e+00 1.086986234025588338e+01 8.089751960002677933e+00 8.652408822968864044e+00
3.266579925650557357e+02 2.046437471426837362e+02 2.304578388624737073e+01 2.020442212832202955e+01 2.039570964447772283e+01 6.690972984192934625e+00 6.925872153279780896e+00 7.020175949933736170e+00 1.096679988994887900e+01 8.149320585348464263e+00 8.704200023409194742e+00
3.277695167286245237e+02 2.074507513408694308e+02 2.344565373855490265e+01 2.048237994017353003e+01 2.064145848276618977e+01 6.753289118639560940e+00 6.985839745186289917e+00 7.075977004403815052e+00 1.106402371572095866e+01 8.209003239755752190e+00 8.756063280040507379e+00
3.288810408921933117e+02 2.102864892766810385e+02 2.384980613299958563e+01 2.076233033778296999e+01 2.088858255702862010e+01 6.815808214620901140e+00 7.045971705823430575e+00 7.131904510987382650e+00 1.116153196699484340e+01 8.268799235800774028e+00 8.807998485807615907e+00
3.299925650557620429e+02 2.131511561658398364e+02 2.425825049635620445e+01 2.104426976286636730e+01 2.113707694644413593e+01 6.878529037544372393e+00 7.106266951854932401e+00 7.187957611722557871e+00 1.125932280625121074e+01 8.328707894218176477e+00 8.860005537871204595e+00
3.311040892193308309e+02 2.160449478849243690e+02 2.467099599058741077e+01 2.132819458845540339e+01 2.138693671486335646e+01 6.941450360623550253e+00 7.166724408443328365e+00 7.244135456807121010e+00 1.135739440898559494e+01 8.388728543808404936e+00 8.912084337545177704e+00
3.322156133828996190e+02 2.189680609713709032e+02 2.508805151475261752e+01 2.161410112047407495e+01 2.163815691172511180e+01 7.004570964874115013e+00 7.227343009207024771e+00 7.300437204534381053e+00 1.145574496366356065e+01 8.448860521346178487e+00 8.964234790235121153e+00
3.333271375464684070e+02 2.219206926234734283e+02 2.550942570694310518e+01 2.190198559929456579e+01 2.189073257295353514e+01 7.067889639108106969e+00 7.288121696176686370e+00 7.356862021229141568e+00 1.155437267167432935e+01 8.509103171489556416e+00 9.016456805377735861e+00
3.344386617100371382e+02 2.249030407003849632e+02 2.593512694624110182e+01 2.219184420127415791e+01 2.214465872183671991e+01 7.131405179926709970e+00 7.349059419751094779e+00 7.413409081183826466e+00 1.165327574728282478e+01 8.569455846689960410e+00 9.068750296381349330e+00
3.355501858736059262e+02 2.279153037221179261e+02 2.636516335470237848e+01 2.248367304027062730e+01 2.239993036988648001e+01 7.195116391711597004e+00 7.410155138652553930e+00 7.470077566594689245e+00 1.175245241758030268e+01 8.629917907102957031e+00 9.121115180567368697e+00
3.366617100371747142e+02 2.309576808695420027e+02 2.679954279936028527e+01 2.277746816913891337e+01 2.265654251767918481e+01 7.259022086614808522e+00 7.471407819881614287e+00 7.526866667498270935e+00 1.185190092243341908e+01 8.690488720499926600e+00 9.173551379112783621e+00
3.377732342007434454e+02 2.340303719843884380e+02 2.723827289425133813e+01 2.307322558120653255e+01 2.291449015567946645e+01 7.323121084547222992e+00 7.532816438671567916e+00 7.583775581707921987e+00 1.195161951443215642e+01 8.751167662180371565e+00 9.226058816993521816e+00
3.388847583643122334e+02 2.371335775692483026e+02 2.768136100245888187e+01 2.337094121173030103e+01 2.317376826504508713e+01 7.387412213165863051e+00 7.594379978442381329e+00 7.640803514750664327e+00 1.205160645883641912e+01 8.811954114885356404e+00 9.278637422928975198e+00
3.399962825278810215e+02 2.402674987875730039e+02 2.812881423817630377e+01 2.367061093933214622e+01 2.343437181841479955e+01 7.451894307859779687e+00 7.656097430754208233e+00 7.697949679804101386e+00 1.215186003352133959e+01 8.872847468711491103e+00 9.331287129327211716e+00
3.411078066914498095e+02 2.434323374636742869e+02 2.858063946878666428e+01 2.397223058741576907e+01 2.369629578067861786e+01 7.516566211734838632e+00 7.717967795260668673e+00 7.755213297633682501e+00 1.225237852892152901e+01 8.933847121025905835e+00 9.384007872231345360e+00
3.422193308550185407e+02 2.466282960827255692e+02 2.903684331695844278e+01 2.427579592556351784e+01 2.395953510973119194e+01 7.581426775597286394e+00 7.779990079661651237e+00 7.812593596530104101e+00 1.235316024797421974e+01 8.994952476381911310e+00 9.436799591266650467e+00
3.433308550185873287e+02 2.498555777907615436e+02 2.949743216275651037e+01 2.458130267091358334e+01 2.422408475720846610e+01 7.646474857936224723e+00 7.842163299655966924e+00 7.870089812247002214e+00 1.245420350606143067e+01 9.056162946435629024e+00 9.489662229588693876e+00
3.444423791821561167e+02 2.531143863946798831e+02 2.996241214576654954e+01 2.488874648951755475e+01 2.448993966920753351e+01 7.711709324904992613e+00 7.904486478893522516e+00 7.927701187938902549e+00 1.255550663095101527e+01 9.117477949863381781e+00 9.542595733832270000e+00
3.455539033457249047e+02 2.564049263622385411e+02 3.043178916723239169e+01 2.519812299767907149e+01 2.475709478699075916e+01 7.777129050301580193e+00 7.966958648927436215e+00 7.985426974099428143e+00 1.265706796273694046e+01 9.178896912279803644e+00 9.595600054061277362e+00
3.466654275092936359e+02 2.597274028220600712e+02 3.090556889220526315e+01 2.550942776327255146e+01 2.502554504767336141e+01 7.842732915547936834e+00 8.029578849165840637e+00 8.043266428499766363e+00 1.275888585377859918e+01 9.240419266156967737e+00 9.648675143719410485e+00
3.477769516728624239e+02 2.630820215636283024e+02 3.138375675170393109e+01 2.582265630704349491e+01 2.529528538489573108e+01 7.908519809668507428e+00 8.092346126823464658e+00 8.101218816127467193e+00 1.286095866863942661e+01 9.302044450744133997e+00 9.701820959581723969e+00
3.488884758364312120e+02 2.664689890372916352e+02 3.186635794488427820e+01 2.613780410388903874e+01 2.556631072948027494e+01 7.974488629267685980e+00 8.155259536873030513e+00 8.159283409125507092e+00 1.296328478402461037e+01 9.363771911988459706e+00 9.755037461707015467e+00
3.500000000000000000e+02 2.698885123542609108e+02 3.235337744121816428e+01 2.645486658412025349e+01 2.583861601007262720e+01 8.040638278506554215e+00 8.218318141996650894e+00 8.217459486731653939e+00 1.306586258871807438e+01 9.425601102456401037e+00 9.808324613391075530e+00
