7.670000000000000000e+02
7.680000000000000000e+02
7.690000000000000000e+02
7.700000000000000000e+02
7.710000000000000000e+02
7.720000000000000000e+02
7.730000000000000000e+02
8.460000000000000000e+02
8.470000000000000000e+02
8.480000000000000000e+02
8.490000000000000000e+02
8.500000000000000000e+02
8.510000000000000000e+02
8.520000000000000000e+02
8.530000000000000000e+02
8.540000000000000000e+02
9.250000000000000000e+02
9.260000000000000000e+02
9.270000000000000000e+02
9.280000000000000000e+02
9.290000000000000000e+02
9.300000000000000000e+02
9.310000000000000000e+02
9.320000000000000000e+02
9.330000000000000000e+02
9.340000000000000000e+02
9.350000000000000000e+02
1.005000000000000000e+03
1.006000000000000000e+03
1.007000000000000000e+03
1.008000000000000000e+03
1.009000000000000000e+03
1.010000000000000000e+03
1.011000000000000000e+03
1.012000000000000000e+03
1.013000000000000000e+03
1.014000000000000000e+03
1.015000000000000000e+03
1.085000000000000000e+03
1.086000000000000000e+03
1.087000000000000000e+03
1.088000000000000000e+03
1.089000000000000000e+03
1.090000000000000000e+03
1.091000000000000000e+03
1.092000000000000000e+03
1.093000000000000000e+03
1.094000000000000000e+03
1.095000000000000000e+03
1.165000000000000000e+03
1.166000000000000000e+03
1.167000000000000000e+03
1.168000000000000000e+03
1.169000000000000000e+03
1.170000000000000000e+03
1.171000000000000000e+03
1.172000000000000000e+03
1.173000000000000000e+03
1.174000000000000000e+03
1.175000000000000000e+03
1.245000000000000000e+03
1.246000000000000000e+03
1.247000000000000000e+03
1.248000000000000000e+03
1.249000000000000000e+03
1.250000000000000000e+03
1.251000000000000000e+03
1.252000000000000000e+03
1.253000000000000000e+03
1.254000000000000000e+03
1.255000000000000000e+03
1.325000000000000000e+03
1.326000000000000000e+03
1.327000000000000000e+03
1.328000000000000000e+03
1.329000000000000000e+03
1.330000000000000000e+03
1.331000000000000000e+03
1.332000000000000000e+03
1.333000000000000000e+03
1.334000000000000000e+03
1.335000000000000000e+03
1.405000000000000000e+03
1.406000000000000000e+03
1.407000000000000000e+03
1.408000000000000000e+03
1.409000000000000000e+03
1.410000000000000000e+03
1.411000000000000000e+03
1.412000000000000000e+03
1.413000000000000000e+03
1.414000000000000000e+03
1.415000000000000000e+03
1.486000000000000000e+03
1.487000000000000000e+03
1.488000000000000000e+03
1.489000000000000000e+03
1.490000000000000000e+03
1.491000000000000000e+03
1.492000000000000000e+03
1.493000000000000000e+03
1.494000000000000000e+03
1.567000000000000000e+03
1.568000000000000000e+03
1.569000000000000000e+03
1.570000000000000000e+03
1.571000000000000000e+03
1.572000000000000000e+03
1.573000000000000000e+03
