4.580000000000000000e+02
4.590000000000000000e+02
4.600000000000000000e+02
4.610000000000000000e+02
4.620000000000000000e+02
5.370000000000000000e+02
5.380000000000000000e+02
5.390000000000000000e+02
5.400000000000000000e+02
5.410000000000000000e+02
5.420000000000000000e+02
5.430000000000000000e+02
6.160000000000000000e+02
6.170000000000000000e+02
6.180000000000000000e+02
6.190000000000000000e+02
6.200000000000000000e+02
6.210000000000000000e+02
6.220000000000000000e+02
6.230000000000000000e+02
6.240000000000000000e+02
6.960000000000000000e+02
6.970000000000000000e+02
6.980000000000000000e+02
6.990000000000000000e+02
7.000000000000000000e+02
7.010000000000000000e+02
7.020000000000000000e+02
7.030000000000000000e+02
7.040000000000000000e+02
7.760000000000000000e+02
7.770000000000000000e+02
7.780000000000000000e+02
7.790000000000000000e+02
7.800000000000000000e+02
7.810000000000000000e+02
7.820000000000000000e+02
7.830000000000000000e+02
7.840000000000000000e+02
8.560000000000000000e+02
8.570000000000000000e+02
8.580000000000000000e+02
8.590000000000000000e+02
8.600000000000000000e+02
8.610000000000000000e+02
8.620000000000000000e+02
8.630000000000000000e+02
8.640000000000000000e+02
9.360000000000000000e+02
9.370000000000000000e+02
9.380000000000000000e+02
9.390000000000000000e+02
9.400000000000000000e+02
9.410000000000000000e+02
9.420000000000000000e+02
9.430000000000000000e+02
9.440000000000000000e+02
1.017000000000000000e+03
1.018000000000000000e+03
1.019000000000000000e+03
1.020000000000000000e+03
1.021000000000000000e+03
1.022000000000000000e+03
1.023000000000000000e+03
1.098000000000000000e+03
1.099000000000000000e+03
1.100000000000000000e+03
1.101000000000000000e+03
1.102000000000000000e+03
