3.690000000000000000e+02
3.700000000000000000e+02
3.710000000000000000e+02
3.720000000000000000e+02
3.730000000000000000e+02
3.740000000000000000e+02
3.750000000000000000e+02
4.480000000000000000e+02
4.490000000000000000e+02
4.500000000000000000e+02
4.510000000000000000e+02
4.520000000000000000e+02
4.530000000000000000e+02
4.540000000000000000e+02
4.550000000000000000e+02
4.560000000000000000e+02
5.270000000000000000e+02
5.280000000000000000e+02
5.290000000000000000e+02
5.300000000000000000e+02
5.310000000000000000e+02
5.320000000000000000e+02
5.330000000000000000e+02
5.340000000000000000e+02
5.350000000000000000e+02
5.360000000000000000e+02
5.370000000000000000e+02
6.070000000000000000e+02
6.080000000000000000e+02
6.090000000000000000e+02
6.100000000000000000e+02
6.110000000000000000e+02
6.120000000000000000e+02
6.130000000000000000e+02
6.140000000000000000e+02
6.150000000000000000e+02
6.160000000000000000e+02
6.170000000000000000e+02
6.870000000000000000e+02
6.880000000000000000e+02
6.890000000000000000e+02
6.900000000000000000e+02
6.910000000000000000e+02
6.920000000000000000e+02
6.930000000000000000e+02
6.940000000000000000e+02
6.950000000000000000e+02
6.960000000000000000e+02
6.970000000000000000e+02
7.670000000000000000e+02
7.680000000000000000e+02
7.690000000000000000e+02
7.700000000000000000e+02
7.710000000000000000e+02
7.720000000000000000e+02
7.730000000000000000e+02
7.740000000000000000e+02
7.750000000000000000e+02
7.760000000000000000e+02
7.770000000000000000e+02
8.470000000000000000e+02
8.480000000000000000e+02
8.490000000000000000e+02
8.500000000000000000e+02
8.510000000000000000e+02
8.520000000000000000e+02
8.530000000000000000e+02
8.540000000000000000e+02
8.550000000000000000e+02
8.560000000000000000e+02
8.570000000000000000e+02
9.270000000000000000e+02
9.280000000000000000e+02
9.290000000000000000e+02
9.300000000000000000e+02
9.310000000000000000e+02
9.320000000000000000e+02
9.330000000000000000e+02
9.340000000000000000e+02
9.350000000000000000e+02
9.360000000000000000e+02
9.370000000000000000e+02
1.007000000000000000e+03
1.008000000000000000e+03
1.009000000000000000e+03
1.010000000000000000e+03
1.011000000000000000e+03
1.012000000000000000e+03
1.013000000000000000e+03
1.014000000000000000e+03
1.015000000000000000e+03
1.016000000000000000e+03
1.017000000000000000e+03
1.088000000000000000e+03
1.089000000000000000e+03
1.090000000000000000e+03
1.091000000000000000e+03
1.092000000000000000e+03
1.093000000000000000e+03
1.094000000000000000e+03
1.095000000000000000e+03
1.096000000000000000e+03
1.169000000000000000e+03
1.170000000000000000e+03
1.171000000000000000e+03
1.172000000000000000e+03
1.173000000000000000e+03
1.174000000000000000e+03
1.175000000000000000e+03
