5.260000000000000000e+02
5.270000000000000000e+02
5.280000000000000000e+02
5.290000000000000000e+02
5.300000000000000000e+02
5.310000000000000000e+02
5.320000000000000000e+02
5.330000000000000000e+02
5.340000000000000000e+02
6.050000000000000000e+02
6.060000000000000000e+02
6.070000000000000000e+02
6.080000000000000000e+02
6.090000000000000000e+02
6.100000000000000000e+02
6.110000000000000000e+02
6.120000000000000000e+02
6.130000000000000000e+02
6.140000000000000000e+02
6.150000000000000000e+02
6.840000000000000000e+02
6.850000000000000000e+02
6.860000000000000000e+02
6.870000000000000000e+02
6.880000000000000000e+02
6.890000000000000000e+02
6.900000000000000000e+02
6.910000000000000000e+02
6.920000000000000000e+02
6.930000000000000000e+02
6.940000000000000000e+02
6.950000000000000000e+02
6.960000000000000000e+02
7.630000000000000000e+02
7.640000000000000000e+02
7.650000000000000000e+02
7.660000000000000000e+02
7.670000000000000000e+02
7.680000000000000000e+02
7.690000000000000000e+02
7.700000000000000000e+02
7.710000000000000000e+02
7.720000000000000000e+02
7.730000000000000000e+02
7.740000000000000000e+02
7.750000000000000000e+02
7.760000000000000000e+02
7.770000000000000000e+02
8.420000000000000000e+02
8.430000000000000000e+02
8.440000000000000000e+02
8.450000000000000000e+02
8.460000000000000000e+02
8.470000000000000000e+02
8.480000000000000000e+02
8.490000000000000000e+02
8.500000000000000000e+02
8.510000000000000000e+02
8.520000000000000000e+02
8.530000000000000000e+02
8.540000000000000000e+02
8.550000000000000000e+02
8.560000000000000000e+02
8.570000000000000000e+02
8.580000000000000000e+02
9.220000000000000000e+02
9.230000000000000000e+02
9.240000000000000000e+02
9.250000000000000000e+02
9.260000000000000000e+02
9.270000000000000000e+02
9.280000000000000000e+02
9.290000000000000000e+02
9.300000000000000000e+02
9.310000000000000000e+02
9.320000000000000000e+02
9.330000000000000000e+02
9.340000000000000000e+02
9.350000000000000000e+02
9.360000000000000000e+02
9.370000000000000000e+02
9.380000000000000000e+02
1.002000000000000000e+03
1.003000000000000000e+03
1.004000000000000000e+03
1.005000000000000000e+03
1.006000000000000000e+03
1.007000000000000000e+03
1.008000000000000000e+03
1.009000000000000000e+03
1.010000000000000000e+03
1.011000000000000000e+03
1.012000000000000000e+03
1.013000000000000000e+03
1.014000000000000000e+03
1.015000000000000000e+03
1.016000000000000000e+03
1.017000000000000000e+03
1.018000000000000000e+03
1.082000000000000000e+03
1.083000000000000000e+03
1.084000000000000000e+03
1.085000000000000000e+03
1.086000000000000000e+03
1.087000000000000000e+03
1.088000000000000000e+03
1.089000000000000000e+03
1.090000000000000000e+03
1.091000000000000000e+03
1.092000000000000000e+03
1.093000000000000000e+03
1.094000000000000000e+03
1.095000000000000000e+03
1.096000000000000000e+03
1.097000000000000000e+03
1.098000000000000000e+03
1.162000000000000000e+03
1.163000000000000000e+03
1.164000000000000000e+03
1.165000000000000000e+03
1.166000000000000000e+03
1.167000000000000000e+03
1.168000000000000000e+03
1.169000000000000000e+03
1.170000000000000000e+03
1.171000000000000000e+03
1.172000000000000000e+03
1.173000000000000000e+03
1.174000000000000000e+03
1.175000000000000000e+03
1.176000000000000000e+03
1.177000000000000000e+03
1.178000000000000000e+03
1.242000000000000000e+03
1.243000000000000000e+03
1.244000000000000000e+03
1.245000000000000000e+03
1.246000000000000000e+03
1.247000000000000000e+03
1.248000000000000000e+03
1.249000000000000000e+03
1.250000000000000000e+03
1.251000000000000000e+03
1.252000000000000000e+03
1.253000000000000000e+03
1.254000000000000000e+03
1.255000000000000000e+03
1.256000000000000000e+03
1.257000000000000000e+03
1.258000000000000000e+03
1.322000000000000000e+03
1.323000000000000000e+03
1.324000000000000000e+03
1.325000000000000000e+03
1.326000000000000000e+03
1.327000000000000000e+03
1.328000000000000000e+03
1.329000000000000000e+03
1.330000000000000000e+03
1.331000000000000000e+03
1.332000000000000000e+03
1.333000000000000000e+03
1.334000000000000000e+03
1.335000000000000000e+03
1.336000000000000000e+03
1.337000000000000000e+03
1.338000000000000000e+03
1.402000000000000000e+03
1.403000000000000000e+03
1.404000000000000000e+03
1.405000000000000000e+03
1.406000000000000000e+03
1.407000000000000000e+03
1.408000000000000000e+03
1.409000000000000000e+03
1.410000000000000000e+03
1.411000000000000000e+03
1.412000000000000000e+03
1.413000000000000000e+03
1.414000000000000000e+03
1.415000000000000000e+03
1.416000000000000000e+03
1.417000000000000000e+03
1.418000000000000000e+03
1.482000000000000000e+03
1.483000000000000000e+03
1.484000000000000000e+03
1.485000000000000000e+03
1.486000000000000000e+03
1.487000000000000000e+03
1.488000000000000000e+03
1.489000000000000000e+03
1.490000000000000000e+03
1.491000000000000000e+03
1.492000000000000000e+03
1.493000000000000000e+03
1.494000000000000000e+03
1.495000000000000000e+03
1.496000000000000000e+03
1.497000000000000000e+03
1.498000000000000000e+03
1.563000000000000000e+03
1.564000000000000000e+03
1.565000000000000000e+03
1.566000000000000000e+03
1.567000000000000000e+03
1.568000000000000000e+03
1.569000000000000000e+03
1.570000000000000000e+03
1.571000000000000000e+03
1.572000000000000000e+03
1.573000000000000000e+03
1.574000000000000000e+03
1.575000000000000000e+03
1.576000000000000000e+03
1.577000000000000000e+03
1.644000000000000000e+03
1.645000000000000000e+03
1.646000000000000000e+03
1.647000000000000000e+03
1.648000000000000000e+03
1.649000000000000000e+03
1.650000000000000000e+03
1.651000000000000000e+03
1.652000000000000000e+03
1.653000000000000000e+03
1.654000000000000000e+03
1.655000000000000000e+03
1.656000000000000000e+03
1.725000000000000000e+03
1.726000000000000000e+03
1.727000000000000000e+03
1.728000000000000000e+03
1.729000000000000000e+03
1.730000000000000000e+03
1.731000000000000000e+03
1.732000000000000000e+03
1.733000000000000000e+03
1.734000000000000000e+03
1.735000000000000000e+03
1.806000000000000000e+03
1.807000000000000000e+03
1.808000000000000000e+03
1.809000000000000000e+03
1.810000000000000000e+03
1.811000000000000000e+03
1.812000000000000000e+03
1.813000000000000000e+03
1.814000000000000000e+03
