MS Elapsed,Bolo T,stddev,BB HBB Top,stddev,BB HBB Bottom,stddev,BB HBB Apex,stddev,BB HBB Avg,stddev,BB ABB Top,stddev,BB ABB Bottom,stddev,BB ABB Apex,stddev,BB ABB Avg,stddev,T Ch0,stddev,T Ch1,stddev,T Ch2,stddev,T Ch3,stddev,T Ch4,stddev,T Ch5,stddev,T Ch6,stddev,RH% Ch7,stddev
0,15.000,0.001,55.090,0.002,55.098,0.002,54.958,0.002,54.984,0.001,28.362,0.002,28.358,0.002,28.360,0.002,28.360,0.002,26.749,0.011,27.405,0.007,26.630,0.011,26.651,0.011,26.765,0.011,28.498,0.020,23.724,0.115,28.033,0.461
1000,15.000,0.001,55.092,0.002,55.102,0.002,54.954,0.002,54.982,0.001,28.362,0.002,28.358,0.002,28.360,0.002,28.360,0.002,26.749,0.011,27.407,0.007,26.631,0.011,26.652,0.011,26.765,0.011,28.499,0.020,23.667,0.115,28.016,0.467
2000,15.000,0.001,55.090,0.002,55.102,0.002,54.954,0.002,54.982,0.001,28.362,0.002,28.358,0.002,28.360,0.002,28.360,0.002,26.749,0.011,27.406,0.007,26.631,0.011,26.652,0.011,26.766,0.011,28.498,0.020,23.702,0.115,28.004,0.473
3000,15.000,0.001,55.092,0.002,55.100,0.002,54.956,0.002,54.984,0.001,28.362,0.002,28.358,0.002,28.360,0.002,28.360,0.002,26.750,0.011,27.406,0.007,26.632,0.011,26.654,0.011,26.767,0.011,28.499,0.020,23.737,0.115,27.993,0.478
4000,15.000,0.001,55.092,0.002,55.102,0.002,54.958,0.002,54.986,0.001,28.362,0.002,28.358,0.002,28.360,0.002,28.360,0.002,26.751,0.011,27.407,0.007,26.632,0.011,26.653,0.011,26.766,0.011,28.498,0.020,23.787,0.115,27.982,0.484
5000,15.000,0.001,55.090,0.002,55.102,0.002,54.958,0.002,54.984,0.001,28.362,0.002,28.358,0.002,28.360,0.002,28.360,0.002,26.750,0.011,27.406,0.007,26.634,0.011,26.654,0.011,26.767,0.011,28.499,0.019,23.735,0.115,27.977,0.489
6000,15.000,0.001,55.092,0.002,55.100,0.002,54.958,0.002,54.986,0.001,28.362,0.002,28.358,0.002,28.360,0.002,28.360,0.002,26.750,0.011,27.407,0.007,26.633,0.011,26.654,0.011,26.766,0.011,28.498,0.019,23.657,0.116,27.967,0.495
7000,15.000,0.001,55.090,0.002,55.102,0.002,54.956,0.002,54.984,0.001,28.362,0.002,28.358,0.002,28.360,0.002,28.360,0.002,26.750,0.011,27.408,0.007,26.633,0.011,26.655,0.011,26.767,0.011,28.498,0.019,23.665,0.116,27.959,0.500
8000,15.000,0.001,55.090,0.002,55.102,0.002,54.960,0.002,54.986,0.001,28.362,0.002,28.358,0.002,28.360,0.002,28.360,0.002,26.751,0.011,27.408,0.007,26.634,0.011,26.655,0.011,26.767,0.011,28.497,0.019,23.688,0.117,27.962,0.505
9000,15.000,0.001,55.092,0.002,55.104,0.002,54.958,0.002,54.986,0.001,28.362,0.002,28.358,0.002,28.360,0.002,28.360,0.002,26.752,0.011,27.407,0.007,26.634,0.011,26.655,0.011,26.768,0.011,28.496,0.018,23.750,0.114,27.951,0.509
10000,15.000,0.001,55.094,0.002,55.104,0.002,54.954,0.002,54.984,0.001,28.362,0.002,28.358,0.002,28.360,0.002,28.360,0.002,26.752,0.011,27.408,0.007,26.634,0.011,26.655,0.011,26.768,0.011,28.497,0.018,23.741,0.113,27.940,0.514
11000,15.000,0.001,55.096,0.002,55.102,0.002,54.958,0.002,54.986,0.001,28.362,0.002,28.358,0.002,28.360,0.002,28.360,0.002,26.753,0.011,27.408,0.007,26.635,0.011,26.655,0.011,26.769,0.011,28.496,0.018,23.724,0.112,27.921,0.519
12000,15.000,0.001,55.092,0.002,55.104,0.002,54.960,0.002,54.988,0.001,28.362,0.002,28.358,0.002,28.360,0.002,28.360,0.002,26.753,0.011,27.408,0.007,26.634,0.011,26.655,0.011,26.769,0.011,28.495,0.018,23.787,0.110,27.909,0.524
13000,15.000,0.001,55.092,0.002,55.102,0.002,54.960,0.002,54.988,0.001,28.362,0.002,28.358,0.002,28.360,0.002,28.360,0.002,26.752,0.011,27.408,0.007,26.635,0.011,26.656,0.011,26.769,0.011,28.494,0.018,23.738,0.109,27.907,0.528
14000,15.000,0.001,55.090,0.002,55.102,0.002,54.956,0.002,54.984,0.001,28.362,0.002,28.358,0.002,28.360,0.002,28.360,0.002,26.753,0.011,27.409,0.007,26.635,0.011,26.657,0.011,26.770,0.011,28.493,0.017,23.700,0.108,27.911,0.533
15000,15.000,0.001,55.094,0.002,55.102,0.002,54.958,0.002,54.986,0.001,28.362,0.002,28.358,0.002,28.360,0.002,28.360,0.002,26.753,0.011,27.409,0.007,26.637,0.011,26.657,0.011,26.770,0.011,28.492,0.017,23.728,0.107,27.929,0.536
16000,14.999,0.001,55.094,0.002,55.102,0.002,54.958,0.002,54.986,0.001,28.362,0.002,28.358,0.002,28.360,0.002,28.360,0.002,26.754,0.011,27.411,0.007,26.636,0.011,26.657,0.011,26.770,0.011,28.490,0.017,23.784,0.107,27.941,0.539
17000,15.000,0.001,55.092,0.002,55.104,0.002,54.958,0.002,54.986,0.001,28.362,0.002,28.358,0.002,28.360,0.002,28.360,0.002,26.752,0.011,27.409,0.007,26.634,0.011,26.657,0.011,26.770,0.011,28.490,0.017,23.839,0.107,27.953,0.541
18000,15.001,0.001,55.092,0.002,55.104,0.002,54.958,0.002,54.986,0.001,28.364,0.002,28.358,0.002,28.360,0.002,28.360,0.002,26.755,0.011,27.410,0.007,26.637,0.011,26.658,0.011,26.771,0.011,28.489,0.017,23.859,0.107,27.965,0.543
19000,15.001,0.001,55.090,0.002,55.102,0.002,54.956,0.002,54.984,0.001,28.362,0.002,28.358,0.002,28.362,0.002,28.362,0.002,26.755,0.011,27.410,0.007,26.636,0.011,26.658,0.011,26.771,0.011,28.486,0.016,23.791,0.107,27.978,0.545
20000,15.002,0.001,55.094,0.002,55.102,0.002,54.958,0.002,54.986,0.001,28.362,0.002,28.358,0.002,28.360,0.002,28.360,0.002,26.755,0.011,27.410,0.007,26.637,0.011,26.658,0.011,26.771,0.011,28.486,0.016,23.895,0.108,27.983,0.546
21000,15.001,0.001,55.094,0.003,55.102,0.002,54.960,0.002,54.988,0.001,28.362,0.002,28.360,0.002,28.360,0.002,28.360,0.002,26.756,0.011,27.410,0.007,26.638,0.011,26.658,0.011,26.772,0.011,28.486,0.016,23.848,0.108,27.983,0.546
22001,14.999,0.001,55.092,0.003,55.102,0.002,54.958,0.002,54.986,0.001,28.364,0.002,28.358,0.002,28.362,0.002,28.362,0.002,26.755,0.011,27.411,0.007,26.638,0.011,26.659,0.011,26.772,0.011,28.486,0.016,23.791,0.108,27.978,0.547
23001,15.000,0.001,55.094,0.002,55.104,0.002,54.958,0.002,54.986,0.001,28.362,0.002,28.360,0.002,28.360,0.002,28.360,0.002,26.755,0.011,27.411,0.007,26.638,0.011,26.659,0.011,26.772,0.011,28.486,0.015,23.684,0.108,27.984,0.547
24001,15.001,0.001,55.092,0.002,55.106,0.002,54.958,0.002,54.986,0.001,28.364,0.002,28.360,0.002,28.360,0.002,28.360,0.002,26.755,0.011,27.412,0.007,26.639,0.011,26.660,0.011,26.772,0.011,28.485,0.015,23.715,0.108,27.993,0.547
25001,15.000,0.001,55.094,0.003,55.102,0.002,54.960,0.002,54.988,0.001,28.362,0.002,28.358,0.002,28.360,0.002,28.360,0.002,26.756,0.011,27.411,0.007,26.639,0.011,26.660,0.011,26.773,0.011,28.486,0.015,23.792,0.108,28.004,0.546
26001,15.000,0.001,55.096,0.003,55.104,0.002,54.956,0.002,54.984,0.001,28.362,0.002,28.358,0.002,28.360,0.002,28.360,0.002,26.756,0.011,27.412,0.007,26.639,0.011,26.660,0.011,26.773,0.011,28.486,0.014,23.741,0.108,28.011,0.546
27001,15.001,0.001,55.094,0.003,55.104,0.002,54.958,0.002,54.986,0.001,28.364,0.002,28.360,0.002,28.360,0.002,28.360,0.002,26.756,0.011,27.411,0.007,26.639,0.011,26.660,0.011,26.773,0.011,28.485,0.014,23.750,0.108,28.023,0.544
28001,15.001,0.001,55.092,0.003,55.104,0.002,54.956,0.002,54.986,0.001,28.364,0.002,28.360,0.002,28.360,0.002,28.360,0.002,26.757,0.011,27.412,0.007,26.639,0.011,26.661,0.011,26.774,0.011,28.484,0.014,23.782,0.108,28.037,0.542
29001,15.000,0.001,55.094,0.003,55.104,0.002,54.958,0.002,54.986,0.001,28.364,0.002,28.360,0.002,28.362,0.002,28.362,0.002,26.757,0.011,27.411,0.007,26.640,0.011,26.661,0.011,26.775,0.011,28.485,0.013,23.827,0.108,28.045,0.540
30001,15.000,0.001,55.092,0.003,55.106,0.002,54.960,0.002,54.988,0.001,28.364,0.002,28.360,0.002,28.362,0.002,28.362,0.002,26.757,0.011,27.412,0.007,26.640,0.011,26.662,0.011,26.775,0.011,28.486,0.013,23.795,0.108,28.050,0.538
31001,15.000,0.001,55.094,0.003,55.106,0.002,54.960,0.002,54.988,0.001,28.364,0.002,28.360,0.002,28.360,0.002,28.362,0.002,26.759,0.011,27.412,0.007,26.641,0.011,26.662,0.011,26.775,0.011,28.487,0.013,23.819,0.108,28.062,0.536
32001,15.000,0.001,55.092,0.003,55.106,0.002,54.958,0.002,54.986,0.001,28.364,0.002,28.360,0.002,28.360,0.002,28.362,0.002,26.759,0.011,27.413,0.007,26.640,0.011,26.661,0.011,26.776,0.011,28.488,0.012,23.827,0.108,28.070,0.536
33001,15.000,0.001,55.094,0.003,55.102,0.002,54.960,0.002,54.986,0.001,28.364,0.002,28.360,0.002,28.362,0.002,28.362,0.002,26.759,0.011,27.413,0.007,26.641,0.011,26.661,0.011,26.776,0.011,28.490,0.012,23.843,0.108,28.074,0.535
34001,15.000,0.001,55.092,0.003,55.102,0.002,54.960,0.002,54.986,0.001,28.364,0.002,28.360,0.002,28.362,0.002,28.362,0.002,26.758,0.011,27.413,0.007,26.641,0.011,26.662,0.011,26.775,0.011,28.492,0.012,23.819,0.108,28.085,0.535
35001,15.000,0.001,55.094,0.003,55.102,0.002,54.958,0.002,54.986,0.001,28.364,0.002,28.360,0.002,28.362,0.002,28.362,0.002,26.759,0.011,27.413,0.007,26.642,0.011,26.664,0.011,26.776,0.011,28.491,0.012,23.795,0.108,28.090,0.535
36001,15.000,0.001,55.094,0.003,55.104,0.002,54.956,0.002,54.984,0.001,28.364,0.002,28.360,0.002,28.362,0.002,28.362,0.002,26.760,0.011,27.413,0.007,26.643,0.011,26.663,0.011,26.777,0.011,28.494,0.011,23.741,0.108,28.097,0.535
37001,15.000,0.001,55.096,0.003,55.104,0.002,54.960,0.002,54.988,0.001,28.364,0.002,28.360,0.002,28.362,0.002,28.362,0.002,26.760,0.011,27.413,0.007,26.642,0.011,26.664,0.011,26.777,0.011,28.494,0.011,23.717,0.108,28.106,0.534
38001,15.001,0.001,55.094,0.003,55.106,0.002,54.958,0.002,54.986,0.001,28.364,0.002,28.362,0.002,28.362,0.002,28.362,0.002,26.761,0.011,27.415,0.007,26.642,0.011,26.664,0.011,26.777,0.011,28.495,0.011,23.738,0.108,28.112,0.533
39001,15.000,0.001,55.092,0.003,55.104,0.002,54.962,0.002,54.990,0.002,28.364,0.002,28.360,0.002,28.362,0.002,28.362,0.002,26.761,0.011,27.415,0.007,26.643,0.011,26.664,0.011,26.778,0.011,28.496,0.010,23.781,0.107,28.124,0.532
40001,15.001,0.001,55.094,0.003,55.104,0.002,54.958,0.002,54.986,0.002,28.364,0.002,28.360,0.002,28.362,0.002,28.362,0.002,26.761,0.011,27.416,0.007,26.644,0.011,26.664,0.011,26.778,0.011,28.497,0.010,23.786,0.107,28.134,0.531
41001,15.001,0.001,55.094,0.003,55.104,0.002,54.962,0.002,54.988,0.002,28.364,0.002,28.360,0.002,28.362,0.002,28.362,0.002,26.761,0.011,27.416,0.007,26.644,0.011,26.664,0.011,26.778,0.011,28.497,0.010,23.786,0.107,28.134,0.531
42001,15.001,0.001,55.096,0.003,55.104,0.002,54.962,0.002,54.990,0.002,28.364,0.002,28.360,0.002,28.362,0.002,28.362,0.002,26.761,0.011,27.414,0.007,26.644,0.011,26.664,0.011,26.778,0.011,28.497,0.010,23.838,0.107,28.138,0.530
43001,15.001,0.001,55.094,0.003,55.104,0.002,54.960,0.002,54.988,0.002,28.364,0.002,28.360,0.002,28.362,0.002,28.362,0.002,26.761,0.011,27.416,0.007,26.644,0.011,26.665,0.011,26.778,0.011,28.499,0.010,23.836,0.106,28.147,0.530
44001,15.000,0.001,55.096,0.003,55.106,0.002,54.958,0.002,54.988,0.002,28.364,0.002,28.360,0.002,28.362,0.002,28.362,0.002,26.762,0.011,27.415,0.007,26.645,0.011,26.666,0.011,26.778,0.011,28.499,0.009,23.777,0.106,28.152,0.529
45001,15.001,0.001,55.096,0.003,55.106,0.002,54.958,0.002,54.988,0.002,28.364,0.002,28.360,0.002,28.362,0.002,28.362,0.002,26.763,0.011,27.415,0.007,26.645,0.011,26.665,0.011,26.778,0.011,28.501,0.009,23.886,0.106,28.158,0.528
46001,14.999,0.001,55.096,0.003,55.104,0.002,54.958,0.002,54.988,0.002,28.364,0.002,28.360,0.002,28.362,0.002,28.362,0.002,26.761,0.011,27.415,0.007,26.645,0.011,26.665,0.011,26.779,0.011,28.501,0.009,23.879,0.105,28.171,0.527
47001,14.999,0.001,55.094,0.003,55.106,0.002,54.960,0.002,54.988,0.002,28.364,0.002,28.360,0.002,28.362,0.002,28.362,0.002,26.762,0.011,27.416,0.007,26.645,0.011,26.666,0.011,26.779,0.011,28.502,0.009,24.082,0.108,28.173,0.526
48001,15.000,0.001,55.096,0.003,55.106,0.003,54.960,0.002,54.988,0.002,28.366,0.002,28.360,0.002,28.362,0.002,28.362,0.002,26.763,0.011,27.416,0.007,26.646,0.011,26.666,0.011,26.780,0.011,28.501,0.008,24.008,0.110,28.181,0.525
49001,15.001,0.001,55.096,0.003,55.108,0.003,54.960,0.002,54.988,0.002,28.364,0.002,28.360,0.002,28.362,0.002,28.362,0.002,26.763,0.011,27.417,0.007,26.646,0.011,26.667,0.011,26.781,0.011,28.501,0.008,24.030,0.111,28.201,0.524
50002,15.000,0.001,55.098,0.003,55.108,0.003,54.958,0.002,54.988,0.002,28.364,0.002,28.362,0.002,28.362,0.002,28.362,0.002,26.764,0.011,27.417,0.008,26.646,0.011,26.667,0.011,26.781,0.011,28.500,0.008,24.065,0.113,28.222,0.522
51002,15.000,0.001,55.098,0.003,55.106,0.003,54.962,0.002,54.990,0.002,28.364,0.002,28.362,0.002,28.362,0.002,28.362,0.002,26.764,0.011,27.416,0.007,26.646,0.011,26.667,0.011,26.780,0.011,28.500,0.008,24.036,0.115,28.236,0.520
52002,14.999,0.001,55.098,0.003,55.106,0.003,54.960,0.002,54.988,0.002,28.364,0.002,28.360,0.002,28.362,0.002,28.362,0.002,26.764,0.011,27.416,0.007,26.648,0.011,26.668,0.011,26.781,0.011,28.500,0.008,24.036,0.117,28.247,0.517
53002,15.000,0.001,55.098,0.003,55.110,0.003,54.960,0.002,54.988,0.002,28.364,0.002,28.360,0.002,28.362,0.002,28.362,0.002,26.764,0.011,27.417,0.007,26.647,0.011,26.668,0.011,26.781,0.011,28.498,0.007,24.041,0.119,28.257,0.513
54002,15.000,0.001,55.096,0.003,55.106,0.003,54.962,0.002,54.990,0.002,28.366,0.002,28.362,0.002,28.362,0.002,28.362,0.002,26.765,0.011,27.418,0.008,26.648,0.011,26.668,0.011,26.782,0.011,28.498,0.007,24.094,0.121,28.261,0.508
55002,15.000,0.001,55.096,0.003,55.108,0.003,54.960,0.002,54.988,0.002,28.366,0.002,28.362,0.002,28.362,0.002,28.362,0.002,26.764,0.011,27.417,0.008,26.648,0.011,26.668,0.011,26.782,0.011,28.497,0.007,24.094,0.124,28.259,0.503
56002,15.000,0.001,55.094,0.003,55.108,0.003,54.960,0.002,54.988,0.002,28.366,0.002,28.362,0.002,28.364,0.002,28.364,0.002,26.765,0.011,27.418,0.008,26.648,0.011,26.669,0.011,26.782,0.011,28.497,0.007,24.039,0.126,28.243,0.497
57002,14.999,0.001,55.096,0.003,55.106,0.003,54.960,0.002,54.988,0.002,28.366,0.002,28.362,0.002,28.362,0.002,28.362,0.002,26.766,0.011,27.419,0.008,26.649,0.011,26.669,0.011,26.782,0.011,28.498,0.007,24.115,0.128,28.218,0.491
58002,15.000,0.001,55.100,0.003,55.108,0.003,54.962,0.002,54.990,0.002,28.366,0.002,28.360,0.002,28.364,0.002,28.364,0.002,26.766,0.011,27.419,0.008,26.647,0.011,26.669,0.011,26.783,0.011,28.498,0.006,24.067,0.130,28.211,0.484
59002,15.000,0.001,55.096,0.003,55.106,0.003,54.960,0.002,54.988,0.002,28.366,0.002,28.360,0.002,28.362,0.002,28.362,0.002,26.766,0.011,27.418,0.008,26.648,0.011,26.670,0.011,26.784,0.011,28.498,0.006,24.045,0.131,28.212,0.476
60002,15.001,0.001,55.098,0.003,55.108,0.003,54.960,0.002,54.988,0.002,28.366,0.002,28.362,0.002,28.362,0.002,28.362,0.002,26.766,0.011,27.419,0.008,26.649,0.011,26.669,0.011,26.784,0.011,28.499,0.006,24.053,0.132,28.220,0.468
61002,14.999,0.001,55.096,0.003,55.108,0.003,54.960,0.002,54.988,0.002,28.366,0.002,28.362,0.002,28.362,0.002,28.364,0.002,26.767,0.011,27.419,0.008,26.651,0.011,26.670,0.011,26.783,0.011,28.499,0.006,24.033,0.133,28.231,0.459
62002,15.000,0.001,55.096,0.003,55.104,0.003,54.964,0.002,54.992,0.002,28.366,0.002,28.362,0.002,28.364,0.002,28.364,0.002,26.768,0.011,27.419,0.008,26.650,0.011,26.671,0.011,26.784,0.011,28.499,0.006,24.088,0.135,28.238,0.450
63002,15.000,0.001,55.094,0.003,55.106,0.003,54.960,0.002,54.988,0.002,28.366,0.002,28.362,0.002,28.362,0.002,28.362,0.002,26.768,0.011,27.419,0.008,26.651,0.011,26.670,0.011,26.784,0.011,28.501,0.006,24.130,0.137,28.235,0.440
64002,15.000,0.001,55.100,0.004,55.108,0.003,54.960,0.002,54.990,0.002,28.366,0.002,28.362,0.002,28.364,0.002,28.364,0.002,26.767,0.011,27.419,0.008,26.651,0.011,26.671,0.011,26.785,0.011,28.501,0.006,24.141,0.140,28.228,0.430
65002,15.000,0.001,55.094,0.004,55.108,0.003,54.962,0.002,54.990,0.002,28.366,0.002,28.362,0.002,28.364,0.002,28.364,0.002,26.768,0.011,27.420,0.008,26.650,0.011,26.672,0.011,26.785,0.011,28.503,0.006,24.168,0.139,28.223,0.419
66002,15.000,0.001,55.096,0.004,55.108,0.003,54.964,0.002,54.992,0.002,28.366,0.002,28.362,0.002,28.364,0.002,28.364,0.002,26.769,0.011,27.420,0.008,26.651,0.011,26.671,0.011,26.785,0.011,28.503,0.006,24.099,0.129,28.218,0.407
67002,15.001,0.001,55.096,0.004,55.108,0.003,54.964,0.002,54.992,0.002,28.366,0.002,28.362,0.002,28.364,0.002,28.364,0.002,26.769,0.011,27.420,0.008,26.652,0.011,26.673,0.011,26.786,0.011,28.504,0.006,24.220,0.130,28.212,0.395
68002,15.000,0.001,55.098,0.004,55.110,0.003,54.964,0.002,54.992,0.002,28.366,0.002,28.362,0.002,28.362,0.002,28.362,0.002,26.769,0.011,27.421,0.008,26.651,0.011,26.672,0.011,26.787,0.011,28.504,0.006,24.212,0.134,28.207,0.383
69002,15.000,0.001,55.098,0.004,55.104,0.003,54.962,0.002,54.990,0.002,28.366,0.002,28.362,0.002,28.364,0.002,28.364,0.002,26.769,0.011,27.422,0.008,26.652,0.011,26.673,0.011,26.787,0.011,28.504,0.006,24.219,0.139,28.205,0.371
70002,15.000,0.001,55.098,0.004,55.108,0.003,54.962,0.002,54.990,0.002,28.366,0.002,28.362,0.002,28.364,0.002,28.364,0.002,26.769,0.011,27.421,0.008,26.652,0.011,26.674,0.011,26.786,0.011,28.505,0.006,24.189,0.142,28.196,0.359
71002,15.000,0.001,55.098,0.004,55.110,0.003,54.962,0.002,54.990,0.002,28.366,0.002,28.362,0.002,28.364,0.002,28.364,0.002,26.770,0.011,27.420,0.008,26.653,0.011,26.673,0.011,26.787,0.011,28.504,0.006,24.148,0.143,28.188,0.347
72002,15.000,0.001,55.098,0.004,55.106,0.003,54.964,0.002,54.990,0.002,28.366,0.002,28.362,0.002,28.364,0.002,28.364,0.002,26.770,0.011,27.420,0.008,26.653,0.011,26.674,0.011,26.787,0.011,28.505,0.006,24.168,0.145,28.187,0.334
73002,15.000,0.001,55.098,0.004,55.110,0.003,54.962,0.002,54.990,0.002,28.366,0.002,28.362,0.002,28.364,0.002,28.364,0.002,26.771,0.011,27.421,0.008,26.653,0.011,26.674,0.011,26.787,0.011,28.504,0.006,24.167,0.147,28.179,0.320
74002,15.000,0.001,55.098,0.004,55.108,0.003,54.964,0.002,54.992,0.002,28.366,0.002,28.362,0.002,28.364,0.002,28.364,0.002,26.772,0.011,27.422,0.008,26.653,0.011,26.676,0.011,26.787,0.011,28.505,0.006,24.153,0.149,28.174,0.304
75002,15.000,0.001,55.098,0.004,55.108,0.003,54.964,0.002,54.992,0.002,28.366,0.002,28.362,0.002,28.364,0.002,28.364,0.002,26.771,0.011,27.421,0.008,26.654,0.011,26.676,0.011,26.789,0.011,28.506,0.006,24.112,0.150,28.159,0.289
76002,15.000,0.001,55.100,0.004,55.108,0.003,54.962,0.002,54.990,0.002,28.366,0.002,28.362,0.002,28.364,0.002,28.364,0.002,26.771,0.011,27.423,0.008,26.654,0.011,26.675,0.011,26.789,0.011,28.507,0.006,24.148,0.152,28.147,0.274
77002,15.000,0.001,55.100,0.004,55.108,0.003,54.964,0.002,54.992,0.002,28.366,0.002,28.362,0.002,28.364,0.002,28.364,0.002,26.772,0.011,27.422,0.008,26.654,0.011,26.675,0.011,26.789,0.011,28.507,0.006,24.185,0.154,28.137,0.258
78002,15.000,0.001,55.100,0.004,55.106,0.003,54.964,0.002,54.992,0.003,28.366,0.002,28.362,0.002,28.364,0.002,28.364,0.002,26.771,0.011,27.422,0.008,26.655,0.011,26.676,0.011,26.789,0.011,28.509,0.006,24.162,0.156,28.131,0.243
79002,15.000,0.001,55.102,0.004,55.108,0.003,54.964,0.003,54.992,0.003,28.366,0.002,28.362,0.002,28.364,0.002,28.364,0.002,26.772,0.011,27.422,0.008,26.656,0.011,26.676,0.011,26.789,0.011,28.509,0.006,24.189,0.158,28.124,0.230
80003,15.000,0.001,55.098,0.004,55.110,0.003,54.962,0.003,54.990,0.003,28.366,0.002,28.362,0.002,28.364,0.002,28.364,0.002,26.772,0.011,27.423,0.008,26.656,0.011,26.676,0.011,26.790,0.011,28.510,0.006,24.217,0.161,28.129,0.219
81003,15.000,0.001,55.100,0.004,55.110,0.003,54.964,0.003,54.992,0.003,28.366,0.002,28.362,0.002,28.364,0.002,28.364,0.002,26.773,0.011,27.422,0.008,26.656,0.011,26.676,0.011,26.790,0.011,28.510,0.006,24.166,0.162,28.144,0.208
82003,15.000,0.001,55.100,0.004,55.112,0.003,54.962,0.003,54.992,0.003,28.366,0.002,28.362,0.002,28.364,0.002,28.364,0.002,26.773,0.011,27.423,0.008,26.656,0.011,26.677,0.011,26.791,0.011,28.510,0.006,24.174,0.163,28.160,0.197
83003,15.001,0.001,55.100,0.004,55.110,0.003,54.962,0.003,54.990,0.003,28.368,0.002,28.362,0.002,28.364,0.002,28.364,0.002,26.773,0.011,27.422,0.008,26.656,0.011,26.677,0.011,26.791,0.011,28.510,0.006,24.150,0.164,28.171,0.189
84003,15.000,0.001,55.102,0.004,55.108,0.003,54.962,0.003,54.990,0.003,28.366,0.002,28.362,0.002,28.364,0.002,28.364,0.002,26.772,0.011,27.422,0.008,26.657,0.011,26.678,0.011,26.791,0.011,28.510,0.007,24.228,0.166,28.178,0.183
85003,15.000,0.001,55.100,0.004,55.108,0.003,54.966,0.003,54.994,0.003,28.366,0.002,28.362,0.002,28.364,0.002,28.364,0.002,26.774,0.011,27.422,0.008,26.657,0.011,26.678,0.011,26.792,0.011,28.510,0.007,24.206,0.168,28.192,0.177
86003,15.000,0.001,55.100,0.004,55.112,0.003,54.962,0.003,54.990,0.003,28.366,0.002,28.362,0.002,28.364,0.002,28.364,0.002,26.774,0.011,27.424,0.008,26.658,0.011,26.678,0.011,26.792,0.011,28.511,0.007,24.231,0.171,28.220,0.172
87003,15.000,0.001,55.098,0.004,55.110,0.003,54.962,0.003,54.990,0.003,28.368,0.002,28.364,0.002,28.364,0.002,28.364,0.002,26.774,0.011,27.423,0.008,26.658,0.011,26.678,0.011,26.792,0.011,28.512,0.007,24.261,0.174,28.239,0.169
88003,15.000,0.001,55.100,0.004,55.110,0.003,54.962,0.003,54.990,0.003,28.368,0.002,28.362,0.002,28.364,0.002,28.364,0.002,26.775,0.011,27.423,0.008,26.658,0.011,26.678,0.011,26.792,0.011,28.510,0.007,24.214,0.176,28.261,0.167
89003,15.000,0.001,55.100,0.004,55.108,0.003,54.964,0.003,54.992,0.003,28.368,0.002,28.364,0.002,28.364,0.002,28.364,0.002,26.774,0.011,27.422,0.007,26.659,0.011,26.679,0.011,26.793,0.011,28.511,0.007,24.238,0.178,28.276,0.167
90003,15.000,0.001,55.098,0.004,55.110,0.003,54.962,0.003,54.992,0.003,28.366,0.002,28.364,0.002,28.364,0.002,28.364,0.002,26.775,0.011,27.424,0.007,26.658,0.011,26.680,0.011,26.793,0.011,28.511,0.007,24.265,0.180,28.288,0.168
91003,15.002,0.001,55.102,0.004,55.110,0.003,54.964,0.003,54.992,0.003,28.368,0.002,28.364,0.002,28.366,0.002,28.366,0.002,26.777,0.011,27.424,0.007,26.659,0.011,26.680,0.011,26.794,0.011,28.511,0.007,24.258,0.183,28.296,0.169
92003,15.001,0.001,55.098,0.004,55.112,0.003,54.962,0.003,54.990,0.003,28.368,0.002,28.364,0.002,28.364,0.002,28.364,0.002,26.776,0.011,27.425,0.007,26.659,0.011,26.680,0.011,26.794,0.011,28.511,0.007,24.262,0.185,28.301,0.170
93003,15.001,0.001,55.100,0.004,55.114,0.004,54.962,0.003,54.992,0.003,28.368,0.002,28.362,0.002,28.364,0.002,28.364,0.002,26.776,0.010,27.425,0.007,26.660,0.011,26.680,0.011,26.794,0.011,28.512,0.007,24.192,0.187,28.311,0.171
94003,15.000,0.001,55.100,0.004,55.112,0.004,54.966,0.003,54.994,0.003,28.368,0.002,28.364,0.002,28.364,0.002,28.364,0.002,26.776,0.010,27.426,0.007,26.660,0.011,26.681,0.011,26.794,0.011,28.510,0.007,24.192,0.188,28.312,0.172
95003,15.000,0.001,55.096,0.004,55.114,0.004,54.964,0.003,54.992,0.003,28.368,0.002,28.364,0.002,28.366,0.002,28.366,0.002,26.777,0.010,27.425,0.007,26.660,0.011,26.682,0.011,26.794,0.011,28.510,0.007,24.267,0.190,28.318,0.173
96003,15.000,0.001,55.102,0.004,55.112,0.004,54.966,0.003,54.994,0.003,28.366,0.002,28.364,0.002,28.366,0.002,28.366,0.002,26.778,0.010,27.426,0.007,26.660,0.011,26.681,0.011,26.795,0.011,28.511,0.007,24.299,0.193,28.318,0.174
97003,15.001,0.001,55.098,0.004,55.110,0.004,54.964,0.003,54.992,0.003,28.368,0.002,28.364,0.002,28.366,0.002,28.366,0.002,26.777,0.010,27.425,0.007,26.660,0.011,26.681,0.011,26.796,0.011,28.510,0.007,24.300,0.195,28.319,0.174
98003,15.000,0.001,55.102,0.004,55.112,0.004,54.962,0.003,54.992,0.003,28.366,0.002,28.364,0.002,28.366,0.002,28.366,0.002,26.778,0.010,27.425,0.007,26.660,0.011,26.682,0.011,26.795,0.011,28.512,0.007,24.302,0.198,28.316,0.174
99003,15.000,0.001,55.100,0.004,55.112,0.004,54.962,0.003,54.992,0.003,28.368,0.002,28.364,0.002,28.366,0.002,28.366,0.002,26.777,0.010,27.426,0.007,26.661,0.011,26.682,0.011,26.796,0.011,28.512,0.008,24.307,0.200,28.318,0.174
100003,15.000,0.001,55.102,0.004,55.112,0.004,54.964,0.003,54.994,0.003,28.368,0.002,28.364,0.002,28.366,0.002,28.366,0.002,26.779,0.010,27.426,0.007,26.663,0.011,26.682,0.011,26.797,0.011,28.512,0.008,24.323,0.203,28.325,0.176
101003,15.000,0.001,55.100,0.004,55.110,0.004,54.964,0.003,54.992,0.003,28.368,0.002,28.362,0.002,28.366,0.002,28.366,0.002,26.779,0.010,27.427,0.007,26.663,0.011,26.683,0.011,26.797,0.011,28.513,0.008,24.317,0.205,28.328,0.179
102003,15.000,0.001,55.100,0.004,55.110,0.004,54.964,0.003,54.992,0.003,28.368,0.002,28.364,0.002,28.366,0.002,28.366,0.002,26.779,0.010,27.426,0.007,26.663,0.011,26.683,0.011,26.798,0.011,28.514,0.008,24.246,0.206,28.334,0.181
103003,15.000,0.001,55.102,0.004,55.112,0.004,54.964,0.003,54.992,0.003,28.368,0.002,28.364,0.002,28.366,0.002,28.366,0.002,26.780,0.010,27.427,0.007,26.662,0.011,26.683,0.011,26.797,0.011,28.514,0.008,24.306,0.209,28.338,0.183
104003,15.000,0.001,55.100,0.004,55.112,0.004,54.966,0.003,54.994,0.003,28.368,0.002,28.364,0.002,28.366,0.002,28.366,0.002,26.780,0.010,27.428,0.007,26.663,0.011,26.684,0.011,26.798,0.011,28.514,0.008,24.324,0.210,28.342,0.186
105003,15.000,0.001,55.104,0.004,55.112,0.004,54.966,0.003,54.994,0.003,28.368,0.002,28.364,0.002,28.366,0.002,28.366,0.002,26.780,0.010,27.428,0.007,26.663,0.011,26.684,0.011,26.798,0.011,28.515,0.008,24.371,0.213,28.343,0.188
106003,15.000,0.001,55.102,0.004,55.112,0.004,54.966,0.003,54.994,0.003,28.368,0.002,28.364,0.002,28.366,0.002,28.366,0.002,26.780,0.010,27.427,0.007,26.664,0.011,26.685,0.011,26.798,0.011,28.515,0.008,24.425,0.217,28.339,0.191
107003,15.000,0.001,55.104,0.004,55.110,0.004,54.968,0.003,54.996,0.003,28.368,0.002,28.364,0.002,28.364,0.002,28.366,0.002,26.781,0.010,27.429,0.007,26.664,0.011,26.685,0.011,26.799,0.011,28.515,0.008,24.375,0.219,28.339,0.193
108003,15.000,0.001,55.102,0.004,55.112,0.004,54.966,0.003,54.994,0.003,28.368,0.002,28.364,0.002,28.366,0.002,28.366,0.002,26.781,0.010,27.429,0.007,26.665,0.011,26.686,0.011,26.799,0.011,28.516,0.008,24.449,0.222,28.339,0.195
109003,15.000,0.001,55.104,0.004,55.114,0.004,54.964,0.003,54.994,0.003,28.368,0.002,28.364,0.002,28.366,0.002,28.366,0.002,26.781,0.010,27.428,0.007,26.665,0.011,26.685,0.011,26.800,0.011,28.514,0.008,24.340,0.224,28.339,0.197
110004,15.001,0.000,55.102,0.004,55.112,0.004,54.964,0.003,54.994,0.003,28.368,0.002,28.364,0.002,28.366,0.002,28.366,0.002,26.782,0.010,27.428,0.007,26.665,0.011,26.686,0.011,26.800,0.011,28.514,0.009,24.410,0.226,28.338,0.198
111004,15.001,0.000,55.104,0.004,55.110,0.004,54.966,0.003,54.994,0.003,28.368,0.002,28.364,0.002,28.366,0.002,28.366,0.002,26.781,0.010,27.429,0.007,26.665,0.011,26.686,0.011,26.800,0.011,28.514,0.009,24.418,0.229,28.340,0.200
112004,15.000,0.000,55.102,0.004,55.114,0.004,54.966,0.003,54.994,0.003,28.370,0.002,28.364,0.002,28.366,0.002,28.366,0.002,26.782,0.010,27.429,0.007,26.666,0.011,26.687,0.011,26.800,0.011,28.514,0.009,24.250,0.230,28.337,0.202
113004,14.999,0.000,55.104,0.004,55.114,0.004,54.966,0.003,54.994,0.003,28.368,0.002,28.364,0.002,28.366,0.002,28.366,0.002,26.781,0.010,27.430,0.007,26.666,0.011,26.686,0.011,26.799,0.011,28.513,0.009,24.368,0.232,28.344,0.203
114004,15.000,0.000,55.102,0.004,55.112,0.004,54.966,0.003,54.994,0.003,28.368,0.002,28.364,0.002,28.366,0.002,28.366,0.002,26.781,0.010,27.430,0.007,26.666,0.011,26.686,0.011,26.799,0.011,28.513,0.009,24.368,0.232,28.344,0.203
115004,15.000,0.000,55.104,0.004,55.114,0.004,54.966,0.003,54.994,0.003,28.368,0.002,28.364,0.002,28.366,0.002,28.366,0.002,26.783,0.010,27.429,0.007,26.666,0.011,26.687,0.011,26.801,0.011,28.513,0.009,24.257,0.232,28.324,0.205
116004,15.000,0.000,55.100,0.004,55.116,0.004,54.968,0.003,54.996,0.003,28.368,0.002,28.364,0.002,28.366,0.002,28.366,0.002,26.783,0.010,27.430,0.007,26.667,0.011,26.687,0.011,26.801,0.011,28.512,0.009,24.212,0.232,28.270,0.205
117004,14.999,0.000,55.104,0.004,55.112,0.004,54.966,0.003,54.994,0.003,28.368,0.002,28.364,0.002,28.366,0.002,28.366,0.002,26.783,0.010,27.430,0.007,26.668,0.011,26.687,0.011,26.802,0.011,28.511,0.009,24.224,0.231,28.252,0.206
118004,15.000,0.000,55.104,0.004,55.114,0.004,54.966,0.003,54.994,0.003,28.370,0.002,28.366,0.002,28.366,0.002,28.366,0.002,26.783,0.010,27.431,0.007,26.667,0.011,26.688,0.011,26.803,0.011,28.511,0.009,24.255,0.231,28.253,0.206
119004,15.000,0.000,55.102,0.004,55.112,0.004,54.964,0.003,54.994,0.003,28.368,0.002,28.364,0.002,28.366,0.002,28.366,0.002,26.783,0.010,27.432,0.007,26.668,0.011,26.688,0.011,26.802,0.011,28.509,0.009,24.298,0.231,28.231,0.205
120004,15.000,0.000,55.104,0.004,55.114,0.004,54.968,0.003,54.996,0.003,28.368,0.002,28.364,0.002,28.366,0.002,28.366,0.002,26.784,0.010,27.432,0.007,26.667,0.011,26.688,0.011,26.802,0.011,28.507,0.009,24.407,0.232,28.180,0.205
121004,15.000,0.000,55.104,0.004,55.114,0.004,54.968,0.003,54.996,0.003,28.368,0.002,28.364,0.002,28.366,0.002,28.366,0.002,26.785,0.010,27.431,0.007,26.668,0.011,26.689,0.011,26.803,0.011,28.508,0.009,24.268,0.231,28.103,0.204
122004,15.002,0.000,55.102,0.004,55.112,0.004,54.970,0.003,54.996,0.003,28.368,0.002,28.366,0.002,28.366,0.002,28.366,0.002,26.784,0.010,27.432,0.007,26.669,0.011,26.689,0.011,26.803,0.011,28.506,0.009,24.232,0.230,28.072,0.204
123004,15.000,0.000,55.104,0.004,55.114,0.004,54.966,0.003,54.996,0.003,28.370,0.002,28.366,0.002,28.366,0.002,28.366,0.002,26.786,0.010,27.433,0.007,26.668,0.011,26.690,0.011,26.803,0.011,28.505,0.009,24.240,0.228,28.021,0.204
124004,15.000,0.000,55.102,0.004,55.116,0.004,54.966,0.003,54.996,0.003,28.370,0.002,28.366,0.002,28.366,0.002,28.366,0.002,26.785,0.010,27.433,0.007,26.669,0.011,26.690,0.011,26.803,0.011,28.504,0.009,24.223,0.226,27.984,0.204
125004,15.000,0.000,55.104,0.004,55.114,0.004,54.968,0.003,54.996,0.003,28.370,0.002,28.366,0.002,28.366,0.002,28.366,0.002,26.786,0.010,27.433,0.007,26.669,0.011,26.689,0.011,26.803,0.011,28.503,0.009,24.199,0.225,27.955,0.205
126004,15.000,0.000,55.100,0.004,55.116,0.004,54.968,0.003,54.996,0.003,28.368,0.002,28.366,0.002,28.366,0.002,28.366,0.002,26.786,0.010,27.434,0.007,26.669,0.011,26.690,0.011,26.804,0.011,28.502,0.009,24.217,0.224,27.938,0.206
127004,15.000,0.000,55.102,0.004,55.114,0.004,54.968,0.003,54.996,0.003,28.370,0.002,28.364,0.002,28.366,0.002,28.366,0.002,26.786,0.010,27.433,0.007,26.670,0.011,26.691,0.011,26.804,0.011,28.502,0.009,24.204,0.222,27.925,0.207
128004,15.000,0.000,55.102,0.004,55.114,0.004,54.968,0.003,54.996,0.003,28.370,0.002,28.366,0.002,28.366,0.002,28.368,0.002,26.786,0.010,27.434,0.007,26.670,0.011,26.690,0.011,26.803,0.011,28.501,0.009,24.255,0.220,27.921,0.208
129004,15.000,0.000,55.102,0.004,55.112,0.004,54.966,0.003,54.994,0.003,28.370,0.002,28.366,0.002,28.368,0.002,28.368,0.002,26.787,0.010,27.434,0.007,26.671,0.011,26.692,0.011,26.805,0.011,28.500,0.009,24.304,0.218,27.927,0.209
130004,15.000,0.000,55.106,0.004,55.116,0.004,54.968,0.003,54.996,0.003,28.370,0.002,28.366,0.002,28.368,0.002,28.368,0.002,26.787,0.010,27.435,0.007,26.671,0.011,26.691,0.011,26.806,0.011,28.500,0.009,24.301,0.216,27.941,0.209
131004,15.000,0.000,55.108,0.004,55.116,0.004,54.968,0.003,54.998,0.003,28.370,0.002,28.366,0.002,28.368,0.002,28.368,0.002,26.787,0.010,27.435,0.007,26.671,0.011,26.692,0.011,26.807,0.011,28.500,0.009,24.276,0.214,27.964,0.209
132004,15.000,0.000,55.106,0.004,55.116,0.004,54.966,0.003,54.994,0.003,28.370,0.002,28.366,0.002,28.368,0.002,28.368,0.002,26.789,0.010,27.435,0.007,26.671,0.011,26.693,0.011,26.806,0.011,28.500,0.009,24.279,0.213,27.995,0.208
133004,15.000,0.000,55.106,0.004,55.114,0.004,54.968,0.003,54.996,0.003,28.370,0.002,28.366,0.002,28.368,0.002,28.368,0.002,26.786,0.010,27.434,0.007,26.671,0.011,26.693,0.011,26.807,0.011,28.500,0.009,24.306,0.211,28.024,0.206
134004,15.000,0.000,55.106,0.004,55.116,0.004,54.970,0.003,54.998,0.003,28.370,0.002,28.366,0.002,28.368,0.002,28.368,0.002,26.788,0.010,27.436,0.008,26.672,0.011,26.692,0.011,26.807,0.011,28.501,0.009,24.238,0.209,28.050,0.203
135004,15.002,0.000,55.104,0.004,55.118,0.004,54.970,0.003,54.998,0.003,28.370,0.002,28.366,0.002,28.368,0.002,28.368,0.002,26.788,0.010,27.436,0.008,26.673,0.011,26.693,0.011,26.807,0.011,28.501,0.009,24.228,0.207,28.071,0.200
136004,15.000,0.000,55.104,0.004,55.116,0.004,54.966,0.003,54.996,0.003,28.370,0.002,28.366,0.002,28.368,0.002,28.368,0.002,26.788,0.010,27.436,0.008,26.673,0.011,26.693,0.011,26.807,0.011,28.501,0.009,24.236,0.204,28.087,0.197
137004,15.000,0.000,55.102,0.004,55.116,0.004,54.970,0.003,54.998,0.004,28.370,0.002,28.366,0.002,28.368,0.002,28.368,0.002,26.788,0.010,27.437,0.008,26.673,0.011,26.694,0.011,26.808,0.011,28.501,0.009,24.209,0.201,28.097,0.194
138004,14.999,0.000,55.104,0.004,55.116,0.004,54.968,0.003,54.996,0.004,28.370,0.002,28.366,0.002,28.368,0.002,28.368,0.002,26.790,0.010,27.437,0.008,26.674,0.011,26.694,0.011,26.807,0.011,28.502,0.009,24.173,0.199,28.089,0.192
139004,15.000,0.000,55.104,0.004,55.116,0.004,54.968,0.003,54.996,0.004,28.370,0.002,28.366,0.002,28.368,0.002,28.368,0.002,26.790,0.010,27.437,0.008,26.674,0.011,26.694,0.011,26.809,0.011,28.501,0.009,24.133,0.198,28.075,0.190
140005,15.000,0.000,55.108,0.004,55.116,0.004,54.968,0.004,54.998,0.004,28.372,0.002,28.366,0.002,28.368,0.002,28.368,0.002,26.790,0.010,27.437,0.008,26.674,0.011,26.695,0.011,26.808,0.011,28.503,0.009,24.125,0.196,28.052,0.189
141005,15.000,0.000,55.104,0.004,55.114,0.004,54.968,0.003,54.996,0.004,28.370,0.002,28.366,0.002,28.368,0.002,28.368,0.002,26.791,0.010,27.437,0.008,26.674,0.011,26.695,0.011,26.809,0.011,28.502,0.008,24.188,0.194,28.030,0.188
142005,15.000,0.000,55.106,0.004,55.114,0.004,54.972,0.004,55.000,0.004,28.372,0.002,28.366,0.002,28.368,0.002,28.368,0.002,26.790,0.010,27.436,0.008,26.674,0.011,26.695,0.011,26.809,0.011,28.502,0.008,24.150,0.193,28.015,0.187
143005,15.001,0.000,55.106,0.004,55.116,0.004,54.970,0.004,54.998,0.004,28.370,0.002,28.366,0.002,28.368,0.002,28.368,0.002,26.791,0.010,27.437,0.008,26.675,0.011,26.696,0.011,26.809,0.011,28.503,0.008,24.222,0.191,28.004,0.187
144005,15.000,0.000,55.106,0.004,55.116,0.004,54.968,0.004,54.998,0.004,28.370,0.002,28.366,0.002,28.368,0.002,28.368,0.002,26.792,0.010,27.438,0.008,26.675,0.011,26.697,0.011,26.809,0.011,28.502,0.008,24.287,0.190,28.018,0.186
145005,15.001,0.000,55.104,0.004,55.118,0.004,54.968,0.004,54.996,0.004,28.370,0.002,28.366,0.002,28.368,0.002,28.368,0.002,26.791,0.010,27.438,0.008,26.676,0.011,26.696,0.011,26.811,0.011,28.503,0.008,24.352,0.186,28.042,0.185
146005,15.000,0.000,55.104,0.004,55.114,0.004,54.968,0.004,54.996,0.004,28.370,0.002,28.366,0.002,28.368,0.002,28.368,0.002,26.792,0.010,27.439,0.008,26.676,0.011,26.697,0.011,26.811,0.011,28.503,0.008,24.197,0.182,28.042,0.184
147005,15.000,0.000,55.104,0.004,55.116,0.004,54.970,0.004,54.998,0.004,28.370,0.002,28.366,0.002,28.368,0.002,28.368,0.002,26.793,0.010,27.438,0.008,26.676,0.011,26.697,0.011,26.811,0.011,28.503,0.007,24.202,0.179,28.029,0.184
148005,15.000,0.000,55.104,0.004,55.118,0.004,54.970,0.004,54.998,0.004,28.370,0.002,28.366,0.002,28.368,0.002,28.368,0.002,26.792,0.010,27.439,0.008,26.677,0.011,26.697,0.011,26.810,0.011,28.504,0.007,24.206,0.176,28.006,0.184
149005,15.002,0.000,55.106,0.004,55.118,0.004,54.972,0.004,55.000,0.004,28.372,0.002,28.366,0.002,28.368,0.002,28.368,0.002,26.793,0.010,27.440,0.008,26.677,0.011,26.698,0.011,26.811,0.011,28.505,0.007,24.364,0.173,27.994,0.184
150005,15.001,0.000,55.106,0.004,55.116,0.004,54.972,0.004,55.000,0.004,28.372,0.002,28.366,0.002,28.368,0.002,28.368,0.002,26.793,0.010,27.440,0.008,26.677,0.011,26.698,0.011,26.811,0.011,28.502,0.007,24.310,0.170,27.976,0.185
151005,15.000,0.000,55.108,0.004,55.118,0.004,54.968,0.004,54.998,0.004,28.372,0.002,28.366,0.002,28.368,0.002,28.368,0.002,26.793,0.010,27.439,0.008,26.678,0.011,26.699,0.011,26.812,0.011,28.498,0.007,24.286,0.168,27.947,0.187
152005,14.999,0.000,55.110,0.004,55.116,0.004,54.972,0.004,55.000,0.004,28.372,0.002,28.366,0.002,28.368,0.002,28.368,0.002,26.793,0.010,27.439,0.008,26.678,0.011,26.698,0.011,26.812,0.011,28.495,0.006,24.202,0.164,27.946,0.189
153005,14.999,0.001,55.108,0.004,55.114,0.004,54.970,0.004,54.998,0.004,28.372,0.002,28.368,0.002,28.368,0.002,28.368,0.002,26.794,0.010,27.440,0.008,26.678,0.011,26.698,0.011,26.812,0.011,28.495,0.006,24.186,0.161,27.936,0.191
154005,15.000,0.001,55.104,0.004,55.118,0.004,54.968,0.004,54.998,0.004,28.372,0.002,28.368,0.002,28.368,0.002,28.368,0.002,26.795,0.010,27.441,0.008,26.678,0.011,26.699,0.011,26.813,0.011,28.492,0.006,24.233,0.158,27.928,0.194
155005,15.001,0.001,55.106,0.004,55.118,0.004,54.970,0.004,54.998,0.004,28.372,0.002,28.368,0.002,28.368,0.002,28.368,0.002,26.794,0.010,27.442,0.008,26.679,0.011,26.699,0.011,26.814,0.011,28.491,0.006,24.246,0.156,27.904,0.197
156005,15.001,0.001,55.106,0.004,55.118,0.004,54.970,0.004,54.998,0.004,28.372,0.002,28.368,0.002,28.368,0.002,28.368,0.002,26.795,0.010,27.442,0.008,26.679,0.011,26.699,0.011,26.812,0.011,28.489,0.006,24.190,0.152,27.874,0.201
157005,15.001,0.001,55.108,0.004,55.118,0.004,54.970,0.004,54.998,0.004,28.372,0.002,28.368,0.002,28.368,0.002,28.368,0.002,26.795,0.010,27.441,0.008,26.680,0.011,26.701,0.011,26.814,0.011,28.487,0.006,24.036,0.149,27.869,0.205
158005,15.000,0.001,55.104,0.004,55.118,0.004,54.972,0.004,55.000,0.004,28.372,0.002,28.368,0.002,28.368,0.002,28.368,0.002,26.795,0.010,27.443,0.008,26.680,0.011,26.700,0.011,26.814,0.011,28.485,0.007,24.116,0.143,27.889,0.209
159005,14.999,0.001,55.108,0.004,55.118,0.004,54.966,0.004,54.996,0.004,28.372,0.002,28.368,0.002,28.370,0.002,28.370,0.002,26.796,0.010,27.442,0.008,26.681,0.011,26.701,0.011,26.814,0.011,28.484,0.007,24.176,0.137,27.941,0.211
160005,14.999,0.001,55.106,0.004,55.120,0.004,54.972,0.004,55.000,0.004,28.372,0.002,28.368,0.002,28.370,0.002,28.370,0.002,26.796,0.010,27.441,0.008,26.681,0.011,26.700,0.011,26.815,0.011,28.482,0.007,24.246,0.131,27.994,0.212
161005,14.999,0.001,55.106,0.004,55.118,0.004,54.970,0.004,54.998,0.004,28.372,0.002,28.366,0.002,28.368,0.002,28.368,0.002,26.796,0.010,27.443,0.008,26.680,0.011,26.701,0.011,26.815,0.011,28.481,0.007,24.187,0.125,28.049,0.213
162005,15.000,0.001,55.108,0.004,55.118,0.004,54.970,0.004,54.998,0.004,28.372,0.002,28.368,0.002,28.370,0.002,28.370,0.002,26.797,0.010,27.441,0.008,26.681,0.011,26.702,0.011,26.815,0.011,28.480,0.008,24.213,0.119,28.085,0.213
163005,15.000,0.001,55.108,0.004,55.116,0.004,54.974,0.004,55.002,0.004,28.372,0.002,28.368,0.002,28.370,0.002,28.370,0.002,26.797,0.010,27.443,0.008,26.681,0.011,26.701,0.011,26.815,0.011,28.478,0.008,24.216,0.115,28.096,0.213
164005,15.000,0.001,55.110,0.004,55.120,0.004,54.972,0.004,55.000,0.004,28.372,0.002,28.366,0.002,28.368,0.002,28.368,0.002,26.799,0.010,27.443,0.008,26.682,0.011,26.702,0.011,26.816,0.011,28.477,0.008,24.219,0.110,28.103,0.213
165005,15.001,0.001,55.108,0.004,55.120,0.004,54.970,0.004,54.998,0.004,28.372,0.002,28.368,0.002,28.368,0.002,28.370,0.002,26.798,0.010,27.444,0.008,26.683,0.011,26.702,0.011,26.816,0.011,28.476,0.009,24.320,0.103,28.092,0.213
166005,15.001,0.001,55.108,0.004,55.118,0.004,54.970,0.004,54.998,0.004,28.372,0.002,28.368,0.002,28.368,0.002,28.368,0.002,26.798,0.010,27.444,0.008,26.683,0.011,26.702,0.011,26.816,0.011,28.475,0.009,24.279,0.099,28.062,0.214
167006,15.001,0.001,55.106,0.004,55.118,0.004,54.970,0.004,54.998,0.004,28.372,0.002,28.368,0.002,28.368,0.002,28.370,0.002,26.798,0.010,27.445,0.008,26.682,0.011,26.702,0.011,26.817,0.011,28.475,0.009,24.308,0.095,28.003,0.215
168005,15.001,0.001,55.108,0.004,55.118,0.004,54.970,0.004,55.000,0.004,28.372,0.002,28.368,0.002,28.370,0.002,28.370,0.002,26.799,0.010,27.444,0.008,26.684,0.011,26.703,0.011,26.816,0.011,28.472,0.010,24.272,0.094,27.958,0.217
169006,15.000,0.001,55.108,0.004,55.122,0.004,54.972,0.004,55.000,0.004,28.372,0.002,28.368,0.002,28.370,0.002,28.370,0.002,26.799,0.010,27.445,0.008,26.683,0.011,26.704,0.011,26.818,0.011,28.471,0.010,24.318,0.092,27.933,0.219
170006,15.001,0.001,55.108,0.004,55.120,0.004,54.970,0.004,55.000,0.004,28.372,0.002,28.368,0.002,28.368,0.002,28.370,0.002,26.801,0.010,27.445,0.008,26.684,0.011,26.703,0.011,26.818,0.011,28.469,0.011,24.297,0.091,27.947,0.221
171006,15.001,0.001,55.108,0.004,55.118,0.004,54.974,0.004,55.002,0.004,28.372,0.002,28.368,0.002,28.370,0.002,28.370,0.002,26.799,0.010,27.446,0.008,26.683,0.011,26.704,0.011,26.818,0.011,28.468,0.011,24.239,0.090,27.961,0.222
172006,15.000,0.001,55.108,0.004,55.118,0.004,54.972,0.004,55.000,0.004,28.374,0.002,28.368,0.002,28.370,0.002,28.370,0.002,26.799,0.010,27.446,0.008,26.685,0.011,26.704,0.011,26.819,0.011,28.467,0.012,24.223,0.088,27.951,0.223
173006,15.000,0.001,55.108,0.004,55.118,0.004,54.972,0.004,55.000,0.004,28.372,0.002,28.368,0.002,28.370,0.002,28.370,0.002,26.801,0.010,27.447,0.009,26.685,0.011,26.705,0.011,26.819,0.011,28.466,0.012,24.217,0.086,27.930,0.225
174006,15.000,0.001,55.110,0.004,55.120,0.004,54.976,0.004,55.004,0.004,28.372,0.002,28.368,0.002,28.370,0.002,28.370,0.002,26.800,0.010,27.445,0.009,26.685,0.011,26.705,0.011,26.818,0.011,28.465,0.012,24.276,0.085,27.911,0.226
175006,15.000,0.001,55.110,0.004,55.118,0.004,54.972,0.004,55.000,0.004,28.372,0.002,28.368,0.002,28.370,0.002,28.370,0.002,26.800,0.010,27.446,0.009,26.685,0.011,26.705,0.011,26.818,0.011,28.464,0.013,24.261,0.084,27.901,0.228
176006,15.000,0.001,55.108,0.004,55.118,0.004,54.972,0.004,55.000,0.004,28.372,0.002,28.368,0.002,28.370,0.002,28.370,0.002,26.799,0.010,27.446,0.009,26.686,0.011,26.705,0.011,26.819,0.011,28.464,0.013,24.225,0.083,27.909,0.230
177006,15.000,0.001,55.110,0.004,55.118,0.004,54.972,0.004,55.000,0.004,28.372,0.002,28.368,0.002,28.370,0.002,28.370,0.002,26.800,0.010,27.447,0.009,26.685,0.011,26.706,0.011,26.820,0.011,28.463,0.014,24.202,0.081,27.927,0.231
178006,15.000,0.001,55.108,0.004,55.118,0.004,54.970,0.004,55.000,0.004,28.372,0.002,28.368,0.002,28.370,0.002,28.370,0.002,26.801,0.010,27.447,0.009,26.686,0.011,26.706,0.011,26.820,0.011,28.463,0.014,24.153,0.081,27.938,0.232
179006,15.000,0.001,55.108,0.004,55.122,0.004,54.970,0.004,54.998,0.004,28.372,0.002,28.368,0.002,28.370,0.002,28.370,0.002,26.800,0.010,27.448,0.009,26.687,0.011,26.706,0.011,26.820,0.011,28.462,0.015,24.171,0.080,27.956,0.233
180006,15.000,0.001,55.110,0.004,55.118,0.004,54.974,0.004,55.002,0.004,28.374,0.002,28.370,0.002,28.370,0.002,28.370,0.002,26.802,0.010,27.449,0.009,26.686,0.011,26.707,0.011,26.821,0.011,28.460,0.015,24.156,0.078,27.973,0.234
181006,15.000,0.001,55.112,0.004,55.120,0.004,54.972,0.004,55.000,0.004,28.372,0.002,28.370,0.002,28.370,0.002,28.370,0.002,26.802,0.010,27.448,0.009,26.686,0.011,26.707,0.011,26.822,0.011,28.462,0.015,24.181,0.077,27.986,0.234
182006,15.000,0.001,55.110,0.004,55.122,0.004,54.974,0.004,55.004,0.004,28.372,0.002,28.368,0.002,28.370,0.002,28.370,0.002,26.802,0.010,27.449,0.009,26.687,0.011,26.707,0.011,26.821,0.011,28.461,0.016,24.196,0.074,27.994,0.234
183006,14.999,0.001,55.110,0.004,55.118,0.004,54.972,0.004,55.002,0.004,28.374,0.002,28.368,0.002,28.370,0.002,28.370,0.002,26.804,0.010,27.449,0.009,26.688,0.011,26.707,0.011,26.822,0.011,28.461,0.016,24.170,0.073,28.001,0.234
184006,15.000,0.001,55.110,0.004,55.116,0.004,54.972,0.004,55.000,0.004,28.372,0.002,28.368,0.002,28.370,0.002,28.370,0.002,26.803,0.010,27.448,0.009,26.688,0.011,26.707,0.011,26.822,0.011,28.461,0.016,24.182,0.073,28.009,0.234
185006,15.000,0.001,55.110,0.004,55.120,0.004,54.974,0.004,55.002,0.004,28.372,0.002,28.368,0.002,28.370,0.002,28.370,0.002,26.805,0.010,27.449,0.009,26.688,0.011,26.708,0.011,26.823,0.011,28.461,0.017,24.163,0.073,28.008,0.234
186006,15.000,0.001,55.108,0.004,55.122,0.004,54.972,0.004,55.002,0.004,28.374,0.002,28.368,0.002,28.370,0.002,28.370,0.002,26.804,0.010,27.450,0.009,26.689,0.011,26.709,0.011,26.823,0.011,28.461,0.017,24.158,0.073,27.996,0.234
187006,15.000,0.001,55.110,0.004,55.120,0.004,54.974,0.004,55.002,0.004,28.372,0.002,28.368,0.002,28.370,0.002,28.370,0.002,26.804,0.010,27.450,0.009,26.689,0.011,26.709,0.011,26.823,0.011,28.461,0.017,24.158,0.073,27.996,0.234
188006,15.000,0.001,55.112,0.004,55.118,0.004,54.976,0.004,55.004,0.004,28.374,0.002,28.368,0.002,28.370,0.002,28.370,0.002,26.805,0.010,27.451,0.009,26.689,0.011,26.708,0.011,26.823,0.011,28.463,0.017,24.157,0.072,27.989,0.234
189006,15.001,0.001,55.108,0.004,55.120,0.004,54.976,0.004,55.004,0.004,28.372,0.002,28.370,0.002,28.370,0.002,28.370,0.002,26.805,0.010,27.451,0.009,26.690,0.011,26.708,0.011,26.823,0.011,28.464,0.018,24.175,0.072,27.985,0.234
190006,15.000,0.001,55.110,0.004,55.122,0.004,54.974,0.004,55.002,0.004,28.372,0.002,28.370,0.002,28.370,0.002,28.370,0.002,26.805,0.010,27.451,0.009,26.689,0.011,26.710,0.011,26.824,0.011,28.465,0.018,24.120,0.073,27.994,0.234
191006,15.000,0.001,55.106,0.004,55.118,0.004,54.974,0.004,55.002,0.004,28.374,0.002,28.370,0.002,28.372,0.002,28.372,0.002,26.806,0.010,27.451,0.009,26.690,0.011,26.710,0.011,26.824,0.011,28.466,0.018,24.144,0.073,28.004,0.234
192006,15.000,0.001,55.110,0.004,55.118,0.004,54.974,0.004,55.002,0.004,28.374,0.002,28.368,0.002,28.370,0.002,28.370,0.002,26.805,0.010,27.452,0.009,26.690,0.011,26.709,0.011,26.824,0.011,28.466,0.018,24.136,0.074,28.021,0.234
193006,15.000,0.001,55.110,0.004,55.120,0.004,54.972,0.004,55.000,0.004,28.374,0.002,28.370,0.002,28.372,0.002,28.372,0.002,26.806,0.010,27.451,0.009,26.691,0.011,26.710,0.011,26.825,0.011,28.468,0.018,24.055,0.075,28.041,0.234
194006,15.000,0.001,55.112,0.004,55.122,0.004,54.974,0.004,55.002,0.004,28.374,0.002,28.368,0.002,28.370,0.002,28.370,0.002,26.805,0.010,27.452,0.009,26.691,0.011,26.710,0.011,26.826,0.011,28.469,0.019,24.042,0.077,28.065,0.233
195006,15.001,0.001,55.110,0.004,55.120,0.004,54.974,0.004,55.002,0.004,28.374,0.002,28.370,0.002,28.372,0.002,28.372,0.002,26.806,0.010,27.452,0.009,26.691,0.011,26.710,0.010,26.826,0.011,28.468,0.019,23.965,0.081,28.085,0.233
196006,15.001,0.001,55.110,0.004,55.120,0.004,54.976,0.004,55.004,0.004,28.374,0.002,28.370,0.002,28.370,0.002,28.370,0.002,26.807,0.010,27.452,0.009,26.691,0.011,26.710,0.010,26.825,0.011,28.470,0.019,23.990,0.083,28.110,0.233
197006,15.000,0.001,55.112,0.004,55.122,0.004,54.972,0.004,55.002,0.004,28.374,0.002,28.370,0.002,28.372,0.002,28.372,0.002,26.807,0.010,27.452,0.009,26.692,0.011,26.711,0.010,26.826,0.011,28.471,0.019,24.051,0.084,28.124,0.233
198007,15.000,0.001,55.110,0.004,55.122,0.004,54.974,0.004,55.004,0.004,28.374,0.002,28.370,0.002,28.372,0.002,28.372,0.002,26.807,0.010,27.453,0.009,26.692,0.011,26.712,0.010,26.826,0.011,28.471,0.019,24.088,0.085,28.134,0.233
199007,15.000,0.001,55.110,0.004,55.122,0.004,54.976,0.004,55.004,0.004,28.374,0.002,28.370,0.002,28.372,0.002,28.372,0.002,26.807,0.010,27.453,0.009,26.693,0.011,26.712,0.010,26.827,0.011,28.473,0.019,24.063,0.086,28.142,0.233
200007,15.000,0.000,55.110,0.004,55.120,0.004,54.972,0.004,55.002,0.004,28.374,0.002,28.370,0.002,28.372,0.002,28.372,0.002,26.809,0.010,27.455,0.009,26.692,0.011,26.711,0.010,26.827,0.011,28.474,0.019,24.038,0.088,28.155,0.233
201007,15.000,0.000,55.110,0.004,55.120,0.004,54.976,0.004,55.004,0.004,28.374,0.002,28.370,0.002,28.372,0.002,28.372,0.002,26.808,0.010,27.453,0.009,26.692,0.011,26.712,0.010,26.827,0.011,28.474,0.019,24.091,0.088,28.173,0.233
202007,15.000,0.000,55.110,0.004,55.122,0.004,54.974,0.004,55.002,0.004,28.374,0.002,28.370,0.002,28.372,0.002,28.372,0.002,26.809,0.010,27.454,0.009,26.694,0.011,26.713,0.010,26.828,0.011,28.474,0.019,24.095,0.089,28.181,0.233
203007,15.002,0.001,55.110,0.004,55.122,0.004,54.976,0.004,55.004,0.004,28.374,0.002,28.370,0.002,28.372,0.002,28.372,0.002,26.809,0.011,27.455,0.009,26.692,0.011,26.712,0.010,26.828,0.011,28.475,0.019,24.299,0.089,28.194,0.234
204007,15.000,0.001,55.110,0.004,55.122,0.004,54.976,0.004,55.004,0.004,28.374,0.002,28.370,0.002,28.370,0.002,28.372,0.002,26.810,0.011,27.455,0.010,26.694,0.011,26.713,0.010,26.827,0.011,28.475,0.019,24.421,0.091,28.222,0.234
205007,14.999,0.001,55.112,0.004,55.120,0.004,54.976,0.004,55.004,0.004,28.374,0.002,28.370,0.002,28.372,0.002,28.372,0.002,26.809,0.010,27.455,0.010,26.694,0.011,26.713,0.010,26.828,0.011,28.474,0.019,24.164,0.091,28.252,0.235
206007,15.000,0.001,55.110,0.004,55.120,0.004,54.974,0.004,55.002,0.004,28.374,0.002,28.370,0.002,28.372,0.002,28.372,0.002,26.810,0.010,27.455,0.010,26.694,0.011,26.713,0.010,26.829,0.011,28.475,0.019,24.036,0.092,28.270,0.236
207007,15.000,0.001,55.110,0.004,55.122,0.004,54.978,0.004,55.006,0.004,28.374,0.002,28.370,0.002,28.372,0.002,28.372,0.002,26.810,0.010,27.456,0.010,26.694,0.011,26.715,0.010,26.829,0.011,28.476,0.019,24.090,0.093,28.301,0.237
208007,15.000,0.001,55.110,0.004,55.122,0.004,54.974,0.004,55.002,0.004,28.376,0.002,28.370,0.002,28.372,0.002,28.372,0.002,26.810,0.010,27.456,0.010,26.694,0.011,26.714,0.010,26.828,0.011,28.475,0.019,24.134,0.094,28.351,0.239
209007,15.000,0.001,55.114,0.004,55.122,0.004,54.974,0.004,55.004,0.004,28.374,0.002,28.370,0.002,28.372,0.002,28.372,0.002,26.810,0.010,27.457,0.010,26.696,0.011,26.716,0.010,26.829,0.011,28.474,0.019,24.097,0.094,28.436,0.243
210007,14.999,0.001,55.112,0.004,55.122,0.004,54.978,0.004,55.006,0.004,28.374,0.002,28.370,0.002,28.372,0.002,28.372,0.002,26.811,0.010,27.458,0.010,26.695,0.011,26.715,0.010,26.829,0.011,28.473,0.019,24.062,0.096,28.523,0.250
211007,14.999,0.001,55.110,0.004,55.122,0.004,54.974,0.004,55.002,0.004,28.374,0.002,28.370,0.002,28.372,0.002,28.372,0.002,26.811,0.010,27.457,0.010,26.696,0.011,26.715,0.010,26.830,0.011,28.471,0.019,24.103,0.096,28.599,0.258
212007,15.000,0.001,55.110,0.004,55.122,0.004,54.974,0.004,55.002,0.004,28.374,0.002,28.370,0.002,28.372,0.002,28.372,0.002,26.812,0.010,27.458,0.010,26.695,0.011,26.716,0.010,26.831,0.011,28.471,0.019,24.154,0.096,28.647,0.269
213007,15.000,0.001,55.110,0.004,55.120,0.003,54.974,0.004,55.002,0.004,28.374,0.002,28.370,0.002,28.372,0.002,28.372,0.002,26.810,0.010,27.457,0.010,26.696,0.011,26.716,0.010,26.830,0.011,28.472,0.019,24.131,0.097,28.655,0.278
214007,15.000,0.001,55.112,0.004,55.120,0.003,54.978,0.004,55.004,0.004,28.376,0.002,28.372,0.002,28.372,0.002,28.372,0.002,26.812,0.010,27.457,0.010,26.697,0.011,26.715,0.010,26.831,0.011,28.471,0.019,24.172,0.097,28.614,0.286
215007,15.000,0.001,55.110,0.004,55.122,0.003,54.976,0.004,55.004,0.004,28.374,0.002,28.372,0.002,28.372,0.002,28.372,0.002,26.812,0.010,27.459,0.010,26.698,0.011,26.716,0.010,26.831,0.011,28.469,0.019,24.167,0.097,28.550,0.292
216007,15.000,0.001,55.110,0.004,55.122,0.003,54.976,0.004,55.004,0.004,28.374,0.002,28.370,0.002,28.372,0.002,28.372,0.002,26.813,0.010,27.458,0.010,26.697,0.011,26.717,0.010,26.832,0.011,28.469,0.019,24.143,0.097,28.494,0.295
217007,15.001,0.001,55.110,0.004,55.120,0.003,54.976,0.004,55.004,0.004,28.374,0.002,28.370,0.002,28.372,0.002,28.372,0.002,26.813,0.010,27.459,0.010,26.698,0.011,26.717,0.010,26.832,0.011,28.468,0.019,24.178,0.097,28.440,0.297
218007,15.001,0.001,55.110,0.004,55.120,0.003,54.976,0.004,55.004,0.004,28.374,0.002,28.370,0.002,28.372,0.002,28.372,0.002,26.814,0.010,27.458,0.010,26.699,0.011,26.718,0.010,26.832,0.011,28.467,0.019,24.221,0.097,28.375,0.298
219007,15.001,0.001,55.112,0.003,55.120,0.003,54.978,0.004,55.004,0.004,28.376,0.002,28.372,0.002,28.372,0.002,28.372,0.002,26.814,0.010,27.459,0.010,26.698,0.011,26.718,0.010,26.832,0.011,28.467,0.019,24.183,0.096,28.324,0.298
220007,15.000,0.001,55.110,0.003,55.122,0.003,54.976,0.004,55.004,0.004,28.374,0.002,28.370,0.002,28.372,0.002,28.372,0.002,26.813,0.010,27.460,0.010,26.698,0.011,26.718,0.010,26.832,0.011,28.466,0.019,24.249,0.096,28.274,0.298
221007,15.000,0.001,55.112,0.003,55.122,0.003,54.976,0.004,55.004,0.004,28.376,0.002,28.370,0.002,28.372,0.002,28.372,0.002,26.815,0.010,27.461,0.010,26.699,0.011,26.718,0.010,26.833,0.011,28.465,0.019,24.253,0.096,28.216,0.297
222007,15.000,0.001,55.110,0.003,55.120,0.003,54.974,0.004,55.002,0.004,28.376,0.002,28.372,0.002,28.372,0.002,28.374,0.002,26.815,0.010,27.460,0.010,26.699,0.011,26.719,0.010,26.834,0.011,28.464,0.019,24.198,0.095,28.174,0.296
223007,14.999,0.001,55.110,0.003,55.122,0.003,54.974,0.004,55.002,0.004,28.376,0.002,28.370,0.002,28.372,0.002,28.372,0.002,26.814,0.010,27.461,0.010,26.698,0.011,26.718,0.010,26.833,0.011,28.463,0.019,24.157,0.095,28.142,0.294
224007,15.000,0.001,55.108,0.003,55.124,0.003,54.976,0.004,55.004,0.003,28.376,0.002,28.372,0.002,28.372,0.002,28.372,0.002,26.816,0.010,27.461,0.010,26.699,0.011,26.720,0.010,26.834,0.011,28.460,0.019,24.191,0.095,28.129,0.292
225007,15.000,0.001,55.110,0.003,55.122,0.003,54.980,0.004,55.008,0.004,28.376,0.002,28.370,0.002,28.372,0.002,28.374,0.002,26.815,0.010,27.461,0.010,26.700,0.011,26.720,0.010,26.835,0.011,28.459,0.019,24.154,0.095,28.123,0.291
226007,15.000,0.001,55.110,0.003,55.120,0.003,54.976,0.004,55.004,0.004,28.376,0.002,28.370,0.002,28.372,0.002,28.372,0.002,26.816,0.010,27.461,0.010,26.700,0.011,26.720,0.010,26.835,0.011,28.458,0.018,24.142,0.094,28.129,0.289
227008,15.001,0.001,55.112,0.003,55.122,0.003,54.976,0.004,55.004,0.003,28.376,0.002,28.372,0.002,28.372,0.002,28.372,0.002,26.816,0.010,27.462,0.010,26.700,0.011,26.720,0.010,26.834,0.011,28.457,0.018,24.160,0.093,28.123,0.287
228008,15.000,0.001,55.112,0.003,55.122,0.003,54.976,0.004,55.004,0.003,28.376,0.002,28.370,0.002,28.374,0.002,28.374,0.002,26.817,0.011,27.462,0.010,26.701,0.011,26.720,0.010,26.837,0.011,28.456,0.018,24.150,0.091,28.111,0.285
229008,15.000,0.001,55.112,0.003,55.122,0.003,54.978,0.004,55.006,0.004,28.376,0.002,28.372,0.002,28.372,0.002,28.372,0.002,26.816,0.011,27.462,0.010,26.702,0.011,26.720,0.010,26.836,0.011,28.455,0.018,24.154,0.090,28.109,0.283
230008,15.000,0.001,55.112,0.003,55.122,0.003,54.976,0.004,55.004,0.003,28.376,0.002,28.370,0.002,28.374,0.002,28.374,0.002,26.816,0.010,27.463,0.010,26.701,0.011,26.720,0.010,26.835,0.011,28.455,0.018,24.140,0.087,28.094,0.281
231008,15.001,0.001,55.112,0.003,55.122,0.003,54.976,0.004,55.004,0.003,28.376,0.002,28.370,0.002,28.374,0.002,28.374,0.002,26.817,0.010,27.463,0.010,26.702,0.011,26.721,0.010,26.836,0.011,28.454,0.018,24.074,0.087,28.095,0.279
232008,15.000,0.001,55.110,0.003,55.120,0.003,54.978,0.004,55.006,0.003,28.376,0.002,28.372,0.002,28.374,0.002,28.374,0.002,26.817,0.010,27.463,0.010,26.702,0.011,26.722,0.010,26.836,0.011,28.453,0.018,24.125,0.085,28.098,0.277
233008,15.000,0.001,55.112,0.003,55.122,0.003,54.978,0.004,55.006,0.003,28.376,0.002,28.372,0.002,28.374,0.002,28.374,0.002,26.818,0.010,27.463,0.010,26.703,0.011,26.721,0.010,26.837,0.011,28.452,0.018,24.116,0.083,28.123,0.275
234008,15.000,0.001,55.110,0.003,55.122,0.003,54.978,0.004,55.006,0.003,28.376,0.002,28.372,0.002,28.374,0.002,28.374,0.002,26.819,0.010,27.463,0.010,26.703,0.011,26.722,0.010,26.837,0.011,28.451,0.018,24.132,0.083,28.133,0.273
235008,15.000,0.001,55.114,0.003,55.122,0.003,54.978,0.004,55.006,0.003,28.378,0.002,28.372,0.002,28.374,0.002,28.374,0.002,26.818,0.010,27.463,0.010,26.703,0.011,26.722,0.010,26.837,0.011,28.450,0.018,24.145,0.082,28.135,0.270
236008,15.000,0.001,55.110,0.003,55.120,0.003,54.978,0.004,55.004,0.003,28.376,0.002,28.372,0.002,28.374,0.002,28.374,0.002,26.818,0.010,27.464,0.010,26.704,0.011,26.721,0.010,26.838,0.011,28.450,0.018,24.109,0.082,28.138,0.268
237008,15.000,0.001,55.112,0.003,55.122,0.003,54.976,0.004,55.004,0.003,28.376,0.002,28.372,0.002,28.374,0.002,28.374,0.002,26.818,0.010,27.465,0.010,26.705,0.011,26.723,0.010,26.838,0.011,28.449,0.018,24.391,0.084,28.138,0.267
238008,15.002,0.001,55.112,0.003,55.124,0.003,54.980,0.004,55.008,0.003,28.376,0.002,28.372,0.002,28.374,0.002,28.374,0.002,26.820,0.010,27.464,0.010,26.705,0.011,26.723,0.010,26.838,0.011,28.449,0.018,24.260,0.084,28.145,0.266
239008,14.999,0.001,55.112,0.003,55.122,0.003,54.976,0.004,55.004,0.003,28.376,0.002,28.372,0.002,28.374,0.002,28.374,0.002,26.820,0.010,27.465,0.010,26.704,0.011,26.723,0.010,26.838,0.011,28.447,0.018,24.063,0.085,28.156,0.266
240008,14.998,0.001,55.112,0.003,55.122,0.003,54.976,0.004,55.004,0.003,28.376,0.002,28.372,0.002,28.374,0.002,28.374,0.002,26.819,0.010,27.465,0.010,26.703,0.011,26.723,0.010,26.839,0.011,28.445,0.018,24.149,0.084,28.182,0.265
241008,14.999,0.001,55.112,0.003,55.120,0.003,54.976,0.004,55.004,0.003,28.376,0.002,28.372,0.002,28.374,0.002,28.374,0.002,26.820,0.010,27.465,0.010,26.705,0.011,26.724,0.010,26.838,0.011,28.443,0.018,24.122,0.082,28.211,0.265
242008,15.000,0.001,55.114,0.003,55.122,0.003,54.976,0.004,55.004,0.003,28.376,0.002,28.372,0.002,28.374,0.002,28.374,0.002,26.820,0.010,27.466,0.010,26.706,0.011,26.723,0.010,26.839,0.011,28.441,0.018,24.237,0.082,28.222,0.266
243008,15.000,0.001,55.110,0.003,55.122,0.003,54.978,0.004,55.006,0.003,28.376,0.002,28.372,0.002,28.374,0.002,28.374,0.002,26.821,0.010,27.467,0.010,26.707,0.011,26.724,0.010,26.839,0.011,28.437,0.018,24.173,0.082,28.229,0.267
244008,15.000,0.001,55.112,0.003,55.122,0.003,54.980,0.004,55.006,0.003,28.376,0.002,28.372,0.002,28.374,0.002,28.374,0.002,26.821,0.010,27.467,0.010,26.706,0.011,26.725,0.010,26.839,0.011,28.436,0.018,24.118,0.082,28.247,0.267
