MS Elapsed,Bolo T,stddev,BB HBB Top,stddev,BB HBB Bottom,stddev,BB HBB Apex,stddev,BB HBB Avg,stddev,BB ABB Top,stddev,BB ABB Bottom,stddev,BB ABB Apex,stddev,BB ABB Avg,stddev,T Ch0,stddev,T Ch1,stddev,T Ch2,stddev,T Ch3,stddev,T Ch4,stddev,T Ch5,stddev,T Ch6,stddev,RH% Ch7,stddev
0,15.000,0.000,55.134,0.002,55.148,0.002,54.968,0.002,55.002,0.002,24.238,0.001,24.234,0.001,24.230,0.001,24.232,0.001,25.592,0.001,25.852,0.005,25.407,0.001,25.406,0.001,25.513,0.000,25.437,0.011,23.803,0.035,28.541,0.055
1000,15.000,0.000,55.136,0.002,55.146,0.002,54.972,0.002,55.006,0.002,24.238,0.001,24.234,0.001,24.230,0.001,24.232,0.001,25.591,0.001,25.853,0.005,25.407,0.001,25.405,0.001,25.512,0.000,25.437,0.011,23.821,0.035,28.551,0.055
2000,15.000,0.000,55.134,0.003,55.148,0.002,54.968,0.002,55.002,0.002,24.238,0.001,24.234,0.001,24.232,0.001,24.232,0.001,25.593,0.001,25.853,0.005,25.407,0.001,25.406,0.001,25.513,0.000,25.438,0.011,23.817,0.035,28.544,0.055
3000,15.000,0.000,55.134,0.002,55.148,0.002,54.972,0.002,55.006,0.002,24.238,0.001,24.234,0.001,24.230,0.001,24.232,0.001,25.592,0.001,25.854,0.005,25.407,0.001,25.405,0.001,25.512,0.000,25.438,0.011,23.821,0.034,28.543,0.055
4000,15.000,0.000,55.132,0.002,55.146,0.002,54.970,0.002,55.004,0.002,24.238,0.001,24.234,0.001,24.230,0.001,24.232,0.001,25.591,0.001,25.853,0.005,25.407,0.001,25.405,0.001,25.512,0.000,25.439,0.011,23.825,0.033,28.538,0.056
5000,15.000,0.000,55.134,0.002,55.148,0.002,54.970,0.002,55.004,0.002,24.238,0.001,24.234,0.001,24.230,0.001,24.232,0.001,25.592,0.001,25.854,0.005,25.407,0.001,25.406,0.001,25.512,0.000,25.439,0.011,23.824,0.033,28.536,0.056
6000,15.000,0.000,55.134,0.002,55.148,0.002,54.970,0.002,55.004,0.002,24.238,0.001,24.234,0.001,24.230,0.001,24.232,0.001,25.593,0.001,25.854,0.005,25.407,0.001,25.407,0.001,25.511,0.000,25.439,0.011,23.811,0.033,28.527,0.056
7000,15.000,0.000,55.136,0.002,55.146,0.002,54.970,0.002,55.004,0.002,24.238,0.001,24.234,0.001,24.230,0.001,24.232,0.001,25.592,0.001,25.853,0.005,25.406,0.001,25.405,0.001,25.512,0.001,25.440,0.011,23.829,0.034,28.516,0.056
8000,15.000,0.000,55.134,0.002,55.148,0.002,54.974,0.002,55.006,0.002,24.238,0.001,24.234,0.001,24.230,0.001,24.232,0.001,25.592,0.001,25.855,0.005,25.408,0.001,25.405,0.001,25.510,0.001,25.440,0.011,23.819,0.033,28.511,0.055
9000,15.000,0.000,55.136,0.003,55.146,0.002,54.968,0.002,55.002,0.002,24.236,0.001,24.234,0.001,24.230,0.001,24.232,0.001,25.593,0.001,25.854,0.005,25.407,0.001,25.406,0.001,25.512,0.001,25.440,0.011,23.808,0.033,28.507,0.055
10000,15.000,0.000,55.132,0.002,55.148,0.002,54.972,0.002,55.006,0.002,24.236,0.001,24.234,0.001,24.230,0.001,24.232,0.001,25.592,0.001,25.854,0.005,25.408,0.001,25.405,0.001,25.511,0.001,25.440,0.011,23.790,0.032,28.504,0.055
11000,15.000,0.000,55.136,0.003,55.148,0.002,54.970,0.002,55.004,0.002,24.238,0.001,24.234,0.001,24.232,0.001,24.232,0.001,25.592,0.001,25.854,0.005,25.407,0.001,25.405,0.001,25.511,0.001,25.440,0.011,23.736,0.033,28.504,0.054
12000,15.000,0.000,55.134,0.003,55.148,0.002,54.972,0.002,55.006,0.002,24.238,0.001,24.234,0.001,24.230,0.001,24.232,0.001,25.592,0.001,25.855,0.005,25.407,0.001,25.406,0.001,25.512,0.001,25.442,0.011,23.740,0.033,28.501,0.054
13000,15.000,0.000,55.134,0.003,55.148,0.002,54.968,0.002,55.004,0.002,24.236,0.001,24.234,0.001,24.230,0.001,24.232,0.001,25.591,0.001,25.854,0.005,25.407,0.001,25.405,0.001,25.512,0.001,25.442,0.011,23.743,0.034,28.501,0.053
14000,15.000,0.000,55.132,0.002,55.146,0.002,54.970,0.002,55.004,0.002,24.238,0.001,24.234,0.001,24.230,0.001,24.232,0.001,25.592,0.001,25.854,0.006,25.408,0.001,25.405,0.001,25.512,0.001,25.442,0.011,23.890,0.035,28.497,0.051
15000,15.000,0.000,55.134,0.002,55.146,0.002,54.972,0.002,55.004,0.002,24.238,0.001,24.234,0.001,24.230,0.001,24.232,0.001,25.592,0.001,25.854,0.006,25.408,0.001,25.406,0.001,25.511,0.001,25.443,0.011,23.822,0.035,28.499,0.050
16000,15.000,0.000,55.134,0.002,55.146,0.002,54.972,0.002,55.006,0.002,24.238,0.001,24.234,0.001,24.230,0.001,24.232,0.001,25.592,0.001,25.854,0.006,25.408,0.001,25.406,0.001,25.511,0.001,25.443,0.011,23.822,0.035,28.499,0.050
17001,15.000,0.000,55.134,0.002,55.148,0.002,54.972,0.002,55.004,0.002,24.238,0.001,24.234,0.001,24.230,0.001,24.232,0.001,25.592,0.001,25.855,0.006,25.407,0.001,25.406,0.001,25.512,0.001,25.442,0.011,23.800,0.035,28.495,0.049
18001,15.000,0.000,55.136,0.003,55.146,0.002,54.972,0.002,55.006,0.002,24.236,0.001,24.234,0.001,24.230,0.001,24.232,0.001,25.592,0.001,25.855,0.006,25.406,0.001,25.405,0.001,25.512,0.001,25.442,0.011,23.742,0.035,28.492,0.048
19001,15.000,0.000,55.134,0.002,55.148,0.002,54.972,0.002,55.006,0.002,24.238,0.001,24.234,0.001,24.230,0.001,24.232,0.001,25.591,0.001,25.855,0.006,25.407,0.001,25.405,0.001,25.512,0.001,25.443,0.011,23.717,0.036,28.492,0.046
20001,15.000,0.000,55.136,0.002,55.146,0.002,54.972,0.002,55.006,0.002,24.236,0.001,24.234,0.001,24.230,0.001,24.232,0.001,25.591,0.001,25.856,0.006,25.407,0.001,25.405,0.001,25.512,0.001,25.443,0.011,23.761,0.036,28.486,0.045
21001,15.000,0.000,55.136,0.003,55.148,0.002,54.972,0.002,55.006,0.002,24.236,0.001,24.234,0.001,24.230,0.001,24.232,0.001,25.592,0.001,25.856,0.006,25.407,0.001,25.406,0.001,25.512,0.001,25.444,0.011,23.763,0.036,28.483,0.045
22001,15.000,0.000,55.134,0.002,55.150,0.002,54.972,0.002,55.006,0.002,24.236,0.001,24.234,0.001,24.230,0.001,24.232,0.001,25.593,0.001,25.856,0.006,25.407,0.001,25.406,0.001,25.512,0.001,25.444,0.011,23.809,0.036,28.478,0.044
23001,15.000,0.000,55.136,0.003,55.146,0.002,54.970,0.002,55.004,0.002,24.236,0.001,24.234,0.001,24.230,0.001,24.230,0.001,25.591,0.001,25.855,0.006,25.407,0.001,25.407,0.001,25.512,0.001,25.444,0.011,23.781,0.036,28.479,0.044
24001,15.000,0.000,55.136,0.003,55.146,0.002,54.972,0.002,55.006,0.002,24.236,0.001,24.234,0.001,24.230,0.001,24.232,0.001,25.592,0.001,25.857,0.006,25.407,0.001,25.405,0.001,25.512,0.001,25.444,0.011,23.744,0.036,28.476,0.043
25001,15.000,0.000,55.136,0.003,55.146,0.002,54.970,0.002,55.004,0.002,24.236,0.001,24.234,0.001,24.230,0.001,24.232,0.001,25.592,0.001,25.856,0.006,25.408,0.001,25.406,0.001,25.511,0.001,25.444,0.011,23.860,0.037,28.477,0.043
26001,15.000,0.000,55.138,0.003,55.150,0.002,54.970,0.002,55.004,0.002,24.236,0.001,24.234,0.001,24.230,0.001,24.232,0.001,25.591,0.001,25.856,0.006,25.408,0.001,25.406,0.001,25.512,0.001,25.445,0.011,23.851,0.037,28.475,0.043
27001,15.000,0.000,55.136,0.003,55.146,0.002,54.970,0.002,55.004,0.002,24.236,0.001,24.234,0.001,24.230,0.001,24.230,0.001,25.592,0.001,25.857,0.006,25.408,0.001,25.406,0.001,25.511,0.001,25.445,0.011,23.901,0.038,28.474,0.043
28001,15.000,0.000,55.134,0.003,55.146,0.002,54.972,0.002,55.006,0.002,24.236,0.001,24.234,0.001,24.230,0.001,24.230,0.001,25.592,0.001,25.857,0.006,25.408,0.001,25.407,0.001,25.512,0.001,25.445,0.011,23.736,0.038,28.473,0.043
29001,14.999,0.000,55.134,0.003,55.150,0.002,54.972,0.002,55.006,0.002,24.238,0.001,24.234,0.001,24.230,0.001,24.230,0.001,25.592,0.001,25.858,0.006,25.408,0.001,25.406,0.001,25.513,0.001,25.446,0.011,23.809,0.038,28.474,0.043
30001,14.999,0.000,55.134,0.003,55.150,0.002,54.972,0.002,55.006,0.002,24.236,0.001,24.234,0.001,24.230,0.001,24.232,0.001,25.592,0.001,25.857,0.006,25.407,0.001,25.406,0.001,25.511,0.001,25.447,0.011,23.750,0.039,28.475,0.043
31001,15.000,0.000,55.136,0.003,55.150,0.002,54.974,0.002,55.008,0.002,24.236,0.001,24.234,0.001,24.230,0.001,24.230,0.001,25.592,0.001,25.857,0.006,25.408,0.001,25.406,0.001,25.512,0.001,25.447,0.012,23.748,0.039,28.479,0.043
32001,15.000,0.000,55.136,0.003,55.148,0.002,54.972,0.002,55.006,0.002,24.236,0.001,24.234,0.001,24.230,0.001,24.230,0.001,25.592,0.001,25.859,0.006,25.407,0.001,25.406,0.001,25.512,0.001,25.447,0.012,23.702,0.040,28.478,0.043
33001,15.000,0.000,55.136,0.003,55.150,0.002,54.972,0.002,55.006,0.002,24.236,0.001,24.234,0.001,24.230,0.001,24.230,0.001,25.592,0.001,25.857,0.006,25.407,0.001,25.407,0.001,25.511,0.001,25.449,0.012,23.736,0.040,28.482,0.043
34001,15.000,0.000,55.136,0.003,55.150,0.002,54.972,0.002,55.006,0.002,24.236,0.001,24.232,0.001,24.230,0.001,24.230,0.001,25.592,0.001,25.858,0.006,25.408,0.001,25.406,0.001,25.512,0.001,25.449,0.012,23.801,0.040,28.481,0.043
35001,15.000,0.000,55.140,0.003,55.150,0.002,54.970,0.002,55.004,0.002,24.236,0.001,24.234,0.001,24.230,0.001,24.232,0.001,25.592,0.001,25.858,0.006,25.408,0.001,25.406,0.001,25.512,0.001,25.449,0.012,23.790,0.040,28.486,0.043
36001,15.000,0.000,55.136,0.003,55.148,0.002,54.972,0.002,55.006,0.002,24.236,0.001,24.234,0.001,24.230,0.001,24.230,0.001,25.592,0.001,25.859,0.006,25.408,0.001,25.406,0.001,25.512,0.001,25.450,0.012,23.808,0.040,28.491,0.043
37001,15.000,0.000,55.136,0.003,55.148,0.002,54.972,0.002,55.006,0.002,24.236,0.001,24.232,0.001,24.230,0.001,24.230,0.001,25.593,0.001,25.859,0.006,25.408,0.001,25.405,0.001,25.512,0.001,25.451,0.012,23.757,0.040,28.501,0.043
38001,15.000,0.000,55.136,0.003,55.150,0.002,54.972,0.002,55.006,0.002,24.236,0.001,24.234,0.001,24.230,0.001,24.232,0.001,25.592,0.001,25.859,0.006,25.407,0.001,25.407,0.001,25.513,0.001,25.451,0.012,23.760,0.040,28.516,0.043
39001,15.000,0.000,55.132,0.003,55.148,0.002,54.974,0.002,55.006,0.002,24.236,0.001,24.234,0.001,24.230,0.001,24.230,0.001,25.591,0.001,25.859,0.006,25.407,0.001,25.406,0.001,25.512,0.001,25.451,0.012,23.807,0.040,28.523,0.043
40001,15.000,0.000,55.136,0.003,55.148,0.002,54.970,0.002,55.004,0.002,24.236,0.001,24.234,0.001,24.230,0.001,24.232,0.001,25.592,0.001,25.858,0.006,25.407,0.001,25.405,0.001,25.512,0.001,25.451,0.012,23.799,0.039,28.533,0.044
41001,15.000,0.000,55.136,0.003,55.150,0.002,54.970,0.002,55.004,0.002,24.236,0.001,24.234,0.001,24.230,0.001,24.230,0.001,25.592,0.001,25.860,0.006,25.407,0.001,25.406,0.001,25.512,0.001,25.452,0.012,23.776,0.039,28.541,0.044
42001,15.000,0.000,55.134,0.003,55.150,0.002,54.972,0.002,55.006,0.002,24.236,0.001,24.234,0.001,24.230,0.001,24.230,0.001,25.592,0.001,25.859,0.006,25.408,0.001,25.406,0.001,25.512,0.001,25.451,0.012,23.798,0.039,28.548,0.045
43002,15.000,0.000,55.138,0.003,55.148,0.002,54.972,0.002,55.006,0.002,24.236,0.001,24.234,0.001,24.230,0.001,24.232,0.001,25.592,0.001,25.860,0.006,25.406,0.001,25.406,0.001,25.513,0.001,25.451,0.012,23.798,0.039,28.549,0.045
44002,15.000,0.000,55.136,0.003,55.148,0.002,54.972,0.002,55.006,0.002,24.236,0.001,24.232,0.001,24.230,0.001,24.230,0.001,25.592,0.001,25.859,0.006,25.408,0.001,25.406,0.001,25.513,0.001,25.451,0.012,23.812,0.039,28.554,0.046
45002,15.000,0.000,55.136,0.003,55.148,0.002,54.972,0.002,55.006,0.002,24.236,0.001,24.234,0.001,24.230,0.001,24.232,0.001,25.592,0.001,25.860,0.006,25.407,0.001,25.406,0.001,25.513,0.001,25.451,0.012,23.890,0.040,28.551,0.047
46002,15.000,0.000,55.138,0.003,55.150,0.002,54.972,0.002,55.006,0.002,24.236,0.001,24.234,0.001,24.230,0.001,24.232,0.001,25.591,0.001,25.860,0.006,25.408,0.000,25.407,0.001,25.512,0.001,25.451,0.012,23.762,0.040,28.548,0.047
47002,15.000,0.000,55.134,0.003,55.148,0.002,54.974,0.002,55.008,0.002,24.236,0.001,24.234,0.001,24.230,0.001,24.230,0.001,25.592,0.001,25.860,0.006,25.408,0.000,25.407,0.001,25.512,0.001,25.451,0.012,23.736,0.040,28.545,0.047
48002,15.000,0.000,55.138,0.003,55.150,0.002,54.972,0.002,55.006,0.002,24.236,0.001,24.234,0.001,24.230,0.001,24.230,0.001,25.592,0.001,25.860,0.006,25.407,0.000,25.407,0.001,25.513,0.001,25.451,0.012,23.745,0.040,28.535,0.047
49002,15.000,0.000,55.134,0.003,55.150,0.002,54.972,0.002,55.006,0.002,24.236,0.001,24.234,0.001,24.230,0.001,24.230,0.001,25.592,0.001,25.860,0.006,25.408,0.001,25.407,0.001,25.512,0.001,25.451,0.012,23.742,0.041,28.531,0.047
50002,15.000,0.000,55.136,0.003,55.146,0.002,54.976,0.002,55.008,0.002,24.236,0.001,24.232,0.001,24.230,0.001,24.230,0.001,25.593,0.001,25.860,0.006,25.407,0.000,25.406,0.001,25.512,0.001,25.450,0.012,23.788,0.040,28.527,0.047
51002,15.000,0.000,55.138,0.003,55.150,0.002,54.972,0.002,55.008,0.002,24.236,0.001,24.234,0.001,24.230,0.001,24.230,0.001,25.591,0.001,25.860,0.006,25.407,0.000,25.407,0.001,25.514,0.001,25.451,0.012,23.767,0.040,28.519,0.047
52002,15.000,0.000,55.138,0.003,55.150,0.002,54.974,0.002,55.008,0.002,24.236,0.001,24.234,0.001,24.230,0.001,24.232,0.001,25.592,0.001,25.860,0.006,25.408,0.000,25.407,0.001,25.513,0.001,25.450,0.012,23.723,0.040,28.513,0.047
53002,15.000,0.000,55.138,0.003,55.150,0.002,54.974,0.002,55.008,0.002,24.236,0.001,24.234,0.001,24.230,0.001,24.232,0.001,25.592,0.001,25.860,0.006,25.407,0.000,25.407,0.001,25.513,0.001,25.450,0.012,23.779,0.039,28.511,0.047
54002,15.000,0.000,55.136,0.003,55.152,0.002,54.972,0.002,55.006,0.002,24.236,0.001,24.234,0.001,24.230,0.001,24.230,0.001,25.593,0.001,25.860,0.006,25.407,0.000,25.407,0.001,25.512,0.001,25.450,0.012,23.829,0.039,28.509,0.047
55002,15.000,0.000,55.138,0.003,55.150,0.002,54.974,0.002,55.008,0.002,24.236,0.001,24.232,0.001,24.230,0.001,24.230,0.001,25.592,0.001,25.860,0.006,25.407,0.000,25.407,0.001,25.513,0.001,25.450,0.012,23.816,0.039,28.512,0.047
56002,15.000,0.000,55.134,0.003,55.150,0.002,54.974,0.002,55.008,0.002,24.236,0.001,24.234,0.001,24.230,0.001,24.230,0.001,25.593,0.001,25.861,0.006,25.408,0.000,25.407,0.001,25.512,0.001,25.450,0.012,23.766,0.039,28.511,0.046
57002,15.000,0.000,55.140,0.003,55.150,0.002,54.974,0.002,55.008,0.002,24.236,0.001,24.232,0.001,24.230,0.001,24.230,0.001,25.592,0.001,25.860,0.006,25.407,0.000,25.407,0.001,25.513,0.001,25.450,0.011,23.756,0.039,28.506,0.046
58002,15.000,0.000,55.138,0.003,55.150,0.002,54.974,0.002,55.008,0.002,24.236,0.001,24.234,0.001,24.228,0.001,24.230,0.001,25.592,0.001,25.860,0.006,25.408,0.000,25.408,0.001,25.512,0.001,25.450,0.011,23.789,0.039,28.516,0.046
59002,15.000,0.000,55.138,0.003,55.150,0.002,54.974,0.002,55.008,0.002,24.236,0.001,24.232,0.001,24.230,0.001,24.230,0.001,25.591,0.001,25.861,0.006,25.408,0.000,25.407,0.001,25.512,0.001,25.450,0.011,23.836,0.039,28.511,0.046
60002,15.000,0.000,55.136,0.003,55.148,0.002,54.974,0.002,55.008,0.002,24.236,0.001,24.232,0.001,24.228,0.001,24.230,0.001,25.592,0.001,25.861,0.006,25.408,0.000,25.407,0.001,25.513,0.001,25.450,0.011,23.878,0.040,28.506,0.046
61002,15.000,0.000,55.136,0.003,55.150,0.002,54.974,0.002,55.008,0.002,24.236,0.001,24.232,0.001,24.230,0.001,24.230,0.001,25.592,0.001,25.861,0.006,25.407,0.000,25.407,0.001,25.512,0.001,25.449,0.011,23.870,0.040,28.510,0.046
62002,15.000,0.000,55.138,0.003,55.148,0.002,54.972,0.002,55.006,0.002,24.236,0.001,24.232,0.001,24.230,0.001,24.230,0.001,25.591,0.001,25.861,0.006,25.407,0.000,25.408,0.001,25.513,0.001,25.449,0.011,23.840,0.040,28.511,0.046
63002,15.000,0.000,55.138,0.003,55.152,0.002,54.970,0.002,55.004,0.002,24.236,0.001,24.232,0.001,24.230,0.001,24.230,0.001,25.593,0.001,25.862,0.006,25.408,0.000,25.407,0.001,25.512,0.001,25.449,0.011,23.784,0.040,28.513,0.046
64002,15.000,0.000,55.142,0.003,55.148,0.002,54.974,0.002,55.008,0.002,24.236,0.001,24.232,0.001,24.230,0.001,24.230,0.001,25.592,0.001,25.861,0.006,25.408,0.000,25.407,0.001,25.513,0.001,25.449,0.011,23.718,0.041,28.508,0.046
65002,15.000,0.000,55.138,0.003,55.152,0.002,54.972,0.002,55.006,0.002,24.236,0.001,24.232,0.001,24.230,0.001,24.230,0.001,25.593,0.001,25.861,0.006,25.407,0.000,25.408,0.001,25.513,0.001,25.449,0.011,23.752,0.041,28.509,0.046
66002,15.001,0.000,55.140,0.003,55.148,0.002,54.972,0.002,55.006,0.002,24.236,0.001,24.232,0.001,24.228,0.001,24.230,0.001,25.592,0.001,25.862,0.006,25.408,0.000,25.407,0.001,25.514,0.001,25.449,0.011,23.769,0.041,28.505,0.045
67002,15.000,0.000,55.134,0.003,55.152,0.002,54.976,0.002,55.010,0.002,24.236,0.001,24.232,0.001,24.230,0.001,24.230,0.001,25.592,0.001,25.862,0.006,25.407,0.000,25.408,0.001,25.513,0.001,25.450,0.011,23.749,0.042,28.505,0.045
68002,15.000,0.000,55.136,0.003,55.150,0.002,54.972,0.002,55.006,0.002,24.236,0.001,24.232,0.001,24.230,0.001,24.230,0.001,25.593,0.001,25.861,0.006,25.408,0.000,25.407,0.001,25.513,0.001,25.450,0.011,23.740,0.042,28.506,0.045
69002,15.000,0.000,55.138,0.003,55.150,0.002,54.972,0.002,55.006,0.002,24.236,0.001,24.232,0.001,24.230,0.001,24.230,0.001,25.592,0.001,25.861,0.006,25.408,0.000,25.406,0.001,25.513,0.001,25.450,0.011,23.811,0.042,28.506,0.044
70003,15.000,0.000,55.138,0.003,55.152,0.002,54.976,0.002,55.010,0.002,24.236,0.001,24.234,0.001,24.230,0.001,24.230,0.001,25.592,0.001,25.862,0.006,25.407,0.000,25.407,0.001,25.513,0.001,25.450,0.010,23.810,0.042,28.516,0.044
71003,15.000,0.000,55.138,0.003,55.150,0.002,54.974,0.002,55.008,0.002,24.236,0.001,24.232,0.001,24.230,0.001,24.230,0.001,25.592,0.001,25.862,0.006,25.408,0.000,25.409,0.001,25.513,0.001,25.452,0.010,23.825,0.042,28.522,0.043
72003,15.000,0.000,55.140,0.003,55.150,0.002,54.974,0.002,55.008,0.002,24.236,0.001,24.232,0.001,24.230,0.001,24.230,0.001,25.593,0.001,25.863,0.006,25.408,0.000,25.408,0.001,25.513,0.001,25.451,0.010,23.831,0.042,28.529,0.043
73003,15.000,0.000,55.138,0.003,55.148,0.002,54.970,0.002,55.006,0.002,24.236,0.001,24.232,0.001,24.230,0.001,24.230,0.001,25.592,0.001,25.863,0.006,25.407,0.000,25.408,0.001,25.514,0.001,25.451,0.010,23.771,0.042,28.536,0.043
74003,15.000,0.000,55.138,0.003,55.148,0.002,54.972,0.002,55.006,0.002,24.236,0.001,24.232,0.001,24.230,0.001,24.230,0.001,25.593,0.001,25.862,0.006,25.407,0.000,25.408,0.001,25.513,0.001,25.452,0.010,23.732,0.042,28.549,0.043
75003,15.000,0.000,55.138,0.003,55.152,0.002,54.974,0.002,55.008,0.002,24.236,0.001,24.232,0.001,24.230,0.001,24.230,0.001,25.592,0.001,25.863,0.006,25.407,0.000,25.407,0.001,25.514,0.001,25.452,0.010,23.771,0.042,28.556,0.044
76003,15.000,0.000,55.138,0.003,55.148,0.002,54.974,0.002,55.008,0.002,24.236,0.001,24.232,0.001,24.228,0.001,24.230,0.001,25.592,0.001,25.862,0.006,25.408,0.000,25.408,0.001,25.513,0.001,25.452,0.010,23.816,0.042,28.563,0.045
77003,15.000,0.000,55.136,0.003,55.150,0.002,54.976,0.002,55.008,0.002,24.236,0.001,24.234,0.001,24.230,0.001,24.230,0.001,25.592,0.001,25.862,0.006,25.408,0.000,25.407,0.001,25.513,0.001,25.452,0.010,23.807,0.042,28.563,0.046
78003,15.000,0.000,55.138,0.003,55.152,0.002,54.976,0.002,55.010,0.002,24.236,0.001,24.232,0.001,24.230,0.001,24.230,0.001,25.591,0.001,25.861,0.006,25.408,0.000,25.408,0.001,25.513,0.001,25.452,0.010,23.833,0.042,28.568,0.047
79003,15.000,0.000,55.138,0.003,55.150,0.002,54.976,0.003,55.010,0.002,24.236,0.001,24.232,0.001,24.230,0.001,24.230,0.001,25.592,0.001,25.862,0.006,25.408,0.000,25.407,0.001,25.513,0.001,25.453,0.010,23.812,0.042,28.567,0.047
80003,15.000,0.000,55.136,0.003,55.150,0.002,54.974,0.003,55.008,0.002,24.236,0.001,24.232,0.001,24.228,0.001,24.230,0.001,25.592,0.001,25.863,0.006,25.407,0.000,25.408,0.001,25.514,0.001,25.452,0.010,23.818,0.042,28.559,0.048
81003,15.000,0.000,55.140,0.003,55.150,0.002,54.974,0.003,55.008,0.002,24.236,0.001,24.232,0.001,24.228,0.001,24.230,0.001,25.592,0.001,25.862,0.006,25.407,0.000,25.409,0.001,25.513,0.001,25.453,0.010,23.780,0.042,28.557,0.049
82003,15.000,0.000,55.138,0.003,55.152,0.002,54.976,0.003,55.010,0.002,24.236,0.001,24.234,0.001,24.230,0.001,24.230,0.001,25.592,0.001,25.862,0.006,25.408,0.000,25.408,0.001,25.514,0.001,25.454,0.010,23.755,0.042,28.552,0.049
83003,15.000,0.000,55.138,0.003,55.150,0.002,54.972,0.003,55.006,0.002,24.236,0.001,24.232,0.001,24.228,0.001,24.230,0.001,25.593,0.001,25.862,0.006,25.408,0.001,25.408,0.001,25.514,0.001,25.454,0.009,23.753,0.042,28.543,0.050
84003,15.000,0.000,55.138,0.003,55.154,0.002,54.974,0.002,55.008,0.002,24.236,0.001,24.232,0.001,24.228,0.001,24.230,0.001,25.593,0.001,25.862,0.006,25.407,0.001,25.408,0.001,25.514,0.001,25.454,0.009,23.720,0.042,28.537,0.050
85003,15.001,0.000,55.138,0.003,55.154,0.002,54.976,0.002,55.010,0.002,24.236,0.001,24.232,0.001,24.230,0.001,24.230,0.001,25.593,0.001,25.863,0.005,25.407,0.001,25.408,0.001,25.513,0.001,25.454,0.009,23.784,0.042,28.531,0.050
86003,15.000,0.000,55.140,0.003,55.148,0.002,54.974,0.002,55.008,0.002,24.236,0.001,24.232,0.001,24.230,0.001,24.230,0.001,25.592,0.001,25.862,0.005,25.408,0.001,25.408,0.001,25.514,0.001,25.456,0.009,23.811,0.042,28.525,0.050
87003,15.000,0.000,55.138,0.003,55.152,0.002,54.974,0.002,55.008,0.002,24.236,0.001,24.232,0.001,24.230,0.001,24.230,0.001,25.592,0.001,25.862,0.005,25.408,0.000,25.409,0.001,25.514,0.001,25.455,0.009,23.802,0.042,28.522,0.050
88003,15.000,0.000,55.138,0.002,55.152,0.002,54.974,0.002,55.008,0.002,24.236,0.001,24.232,0.001,24.228,0.001,24.230,0.001,25.592,0.001,25.863,0.005,25.407,0.000,25.408,0.001,25.514,0.001,25.455,0.009,23.766,0.042,28.519,0.050
89003,15.000,0.000,55.138,0.002,55.152,0.002,54.976,0.002,55.010,0.002,24.236,0.001,24.234,0.001,24.230,0.001,24.230,0.001,25.592,0.001,25.863,0.005,25.407,0.000,25.408,0.001,25.514,0.001,25.455,0.009,23.766,0.042,28.519,0.050
90003,15.000,0.000,55.136,0.002,55.150,0.002,54.972,0.002,55.006,0.002,24.236,0.001,24.232,0.001,24.230,0.001,24.230,0.001,25.593,0.001,25.862,0.005,25.409,0.001,25.407,0.001,25.513,0.001,25.455,0.009,23.777,0.042,28.513,0.050
91003,15.000,0.000,55.138,0.002,55.152,0.002,54.976,0.002,55.010,0.002,24.236,0.001,24.232,0.001,24.230,0.001,24.230,0.001,25.592,0.001,25.862,0.005,25.408,0.001,25.408,0.001,25.515,0.001,25.455,0.009,23.750,0.042,28.516,0.050
92003,14.999,0.000,55.136,0.002,55.152,0.002,54.978,0.002,55.010,0.002,24.236,0.001,24.232,0.001,24.228,0.001,24.230,0.001,25.592,0.001,25.863,0.005,25.408,0.001,25.408,0.001,25.513,0.001,25.455,0.009,23.775,0.042,28.517,0.049
93003,15.000,0.000,55.138,0.002,55.150,0.002,54.974,0.002,55.008,0.002,24.236,0.001,24.232,0.001,24.228,0.001,24.230,0.001,25.592,0.001,25.863,0.005,25.408,0.001,25.408,0.001,25.514,0.001,25.456,0.009,23.769,0.042,28.520,0.049
94003,15.000,0.000,55.138,0.002,55.152,0.002,54.974,0.002,55.008,0.002,24.236,0.001,24.232,0.001,24.228,0.001,24.230,0.001,25.593,0.001,25.863,0.005,25.408,0.001,25.408,0.001,25.514,0.001,25.457,0.009,23.786,0.042,28.521,0.049
95004,15.000,0.000,55.138,0.002,55.152,0.002,54.972,0.002,55.008,0.002,24.236,0.001,24.232,0.001,24.228,0.001,24.230,0.001,25.592,0.001,25.863,0.005,25.408,0.001,25.408,0.001,25.514,0.001,25.456,0.009,23.889,0.043,28.520,0.048
96004,15.000,0.000,55.138,0.002,55.152,0.002,54.976,0.002,55.010,0.002,24.236,0.001,24.232,0.001,24.228,0.001,24.230,0.001,25.592,0.001,25.863,0.005,25.406,0.001,25.409,0.001,25.514,0.001,25.457,0.009,23.873,0.043,28.519,0.048
97004,15.000,0.000,55.138,0.002,55.150,0.002,54.974,0.002,55.008,0.002,24.236,0.001,24.232,0.001,24.228,0.001,24.230,0.001,25.591,0.001,25.863,0.005,25.408,0.001,25.408,0.001,25.514,0.001,25.457,0.008,23.791,0.043,28.523,0.047
98004,15.000,0.000,55.138,0.002,55.148,0.002,54.976,0.002,55.010,0.002,24.236,0.001,24.232,0.001,24.228,0.001,24.230,0.001,25.592,0.001,25.863,0.005,25.408,0.001,25.408,0.001,25.513,0.001,25.457,0.008,23.824,0.043,28.514,0.047
99004,15.000,0.000,55.136,0.002,55.152,0.002,54.974,0.002,55.008,0.002,24.236,0.001,24.232,0.001,24.228,0.001,24.230,0.001,25.593,0.001,25.863,0.005,25.408,0.001,25.410,0.001,25.513,0.001,25.456,0.008,23.782,0.043,28.517,0.046
100004,15.000,0.000,55.136,0.002,55.150,0.002,54.976,0.002,55.008,0.002,24.236,0.001,24.232,0.001,24.228,0.001,24.230,0.001,25.593,0.001,25.862,0.005,25.408,0.001,25.409,0.001,25.514,0.001,25.457,0.008,23.724,0.043,28.514,0.046
101004,15.000,0.000,55.138,0.002,55.152,0.002,54.976,0.002,55.010,0.002,24.236,0.001,24.232,0.001,24.228,0.001,24.230,0.001,25.593,0.001,25.863,0.005,25.408,0.001,25.409,0.001,25.513,0.001,25.458,0.008,23.771,0.043,28.517,0.045
102004,15.000,0.000,55.138,0.002,55.150,0.002,54.976,0.002,55.010,0.002,24.236,0.001,24.232,0.001,24.228,0.001,24.230,0.001,25.593,0.001,25.863,0.004,25.408,0.001,25.408,0.001,25.514,0.001,25.459,0.008,23.813,0.043,28.510,0.044
103004,15.001,0.000,55.138,0.002,55.150,0.002,54.976,0.002,55.010,0.002,24.234,0.001,24.232,0.001,24.228,0.001,24.230,0.001,25.593,0.001,25.863,0.004,25.407,0.001,25.408,0.001,25.515,0.001,25.459,0.008,23.819,0.043,28.513,0.043
104004,15.001,0.000,55.142,0.002,55.152,0.002,54.976,0.002,55.010,0.002,24.236,0.001,24.232,0.001,24.228,0.001,24.230,0.001,25.592,0.001,25.864,0.004,25.408,0.001,25.408,0.001,25.514,0.001,25.460,0.008,23.817,0.042,28.513,0.043
105004,15.000,0.000,55.140,0.002,55.150,0.002,54.976,0.002,55.010,0.002,24.236,0.001,24.232,0.001,24.228,0.001,24.230,0.001,25.593,0.001,25.864,0.004,25.408,0.001,25.408,0.001,25.514,0.001,25.461,0.008,23.806,0.041,28.516,0.042
106004,15.000,0.000,55.138,0.002,55.152,0.002,54.976,0.002,55.010,0.002,24.234,0.001,24.232,0.001,24.228,0.001,24.230,0.001,25.592,0.001,25.863,0.004,25.408,0.001,25.409,0.001,25.513,0.001,25.460,0.008,23.775,0.041,28.526,0.041
107004,15.000,0.000,55.140,0.002,55.150,0.002,54.976,0.002,55.010,0.002,24.236,0.001,24.232,0.001,24.228,0.001,24.230,0.001,25.592,0.001,25.863,0.004,25.407,0.001,25.409,0.001,25.515,0.001,25.461,0.008,23.740,0.041,28.536,0.041
108004,14.999,0.000,55.140,0.002,55.152,0.002,54.976,0.002,55.010,0.002,24.234,0.001,24.232,0.001,24.228,0.001,24.230,0.001,25.592,0.001,25.864,0.004,25.408,0.001,25.409,0.001,25.515,0.001,25.462,0.007,23.760,0.041,28.539,0.040
109004,14.999,0.000,55.138,0.002,55.150,0.002,54.976,0.002,55.010,0.002,24.234,0.001,24.232,0.001,24.228,0.001,24.230,0.001,25.593,0.001,25.863,0.004,25.408,0.001,25.408,0.001,25.514,0.001,25.462,0.007,23.813,0.041,28.547,0.040
110004,14.999,0.000,55.138,0.002,55.152,0.002,54.976,0.002,55.010,0.002,24.236,0.001,24.232,0.001,24.228,0.001,24.230,0.001,25.593,0.001,25.863,0.004,25.407,0.001,25.409,0.001,25.514,0.001,25.463,0.007,23.835,0.041,28.558,0.040
111004,15.000,0.000,55.140,0.002,55.154,0.002,54.976,0.002,55.010,0.002,24.236,0.001,24.232,0.001,24.228,0.001,24.230,0.001,25.592,0.001,25.864,0.004,25.409,0.001,25.409,0.001,25.514,0.001,25.462,0.007,23.812,0.041,28.563,0.039
112004,15.000,0.000,55.138,0.002,55.154,0.002,54.974,0.002,55.008,0.002,24.236,0.001,24.232,0.001,24.228,0.001,24.230,0.001,25.593,0.001,25.864,0.004,25.408,0.001,25.408,0.001,25.514,0.001,25.462,0.007,23.818,0.041,28.569,0.039
113004,15.000,0.000,55.138,0.002,55.150,0.002,54.978,0.002,55.012,0.002,24.236,0.001,24.232,0.001,24.228,0.001,24.230,0.001,25.592,0.001,25.865,0.004,25.407,0.001,25.409,0.001,25.514,0.001,25.462,0.007,23.829,0.041,28.570,0.040
114004,15.000,0.000,55.140,0.002,55.152,0.002,54.976,0.002,55.010,0.002,24.236,0.001,24.232,0.001,24.228,0.001,24.230,0.001,25.592,0.001,25.864,0.004,25.408,0.001,25.408,0.001,25.514,0.001,25.463,0.007,23.806,0.041,28.571,0.040
115004,15.000,0.000,55.138,0.002,55.150,0.002,54.976,0.002,55.010,0.002,24.236,0.001,24.232,0.001,24.228,0.001,24.230,0.001,25.593,0.001,25.864,0.004,25.408,0.001,25.408,0.001,25.514,0.001,25.463,0.007,23.719,0.042,28.566,0.040
116004,15.000,0.000,55.140,0.002,55.154,0.002,54.974,0.002,55.010,0.002,24.236,0.001,24.232,0.001,24.228,0.001,24.230,0.001,25.593,0.001,25.864,0.004,25.409,0.001,25.409,0.001,25.514,0.001,25.463,0.007,23.785,0.042,28.561,0.040
117004,15.000,0.000,55.140,0.002,55.150,0.002,54.976,0.002,55.010,0.002,24.236,0.001,24.232,0.001,24.228,0.001,24.230,0.001,25.593,0.001,25.864,0.004,25.409,0.001,25.409,0.001,25.515,0.001,25.463,0.007,23.752,0.042,28.557,0.041
118004,15.000,0.000,55.142,0.002,55.152,0.002,54.976,0.002,55.010,0.002,24.234,0.001,24.232,0.001,24.228,0.001,24.230,0.001,25.593,0.001,25.864,0.004,25.408,0.001,25.409,0.001,25.514,0.001,25.464,0.007,23.754,0.041,28.546,0.041
119004,15.000,0.000,55.140,0.002,55.152,0.002,54.978,0.002,55.010,0.002,24.234,0.001,24.232,0.001,24.228,0.001,24.230,0.001,25.593,0.001,25.863,0.003,25.408,0.001,25.409,0.001,25.514,0.001,25.464,0.007,23.828,0.041,28.540,0.041
120005,15.000,0.000,55.140,0.002,55.152,0.002,54.974,0.002,55.008,0.002,24.236,0.001,24.232,0.001,24.228,0.001,24.230,0.001,25.593,0.001,25.863,0.003,25.408,0.001,25.408,0.001,25.513,0.001,25.463,0.007,23.821,0.041,28.528,0.041
121005,15.001,0.000,55.138,0.002,55.150,0.002,54.978,0.002,55.010,0.002,24.234,0.001,24.232,0.001,24.228,0.001,24.230,0.001,25.593,0.001,25.863,0.003,25.408,0.001,25.408,0.001,25.515,0.001,25.463,0.007,23.767,0.041,28.530,0.041
122005,15.000,0.000,55.140,0.002,55.154,0.002,54.980,0.002,55.012,0.002,24.234,0.001,24.232,0.001,24.228,0.001,24.230,0.001,25.593,0.001,25.864,0.003,25.408,0.001,25.409,0.001,25.514,0.001,25.463,0.007,23.827,0.042,28.523,0.041
123005,15.000,0.000,55.138,0.002,55.154,0.002,54.974,0.002,55.008,0.002,24.236,0.001,24.232,0.001,24.228,0.001,24.230,0.001,25.593,0.001,25.864,0.003,25.408,0.001,25.408,0.001,25.515,0.001,25.463,0.007,23.802,0.041,28.526,0.040
124005,15.000,0.000,55.138,0.002,55.152,0.002,54.976,0.002,55.010,0.002,24.234,0.001,24.232,0.001,24.228,0.001,24.230,0.001,25.592,0.001,25.864,0.003,25.408,0.001,25.409,0.001,25.515,0.001,25.464,0.007,23.775,0.041,28.521,0.040
125005,15.000,0.000,55.138,0.002,55.152,0.002,54.976,0.002,55.010,0.002,24.234,0.001,24.232,0.001,24.228,0.001,24.230,0.001,25.592,0.001,25.863,0.003,25.408,0.001,25.408,0.001,25.514,0.001,25.463,0.007,23.775,0.041,28.523,0.040
126005,15.000,0.000,55.140,0.002,55.152,0.002,54.976,0.002,55.010,0.002,24.236,0.001,24.232,0.001,24.228,0.001,24.228,0.001,25.593,0.001,25.863,0.003,25.408,0.001,25.409,0.001,25.515,0.001,25.464,0.007,23.733,0.041,28.524,0.040
127005,15.000,0.000,55.140,0.002,55.152,0.002,54.976,0.002,55.010,0.002,24.236,0.001,24.232,0.001,24.228,0.001,24.230,0.001,25.593,0.001,25.864,0.003,25.409,0.001,25.409,0.001,25.514,0.001,25.464,0.007,23.776,0.041,28.524,0.040
128005,15.000,0.000,55.138,0.002,55.154,0.002,54.976,0.002,55.010,0.002,24.236,0.001,24.232,0.001,24.228,0.001,24.230,0.001,25.593,0.001,25.864,0.003,25.408,0.001,25.408,0.001,25.515,0.001,25.464,0.007,23.792,0.041,28.523,0.040
129005,15.000,0.000,55.138,0.002,55.154,0.002,54.978,0.002,55.012,0.002,24.234,0.001,24.232,0.001,24.228,0.001,24.230,0.001,25.593,0.001,25.864,0.003,25.408,0.001,25.409,0.001,25.516,0.001,25.464,0.007,23.883,0.042,28.523,0.040
130005,15.000,0.000,55.138,0.002,55.150,0.002,54.972,0.002,55.008,0.002,24.236,0.001,24.232,0.001,24.228,0.001,24.230,0.001,25.593,0.001,25.864,0.003,25.408,0.001,25.409,0.001,25.515,0.001,25.464,0.007,23.879,0.043,28.523,0.040
131005,15.000,0.000,55.142,0.002,55.150,0.002,54.976,0.002,55.010,0.002,24.236,0.001,24.232,0.001,24.228,0.001,24.230,0.001,25.593,0.001,25.863,0.003,25.408,0.001,25.409,0.001,25.515,0.001,25.465,0.007,23.835,0.043,28.523,0.040
132005,15.000,0.000,55.140,0.002,55.154,0.002,54.974,0.002,55.010,0.002,24.236,0.001,24.232,0.001,24.228,0.001,24.230,0.001,25.593,0.001,25.863,0.003,25.408,0.001,25.409,0.001,25.515,0.001,25.464,0.007,23.766,0.043,28.524,0.040
133005,15.000,0.000,55.142,0.002,55.152,0.002,54.974,0.002,55.010,0.002,24.234,0.001,24.232,0.001,24.228,0.001,24.230,0.001,25.594,0.001,25.864,0.003,25.408,0.001,25.409,0.001,25.515,0.001,25.465,0.007,23.775,0.043,28.522,0.040
134005,15.000,0.000,55.140,0.002,55.152,0.002,54.978,0.002,55.012,0.002,24.234,0.001,24.232,0.001,24.228,0.001,24.230,0.001,25.593,0.001,25.864,0.003,25.409,0.001,25.410,0.001,25.515,0.001,25.465,0.007,23.813,0.043,28.519,0.040
135005,15.000,0.000,55.138,0.002,55.152,0.002,54.974,0.002,55.010,0.002,24.234,0.001,24.232,0.001,24.228,0.001,24.228,0.001,25.593,0.001,25.864,0.003,25.408,0.001,25.409,0.001,25.515,0.001,25.465,0.007,23.839,0.043,28.520,0.040
136005,15.000,0.000,55.140,0.002,55.152,0.002,54.976,0.002,55.010,0.002,24.234,0.001,24.232,0.001,24.228,0.001,24.230,0.001,25.594,0.001,25.864,0.003,25.409,0.001,25.409,0.001,25.515,0.001,25.466,0.007,23.814,0.042,28.513,0.039
137005,15.000,0.000,55.140,0.002,55.150,0.002,54.978,0.002,55.010,0.002,24.234,0.001,24.232,0.001,24.228,0.001,24.230,0.001,25.593,0.001,25.864,0.003,25.409,0.001,25.410,0.001,25.515,0.001,25.465,0.007,23.806,0.042,28.518,0.039
138005,15.000,0.000,55.138,0.002,55.152,0.002,54.976,0.002,55.010,0.002,24.236,0.001,24.232,0.001,24.228,0.001,24.230,0.001,25.594,0.001,25.863,0.002,25.409,0.001,25.410,0.001,25.516,0.001,25.466,0.007,23.811,0.042,28.511,0.039
139005,15.000,0.000,55.140,0.002,55.152,0.002,54.978,0.002,55.012,0.002,24.234,0.001,24.232,0.001,24.228,0.001,24.228,0.001,25.593,0.001,25.862,0.002,25.408,0.001,25.409,0.001,25.515,0.001,25.465,0.007,23.814,0.041,28.516,0.039
140005,15.000,0.000,55.140,0.002,55.150,0.002,54.974,0.002,55.008,0.002,24.234,0.001,24.232,0.001,24.228,0.001,24.228,0.001,25.593,0.001,25.864,0.002,25.409,0.001,25.409,0.001,25.515,0.001,25.466,0.007,23.766,0.041,28.525,0.039
141005,15.000,0.000,55.138,0.002,55.152,0.002,54.976,0.002,55.010,0.002,24.234,0.001,24.232,0.001,24.228,0.001,24.228,0.001,25.594,0.001,25.864,0.002,25.408,0.001,25.409,0.001,25.514,0.001,25.467,0.007,23.819,0.041,28.533,0.038
142005,15.000,0.000,55.140,0.002,55.152,0.002,54.978,0.002,55.010,0.002,24.234,0.001,24.232,0.001,24.228,0.001,24.228,0.001,25.594,0.001,25.864,0.002,25.409,0.001,25.409,0.001,25.516,0.001,25.467,0.007,23.825,0.041,28.535,0.038
143005,15.000,0.000,55.140,0.002,55.152,0.002,54.976,0.002,55.010,0.002,24.234,0.001,24.232,0.001,24.228,0.001,24.230,0.001,25.595,0.001,25.864,0.002,25.409,0.001,25.410,0.001,25.515,0.001,25.467,0.007,23.788,0.041,28.549,0.038
144005,15.000,0.000,55.140,0.002,55.152,0.002,54.976,0.002,55.010,0.002,24.234,0.001,24.232,0.001,24.228,0.001,24.230,0.001,25.593,0.001,25.863,0.002,25.408,0.001,25.410,0.001,25.516,0.001,25.468,0.007,23.765,0.041,28.554,0.037
145005,15.000,0.000,55.138,0.002,55.150,0.002,54.978,0.002,55.010,0.002,24.236,0.001,24.232,0.001,24.228,0.001,24.230,0.001,25.593,0.001,25.864,0.002,25.409,0.001,25.409,0.001,25.515,0.001,25.467,0.007,23.820,0.041,28.565,0.037
146006,15.000,0.000,55.142,0.002,55.152,0.002,54.978,0.002,55.012,0.002,24.234,0.001,24.232,0.001,24.228,0.001,24.228,0.001,25.593,0.001,25.864,0.002,25.408,0.001,25.409,0.001,25.515,0.001,25.468,0.007,23.826,0.040,28.569,0.037
147005,15.000,0.000,55.140,0.002,55.154,0.002,54.976,0.002,55.010,0.002,24.236,0.001,24.232,0.001,24.228,0.001,24.228,0.001,25.593,0.001,25.865,0.002,25.409,0.001,25.410,0.001,25.515,0.001,25.467,0.007,23.827,0.040,28.572,0.037
148006,15.001,0.000,55.140,0.002,55.152,0.002,54.976,0.002,55.010,0.002,24.234,0.001,24.232,0.001,24.228,0.001,24.228,0.001,25.593,0.001,25.865,0.002,25.409,0.001,25.409,0.001,25.516,0.001,25.468,0.007,23.830,0.039,28.569,0.037
149006,15.001,0.000,55.140,0.002,55.152,0.002,54.978,0.002,55.012,0.002,24.234,0.001,24.232,0.001,24.228,0.001,24.230,0.001,25.595,0.001,25.864,0.002,25.408,0.001,25.410,0.001,25.515,0.001,25.468,0.007,23.793,0.039,28.566,0.036
150006,15.000,0.000,55.140,0.002,55.152,0.002,54.980,0.002,55.012,0.002,24.234,0.001,24.232,0.001,24.228,0.001,24.228,0.001,25.594,0.001,25.864,0.002,25.409,0.001,25.410,0.001,25.516,0.001,25.469,0.007,23.759,0.039,28.565,0.036
151006,15.000,0.000,55.138,0.002,55.150,0.002,54.976,0.002,55.010,0.002,24.234,0.001,24.232,0.001,24.228,0.001,24.228,0.001,25.594,0.001,25.864,0.002,25.409,0.001,25.410,0.001,25.516,0.001,25.468,0.007,23.759,0.039,28.560,0.035
152006,15.000,0.000,55.138,0.002,55.150,0.002,54.978,0.002,55.010,0.002,24.234,0.001,24.232,0.001,24.228,0.001,24.230,0.001,25.594,0.001,25.865,0.002,25.409,0.001,25.411,0.001,25.516,0.001,25.468,0.007,23.762,0.039,28.551,0.035
153006,15.000,0.000,55.142,0.002,55.152,0.002,54.976,0.002,55.010,0.002,24.234,0.001,24.232,0.001,24.228,0.001,24.228,0.001,25.593,0.001,25.865,0.002,25.409,0.001,25.410,0.001,25.515,0.001,25.468,0.007,23.887,0.039,28.544,0.034
154006,15.000,0.000,55.142,0.002,55.152,0.002,54.976,0.002,55.010,0.002,24.236,0.001,24.232,0.001,24.228,0.001,24.230,0.001,25.593,0.001,25.865,0.002,25.408,0.001,25.411,0.001,25.515,0.001,25.469,0.007,23.810,0.038,28.539,0.033
155006,15.000,0.000,55.138,0.002,55.154,0.002,54.976,0.002,55.010,0.002,24.234,0.001,24.232,0.001,24.228,0.001,24.230,0.001,25.593,0.001,25.863,0.002,25.409,0.001,25.410,0.001,25.516,0.001,25.470,0.007,23.827,0.039,28.532,0.032
156006,15.000,0.000,55.142,0.002,55.152,0.002,54.978,0.002,55.012,0.002,24.234,0.001,24.232,0.001,24.228,0.001,24.230,0.001,25.593,0.001,25.864,0.002,25.408,0.001,25.411,0.001,25.515,0.001,25.469,0.007,23.807,0.039,28.526,0.032
157006,15.000,0.000,55.140,0.002,55.154,0.002,54.978,0.002,55.012,0.002,24.236,0.001,24.232,0.001,24.228,0.001,24.230,0.001,25.593,0.001,25.864,0.002,25.409,0.001,25.410,0.001,25.517,0.001,25.470,0.007,23.761,0.039,28.524,0.031
158006,15.000,0.000,55.140,0.002,55.152,0.002,54.980,0.002,55.014,0.002,24.234,0.001,24.232,0.001,24.228,0.001,24.228,0.001,25.593,0.001,25.864,0.002,25.409,0.001,25.409,0.001,25.516,0.001,25.469,0.007,23.759,0.039,28.521,0.031
159006,15.000,0.000,55.140,0.002,55.152,0.002,54.978,0.002,55.010,0.002,24.234,0.001,24.232,0.001,24.228,0.001,24.230,0.001,25.593,0.001,25.864,0.002,25.409,0.001,25.410,0.001,25.516,0.001,25.469,0.007,23.789,0.039,28.524,0.031
160006,15.000,0.000,55.140,0.002,55.152,0.002,54.974,0.002,55.008,0.002,24.236,0.001,24.232,0.001,24.228,0.001,24.230,0.001,25.595,0.001,25.864,0.001,25.409,0.001,25.410,0.001,25.517,0.001,25.469,0.007,23.845,0.039,28.524,0.031
161006,15.000,0.000,55.140,0.002,55.152,0.002,54.976,0.002,55.010,0.002,24.236,0.001,24.232,0.001,24.228,0.001,24.228,0.001,25.594,0.001,25.864,0.001,25.410,0.001,25.409,0.001,25.516,0.001,25.469,0.007,23.840,0.039,28.525,0.031
162006,15.000,0.000,55.138,0.002,55.154,0.002,54.976,0.002,55.010,0.002,24.234,0.001,24.232,0.001,24.228,0.001,24.230,0.001,25.594,0.001,25.864,0.001,25.410,0.001,25.409,0.001,25.516,0.001,25.469,0.007,23.840,0.039,28.525,0.031
163006,15.000,0.000,55.138,0.002,55.154,0.002,54.976,0.002,55.010,0.002,24.234,0.001,24.232,0.001,24.228,0.001,24.228,0.001,25.594,0.001,25.865,0.001,25.409,0.001,25.410,0.001,25.516,0.001,25.468,0.007,23.756,0.039,28.525,0.031
164006,15.001,0.000,55.140,0.002,55.152,0.002,54.976,0.002,55.010,0.002,24.234,0.001,24.232,0.001,24.228,0.001,24.228,0.001,25.595,0.001,25.865,0.001,25.409,0.001,25.409,0.001,25.516,0.001,25.469,0.007,23.883,0.040,28.524,0.031
165006,15.000,0.000,55.138,0.002,55.152,0.002,54.978,0.002,55.010,0.002,24.234,0.001,24.232,0.001,24.228,0.001,24.228,0.001,25.594,0.001,25.864,0.001,25.410,0.001,25.410,0.001,25.516,0.001,25.468,0.007,23.889,0.041,28.524,0.031
166006,15.000,0.000,55.140,0.002,55.152,0.002,54.976,0.002,55.010,0.002,24.234,0.001,24.232,0.001,24.228,0.001,24.228,0.001,25.594,0.001,25.864,0.001,25.409,0.001,25.411,0.001,25.515,0.001,25.469,0.007,23.912,0.042,28.522,0.030
167006,15.000,0.000,55.140,0.002,55.154,0.002,54.976,0.002,55.010,0.002,24.234,0.001,24.232,0.001,24.228,0.001,24.230,0.001,25.594,0.001,25.865,0.001,25.410,0.001,25.410,0.001,25.516,0.001,25.469,0.007,23.743,0.042,28.525,0.030
168006,15.000,0.000,55.140,0.002,55.154,0.002,54.976,0.002,55.010,0.002,24.234,0.001,24.232,0.001,24.228,0.001,24.228,0.001,25.594,0.001,25.865,0.001,25.410,0.001,25.411,0.001,25.517,0.001,25.469,0.007,23.821,0.042,28.525,0.030
169006,15.000,0.000,55.140,0.002,55.154,0.002,54.978,0.002,55.012,0.002,24.234,0.001,24.232,0.001,24.228,0.001,24.230,0.001,25.594,0.001,25.865,0.001,25.409,0.001,25.411,0.001,25.518,0.001,25.468,0.007,23.797,0.041,28.521,0.030
170006,15.001,0.000,55.140,0.002,55.154,0.002,54.976,0.002,55.010,0.002,24.234,0.001,24.230,0.001,24.228,0.001,24.228,0.001,25.595,0.001,25.865,0.001,25.409,0.001,25.410,0.001,25.517,0.001,25.468,0.007,23.794,0.041,28.523,0.030
171006,15.001,0.000,55.142,0.002,55.154,0.002,54.978,0.002,55.012,0.002,24.236,0.001,24.232,0.001,24.228,0.001,24.228,0.001,25.593,0.001,25.864,0.001,25.408,0.001,25.410,0.001,25.516,0.001,25.468,0.007,23.734,0.041,28.514,0.030
172006,15.000,0.000,55.140,0.002,55.154,0.002,54.980,0.002,55.014,0.002,24.234,0.001,24.232,0.001,24.228,0.001,24.228,0.001,25.594,0.001,25.864,0.001,25.410,0.001,25.410,0.001,25.515,0.001,25.467,0.007,23.767,0.041,28.520,0.030
173007,15.000,0.000,55.140,0.002,55.154,0.002,54.980,0.002,55.012,0.002,24.234,0.001,24.232,0.001,24.228,0.001,24.228,0.001,25.595,0.001,25.864,0.001,25.410,0.001,25.410,0.001,25.516,0.001,25.467,0.007,23.828,0.041,28.519,0.030
174007,15.000,0.000,55.140,0.002,55.152,0.002,54.978,0.002,55.012,0.002,24.234,0.001,24.232,0.001,24.228,0.001,24.228,0.001,25.594,0.001,25.864,0.001,25.409,0.001,25.411,0.001,25.516,0.001,25.467,0.007,23.823,0.041,28.524,0.030
175007,15.000,0.000,55.138,0.002,55.152,0.002,54.978,0.002,55.012,0.002,24.234,0.001,24.232,0.000,24.228,0.001,24.228,0.001,25.594,0.001,25.865,0.001,25.410,0.001,25.411,0.001,25.517,0.001,25.468,0.007,23.846,0.041,28.525,0.030
176007,15.000,0.000,55.140,0.002,55.152,0.002,54.980,0.002,55.012,0.002,24.234,0.001,24.232,0.000,24.228,0.001,24.228,0.001,25.594,0.001,25.864,0.001,25.409,0.001,25.410,0.001,25.516,0.001,25.467,0.007,23.780,0.041,28.535,0.030
177007,15.000,0.000,55.140,0.002,55.152,0.002,54.976,0.002,55.010,0.002,24.234,0.001,24.232,0.000,24.228,0.001,24.228,0.001,25.594,0.001,25.864,0.001,25.410,0.001,25.411,0.001,25.516,0.001,25.468,0.007,23.807,0.041,28.540,0.030
178007,15.000,0.000,55.140,0.002,55.152,0.002,54.980,0.002,55.012,0.002,24.234,0.001,24.232,0.000,24.228,0.001,24.230,0.001,25.594,0.001,25.865,0.001,25.410,0.001,25.411,0.001,25.516,0.001,25.467,0.007,23.826,0.041,28.550,0.030
179007,15.000,0.000,55.142,0.002,55.152,0.002,54.978,0.002,55.012,0.002,24.234,0.001,24.232,0.000,24.228,0.001,24.228,0.001,25.595,0.001,25.865,0.001,25.410,0.001,25.411,0.001,25.516,0.001,25.467,0.007,23.804,0.040,28.563,0.030
180007,15.000,0.000,55.138,0.002,55.152,0.002,54.978,0.002,55.012,0.002,24.234,0.001,24.232,0.000,24.228,0.001,24.228,0.001,25.595,0.001,25.865,0.001,25.410,0.001,25.410,0.001,25.516,0.001,25.467,0.007,23.799,0.040,28.565,0.030
181007,15.000,0.000,55.142,0.002,55.152,0.002,54.978,0.002,55.012,0.002,24.236,0.001,24.232,0.000,24.228,0.001,24.228,0.001,25.595,0.001,25.864,0.001,25.410,0.001,25.411,0.001,25.516,0.001,25.468,0.007,23.820,0.040,28.571,0.031
182007,15.000,0.000,55.138,0.002,55.150,0.002,54.978,0.002,55.012,0.002,24.234,0.001,24.232,0.000,24.228,0.001,24.228,0.001,25.594,0.001,25.864,0.001,25.411,0.001,25.411,0.001,25.517,0.001,25.467,0.007,23.818,0.040,28.575,0.031
183007,15.000,0.000,55.140,0.002,55.152,0.002,54.978,0.002,55.012,0.002,24.234,0.001,24.232,0.000,24.228,0.001,24.228,0.001,25.595,0.001,25.864,0.001,25.408,0.001,25.411,0.001,25.517,0.001,25.468,0.007,23.825,0.039,28.574,0.031
184007,15.000,0.000,55.142,0.002,55.154,0.002,54.978,0.002,55.012,0.002,24.234,0.001,24.232,0.000,24.228,0.001,24.228,0.001,25.595,0.001,25.864,0.001,25.410,0.001,25.411,0.001,25.517,0.001,25.467,0.006,23.924,0.041,28.576,0.032
185007,15.000,0.000,55.140,0.002,55.152,0.002,54.980,0.002,55.014,0.002,24.234,0.001,24.232,0.000,24.228,0.001,24.228,0.001,25.595,0.001,25.864,0.001,25.409,0.001,25.411,0.001,25.517,0.001,25.468,0.006,23.782,0.041,28.566,0.032
186007,15.000,0.000,55.142,0.002,55.152,0.002,54.978,0.002,55.012,0.002,24.234,0.001,24.232,0.000,24.228,0.001,24.228,0.001,25.594,0.001,25.863,0.001,25.410,0.001,25.411,0.001,25.517,0.001,25.468,0.006,23.768,0.040,28.564,0.032
187007,15.000,0.000,55.142,0.002,55.150,0.002,54.980,0.002,55.014,0.002,24.234,0.001,24.232,0.000,24.228,0.001,24.228,0.001,25.595,0.001,25.864,0.001,25.409,0.001,25.410,0.001,25.517,0.001,25.467,0.006,23.765,0.040,28.555,0.032
188007,15.000,0.000,55.140,0.002,55.152,0.002,54.978,0.002,55.012,0.002,24.234,0.001,24.232,0.000,24.228,0.001,24.228,0.001,25.595,0.001,25.864,0.001,25.409,0.001,25.411,0.001,25.517,0.001,25.468,0.006,23.760,0.040,28.549,0.032
189007,15.000,0.000,55.140,0.002,55.152,0.002,54.980,0.002,55.012,0.002,24.234,0.001,24.232,0.000,24.228,0.001,24.228,0.001,25.595,0.001,25.863,0.001,25.410,0.001,25.411,0.001,25.517,0.001,25.468,0.006,23.791,0.040,28.544,0.031
190007,15.000,0.000,55.140,0.002,55.152,0.002,54.978,0.002,55.012,0.002,24.234,0.001,24.232,0.000,24.228,0.001,24.228,0.001,25.594,0.001,25.864,0.001,25.410,0.001,25.411,0.001,25.517,0.001,25.467,0.006,23.782,0.040,28.537,0.031
191007,15.000,0.000,55.138,0.002,55.154,0.002,54.978,0.002,55.012,0.002,24.236,0.001,24.232,0.000,24.228,0.001,24.228,0.001,25.595,0.001,25.864,0.001,25.410,0.001,25.412,0.001,25.517,0.001,25.469,0.006,23.735,0.040,28.533,0.031
192007,15.001,0.000,55.142,0.002,55.152,0.002,54.976,0.002,55.010,0.002,24.234,0.001,24.232,0.000,24.228,0.001,24.228,0.001,25.594,0.001,25.864,0.001,25.411,0.001,25.411,0.001,25.517,0.001,25.467,0.006,23.785,0.040,28.530,0.030
193007,15.000,0.000,55.136,0.002,55.154,0.002,54.980,0.002,55.012,0.002,24.234,0.001,24.232,0.000,24.228,0.001,24.228,0.001,25.594,0.001,25.864,0.001,25.409,0.001,25.411,0.001,25.518,0.001,25.468,0.006,23.833,0.040,28.528,0.030
194007,15.000,0.000,55.140,0.002,55.152,0.001,54.978,0.002,55.012,0.002,24.234,0.001,24.232,0.000,24.226,0.001,24.228,0.001,25.594,0.001,25.864,0.001,25.410,0.001,25.412,0.001,25.517,0.001,25.467,0.005,23.815,0.040,28.528,0.030
195007,15.000,0.000,55.138,0.002,55.154,0.001,54.978,0.002,55.012,0.002,24.234,0.001,24.232,0.000,24.228,0.001,24.228,0.001,25.596,0.001,25.864,0.001,25.410,0.001,25.411,0.001,25.518,0.001,25.468,0.005,23.784,0.040,28.532,0.030
196007,15.000,0.000,55.138,0.002,55.148,0.002,54.978,0.002,55.012,0.002,24.234,0.001,24.232,0.000,24.228,0.001,24.228,0.001,25.594,0.001,25.864,0.001,25.410,0.001,25.411,0.001,25.517,0.001,25.469,0.005,23.771,0.039,28.528,0.030
197007,15.000,0.000,55.140,0.002,55.152,0.001,54.978,0.002,55.012,0.002,24.234,0.001,24.232,0.000,24.228,0.001,24.228,0.001,25.595,0.001,25.864,0.001,25.410,0.001,25.411,0.001,25.517,0.001,25.468,0.005,23.809,0.039,28.534,0.030
198007,15.000,0.000,55.142,0.002,55.152,0.001,54.978,0.002,55.012,0.002,24.234,0.001,24.232,0.000,24.228,0.001,24.228,0.001,25.596,0.001,25.864,0.001,25.410,0.001,25.411,0.001,25.517,0.001,25.468,0.005,23.860,0.040,28.529,0.030
199008,15.000,0.000,55.142,0.002,55.152,0.001,54.978,0.002,55.012,0.002,24.234,0.001,24.232,0.000,24.228,0.001,24.228,0.001,25.595,0.001,25.863,0.001,25.410,0.001,25.412,0.001,25.516,0.001,25.467,0.005,23.890,0.041,28.529,0.030
200008,15.000,0.000,55.142,0.002,55.154,0.001,54.980,0.002,55.012,0.002,24.234,0.001,24.232,0.000,24.228,0.001,24.228,0.001,25.595,0.001,25.864,0.001,25.410,0.001,25.412,0.001,25.517,0.001,25.467,0.005,23.887,0.041,28.533,0.030
201008,15.000,0.000,55.140,0.002,55.150,0.001,54.980,0.002,55.014,0.002,24.234,0.001,24.232,0.000,24.228,0.001,24.228,0.001,25.596,0.001,25.865,0.001,25.410,0.001,25.412,0.001,25.517,0.001,25.467,0.005,23.847,0.041,28.533,0.029
202008,15.000,0.000,55.142,0.002,55.154,0.001,54.976,0.002,55.012,0.002,24.234,0.001,24.232,0.000,24.228,0.001,24.228,0.001,25.594,0.001,25.864,0.001,25.410,0.001,25.412,0.001,25.518,0.001,25.468,0.005,23.798,0.041,28.535,0.029
203008,15.000,0.000,55.136,0.002,55.154,0.001,54.980,0.002,55.012,0.002,24.234,0.001,24.232,0.000,24.228,0.001,24.228,0.001,25.596,0.001,25.864,0.001,25.411,0.001,25.411,0.001,25.517,0.001,25.467,0.005,23.732,0.042,28.530,0.029
204008,15.000,0.000,55.144,0.002,55.152,0.001,54.978,0.002,55.012,0.002,24.234,0.001,24.232,0.000,24.228,0.000,24.228,0.001,25.595,0.001,25.865,0.001,25.410,0.001,25.412,0.001,25.518,0.001,25.467,0.004,23.843,0.042,28.527,0.029
205008,15.000,0.000,55.140,0.002,55.150,0.001,54.976,0.002,55.010,0.002,24.234,0.001,24.232,0.000,24.228,0.000,24.228,0.001,25.595,0.001,25.865,0.001,25.410,0.001,25.412,0.001,25.517,0.001,25.468,0.004,23.791,0.042,28.525,0.029
206008,15.000,0.000,55.140,0.002,55.154,0.001,54.978,0.002,55.012,0.002,24.234,0.001,24.232,0.000,24.228,0.000,24.228,0.001,25.594,0.001,25.865,0.001,25.411,0.001,25.412,0.001,25.517,0.001,25.468,0.004,23.731,0.041,28.526,0.029
207008,15.000,0.000,55.138,0.002,55.152,0.001,54.980,0.002,55.012,0.002,24.234,0.001,24.232,0.000,24.228,0.000,24.228,0.001,25.595,0.001,25.865,0.001,25.411,0.001,25.412,0.001,25.518,0.001,25.469,0.004,23.777,0.041,28.526,0.029
208008,15.000,0.000,55.140,0.002,55.152,0.001,54.978,0.002,55.012,0.002,24.234,0.001,24.232,0.000,24.228,0.000,24.228,0.001,25.595,0.001,25.865,0.001,25.411,0.001,25.411,0.001,25.516,0.001,25.469,0.004,23.817,0.041,28.529,0.029
209008,15.000,0.000,55.140,0.002,55.152,0.001,54.978,0.002,55.012,0.002,24.234,0.001,24.232,0.000,24.228,0.000,24.228,0.001,25.595,0.001,25.863,0.001,25.410,0.001,25.412,0.001,25.517,0.001,25.469,0.004,23.831,0.041,28.536,0.029
210008,15.000,0.000,55.142,0.002,55.152,0.001,54.978,0.002,55.012,0.001,24.234,0.001,24.230,0.000,24.228,0.000,24.228,0.001,25.595,0.001,25.864,0.001,25.410,0.001,25.412,0.001,25.518,0.001,25.470,0.004,23.837,0.041,28.546,0.029
211008,15.000,0.000,55.138,0.002,55.156,0.001,54.978,0.002,55.012,0.001,24.236,0.001,24.230,0.000,24.228,0.000,24.228,0.001,25.595,0.001,25.864,0.001,25.411,0.001,25.412,0.001,25.517,0.001,25.470,0.004,23.785,0.041,28.553,0.029
212008,15.000,0.000,55.140,0.002,55.154,0.001,54.978,0.002,55.012,0.001,24.234,0.001,24.232,0.000,24.226,0.000,24.228,0.001,25.595,0.001,25.865,0.001,25.410,0.001,25.412,0.001,25.518,0.001,25.470,0.004,23.789,0.041,28.563,0.029
213008,15.000,0.000,55.138,0.002,55.152,0.001,54.980,0.002,55.012,0.001,24.234,0.001,24.232,0.000,24.228,0.000,24.228,0.001,25.595,0.001,25.866,0.001,25.410,0.001,25.412,0.001,25.518,0.001,25.470,0.004,23.755,0.041,28.569,0.029
214008,15.000,0.000,55.142,0.002,55.152,0.001,54.978,0.002,55.012,0.001,24.234,0.001,24.232,0.000,24.226,0.000,24.228,0.001,25.596,0.001,25.864,0.001,25.412,0.001,25.412,0.001,25.516,0.001,25.471,0.004,23.761,0.041,28.577,0.029
215008,15.000,0.000,55.140,0.002,55.156,0.001,54.978,0.002,55.012,0.001,24.234,0.001,24.232,0.000,24.228,0.000,24.228,0.001,25.596,0.001,25.865,0.001,25.410,0.001,25.412,0.001,25.517,0.001,25.471,0.003,23.817,0.041,28.582,0.030
216008,15.000,0.000,55.140,0.002,55.154,0.001,54.978,0.002,55.012,0.001,24.234,0.001,24.230,0.000,24.228,0.000,24.228,0.001,25.596,0.001,25.864,0.001,25.411,0.001,25.412,0.001,25.517,0.001,25.471,0.003,23.822,0.041,28.586,0.031
217008,15.000,0.000,55.140,0.002,55.152,0.001,54.978,0.002,55.012,0.001,24.234,0.001,24.232,0.000,24.228,0.000,24.228,0.001,25.595,0.001,25.865,0.001,25.410,0.001,25.412,0.001,25.518,0.001,25.471,0.003,23.837,0.040,28.584,0.031
218008,15.000,0.000,55.142,0.002,55.152,0.001,54.980,0.002,55.014,0.001,24.234,0.001,24.230,0.000,24.228,0.000,24.228,0.001,25.595,0.001,25.865,0.001,25.410,0.001,25.412,0.001,25.517,0.001,25.472,0.003,23.812,0.040,28.585,0.032
219008,15.000,0.000,55.140,0.002,55.154,0.001,54.978,0.002,55.012,0.001,24.234,0.001,24.232,0.000,24.228,0.000,24.228,0.001,25.596,0.001,25.865,0.001,25.411,0.001,25.412,0.001,25.518,0.001,25.472,0.003,23.793,0.040,28.582,0.032
220008,15.000,0.000,55.140,0.002,55.150,0.001,54.976,0.002,55.010,0.001,24.234,0.001,24.232,0.000,24.228,0.000,24.228,0.001,25.596,0.001,25.865,0.001,25.410,0.001,25.412,0.001,25.517,0.001,25.472,0.003,23.840,0.040,28.578,0.033
221008,15.000,0.000,55.142,0.002,55.152,0.001,54.976,0.002,55.010,0.001,24.234,0.001,24.232,0.000,24.228,0.000,24.228,0.001,25.596,0.001,25.864,0.001,25.411,0.001,25.412,0.001,25.518,0.001,25.473,0.003,23.765,0.040,28.571,0.033
222008,15.000,0.000,55.140,0.001,55.156,0.001,54.978,0.002,55.012,0.001,24.234,0.001,24.232,0.000,24.228,0.000,24.228,0.001,25.595,0.001,25.864,0.001,25.411,0.001,25.411,0.001,25.518,0.001,25.472,0.003,23.756,0.040,28.565,0.033
223008,15.000,0.000,55.140,0.001,55.152,0.001,54.980,0.002,55.012,0.001,24.234,0.001,24.232,0.000,24.228,0.000,24.228,0.001,25.596,0.001,25.865,0.001,25.411,0.001,25.413,0.001,25.518,0.001,25.473,0.003,23.809,0.040,28.558,0.033
224008,15.000,0.000,55.140,0.001,55.154,0.001,54.980,0.002,55.012,0.001,24.234,0.001,24.230,0.000,24.226,0.000,24.228,0.001,25.595,0.001,25.864,0.001,25.411,0.001,25.413,0.001,25.519,0.001,25.472,0.003,23.787,0.040,28.552,0.032
225009,15.000,0.000,55.142,0.001,55.154,0.001,54.980,0.002,55.014,0.001,24.234,0.001,24.232,0.000,24.228,0.000,24.228,0.001,25.596,0.001,25.865,0.001,25.411,0.001,25.412,0.001,25.518,0.001,25.473,0.003,23.737,0.040,28.546,0.032
226009,15.000,0.000,55.140,0.001,55.152,0.001,54.980,0.002,55.014,0.001,24.234,0.001,24.232,0.000,24.228,0.000,24.228,0.001,25.596,0.001,25.866,0.001,25.411,0.001,25.412,0.001,25.517,0.001,25.472,0.003,23.797,0.040,28.547,0.032
227009,15.000,0.000,55.136,0.002,55.150,0.001,54.978,0.002,55.010,0.001,24.234,0.001,24.232,0.000,24.228,0.000,24.228,0.001,25.597,0.001,25.864,0.001,25.411,0.001,25.413,0.001,25.518,0.001,25.471,0.003,23.821,0.040,28.543,0.032
228009,15.000,0.000,55.142,0.002,55.154,0.001,54.980,0.002,55.014,0.001,24.234,0.001,24.232,0.000,24.228,0.000,24.228,0.001,25.596,0.001,25.864,0.001,25.410,0.001,25.412,0.001,25.518,0.001,25.471,0.003,23.825,0.040,28.542,0.032
229009,15.000,0.000,55.142,0.002,55.152,0.001,54.978,0.002,55.012,0.001,24.234,0.001,24.232,0.000,24.228,0.000,24.228,0.001,25.596,0.001,25.864,0.001,25.411,0.001,25.412,0.001,25.517,0.001,25.470,0.003,23.805,0.040,28.543,0.032
230009,15.000,0.000,55.142,0.002,55.152,0.001,54.978,0.002,55.012,0.001,24.234,0.001,24.230,0.000,24.226,0.000,24.228,0.001,25.597,0.001,25.865,0.001,25.411,0.001,25.412,0.001,25.518,0.001,25.470,0.003,23.786,0.040,28.543,0.032
231009,15.000,0.000,55.142,0.002,55.154,0.001,54.980,0.002,55.014,0.001,24.234,0.001,24.232,0.000,24.228,0.000,24.228,0.001,25.596,0.001,25.865,0.001,25.411,0.001,25.413,0.001,25.518,0.001,25.470,0.003,23.848,0.040,28.542,0.032
232009,15.000,0.000,55.142,0.002,55.152,0.001,54.978,0.002,55.012,0.001,24.234,0.001,24.232,0.000,24.226,0.000,24.228,0.001,25.597,0.001,25.866,0.001,25.411,0.001,25.413,0.001,25.517,0.001,25.469,0.003,23.777,0.040,28.545,0.032
233009,15.000,0.000,55.138,0.002,55.152,0.001,54.978,0.002,55.012,0.001,24.234,0.001,24.232,0.000,24.228,0.000,24.228,0.001,25.596,0.001,25.865,0.001,25.412,0.001,25.413,0.001,25.518,0.001,25.467,0.002,23.882,0.041,28.541,0.031
234009,15.000,0.000,55.138,0.002,55.152,0.001,54.978,0.002,55.012,0.001,24.234,0.001,24.230,0.000,24.228,0.000,24.228,0.001,25.596,0.001,25.865,0.001,25.412,0.001,25.413,0.001,25.518,0.001,25.468,0.002,23.893,0.041,28.541,0.031
235009,15.000,0.000,55.138,0.002,55.150,0.001,54.980,0.002,55.014,0.001,24.234,0.001,24.230,0.001,24.228,0.000,24.228,0.001,25.596,0.001,25.865,0.001,25.412,0.001,25.413,0.001,25.518,0.001,25.468,0.002,23.893,0.041,28.541,0.031
236009,15.000,0.000,55.140,0.002,55.150,0.001,54.980,0.002,55.012,0.001,24.234,0.001,24.230,0.001,24.228,0.000,24.228,0.001,25.597,0.001,25.864,0.001,25.412,0.001,25.413,0.001,25.517,0.001,25.468,0.002,23.777,0.041,28.548,0.031
237009,15.000,0.000,55.142,0.002,55.152,0.001,54.978,0.002,55.012,0.001,24.234,0.001,24.232,0.001,24.228,0.000,24.228,0.001,25.597,0.001,25.865,0.001,25.411,0.001,25.412,0.001,25.518,0.001,25.467,0.002,23.771,0.041,28.549,0.031
238009,15.000,0.000,55.138,0.002,55.152,0.001,54.980,0.002,55.014,0.001,24.234,0.001,24.232,0.001,24.228,0.000,24.228,0.001,25.596,0.001,25.864,0.001,25.411,0.001,25.413,0.001,25.518,0.001,25.467,0.002,23.831,0.041,28.543,0.031
239009,15.000,0.000,55.140,0.002,55.150,0.001,54.980,0.002,55.012,0.001,24.234,0.001,24.230,0.001,24.228,0.000,24.228,0.001,25.598,0.001,25.864,0.001,25.412,0.001,25.413,0.001,25.518,0.001,25.467,0.002,23.839,0.041,28.542,0.030
240009,15.000,0.000,55.138,0.002,55.152,0.001,54.978,0.002,55.012,0.001,24.234,0.001,24.232,0.001,24.226,0.000,24.228,0.001,25.597,0.001,25.865,0.001,25.410,0.001,25.412,0.001,25.518,0.001,25.467,0.002,23.778,0.040,28.547,0.030
241009,15.001,0.000,55.140,0.002,55.152,0.001,54.976,0.002,55.010,0.001,24.234,0.001,24.232,0.001,24.228,0.000,24.228,0.001,25.597,0.001,25.865,0.001,25.412,0.001,25.413,0.001,25.518,0.001,25.467,0.002,23.766,0.041,28.540,0.030
242009,15.000,0.000,55.138,0.002,55.150,0.001,54.978,0.002,55.012,0.001,24.234,0.001,24.232,0.001,24.226,0.000,24.228,0.001,25.597,0.001,25.865,0.001,25.411,0.001,25.413,0.001,25.518,0.001,25.468,0.002,23.771,0.041,28.542,0.030
243009,15.001,0.000,55.140,0.002,55.150,0.001,54.978,0.002,55.012,0.001,24.234,0.001,24.230,0.001,24.228,0.000,24.228,0.001,25.597,0.001,25.865,0.001,25.412,0.001,25.413,0.001,25.518,0.001,25.467,0.002,23.823,0.041,28.544,0.030
244009,15.000,0.000,55.140,0.002,55.150,0.001,54.976,0.002,55.010,0.001,24.234,0.001,24.232,0.001,24.228,0.000,24.228,0.001,25.597,0.001,25.865,0.001,25.411,0.001,25.413,0.001,25.518,0.001,25.468,0.002,23.822,0.041,28.548,0.030
245009,15.000,0.000,55.140,0.002,55.152,0.001,54.980,0.002,55.012,0.001,24.234,0.001,24.232,0.001,24.226,0.001,24.228,0.001,25.597,0.001,25.864,0.001,25.412,0.001,25.413,0.001,25.518,0.001,25.468,0.002,23.825,0.041,28.557,0.030
246009,15.000,0.000,55.138,0.002,55.150,0.001,54.978,0.002,55.012,0.001,24.234,0.001,24.232,0.001,24.226,0.001,24.228,0.001,25.596,0.001,25.865,0.001,25.411,0.001,25.413,0.001,25.518,0.001,25.468,0.002,23.824,0.040,28.559,0.030
247009,15.000,0.000,55.140,0.002,55.148,0.002,54.978,0.002,55.012,0.001,24.234,0.001,24.230,0.001,24.226,0.001,24.228,0.001,25.596,0.001,25.866,0.001,25.412,0.001,25.414,0.001,25.518,0.001,25.468,0.002,23.789,0.040,28.570,0.030
248009,15.000,0.000,55.136,0.002,55.152,0.002,54.982,0.002,55.014,0.001,24.234,0.001,24.232,0.001,24.226,0.001,24.228,0.001,25.598,0.001,25.865,0.001,25.411,0.001,25.413,0.001,25.518,0.001,25.468,0.002,23.737,0.040,28.578,0.031
249010,15.000,0.000,55.142,0.002,55.154,0.002,54.980,0.002,55.014,0.001,24.234,0.001,24.230,0.001,24.226,0.001,24.228,0.001,25.597,0.001,25.865,0.001,25.411,0.001,25.414,0.001,25.518,0.001,25.469,0.002,23.782,0.040,28.588,0.031
250009,15.000,0.000,55.140,0.002,55.154,0.002,54.978,0.002,55.012,0.001,24.234,0.001,24.230,0.001,24.226,0.001,24.228,0.001,25.597,0.001,25.865,0.001,25.411,0.001,25.412,0.001,25.518,0.001,25.469,0.002,23.820,0.040,28.592,0.032
251010,15.000,0.000,55.140,0.002,55.152,0.002,54.976,0.002,55.010,0.001,24.234,0.001,24.232,0.001,24.226,0.001,24.228,0.001,25.597,0.001,25.864,0.001,25.411,0.001,25.413,0.001,25.518,0.001,25.469,0.002,23.813,0.040,28.599,0.033
252010,15.000,0.000,55.142,0.002,55.152,0.001,54.978,0.002,55.012,0.001,24.234,0.001,24.230,0.001,24.228,0.001,24.228,0.001,25.597,0.001,25.865,0.001,25.412,0.001,25.414,0.001,25.518,0.001,25.468,0.002,23.836,0.039,28.596,0.033
253010,15.000,0.000,55.140,0.002,55.150,0.001,54.978,0.002,55.012,0.001,24.234,0.001,24.232,0.001,24.226,0.001,24.228,0.001,25.598,0.001,25.865,0.001,25.412,0.001,25.413,0.001,25.518,0.001,25.468,0.002,23.830,0.039,28.600,0.034
254010,15.000,0.000,55.136,0.002,55.150,0.002,54.978,0.002,55.012,0.001,24.234,0.001,24.232,0.001,24.228,0.001,24.228,0.001,25.597,0.001,25.866,0.001,25.411,0.001,25.413,0.001,25.519,0.001,25.469,0.002,23.835,0.039,28.594,0.035
255010,15.000,0.000,55.142,0.002,55.152,0.002,54.978,0.002,55.012,0.001,24.234,0.001,24.230,0.001,24.228,0.001,24.228,0.001,25.598,0.001,25.865,0.001,25.412,0.001,25.413,0.001,25.518,0.001,25.469,0.002,23.837,0.039,28.591,0.035
256010,15.000,0.000,55.138,0.002,55.152,0.002,54.978,0.002,55.012,0.001,24.234,0.001,24.230,0.001,24.226,0.001,24.228,0.001,25.597,0.001,25.864,0.001,25.412,0.001,25.413,0.001,25.519,0.001,25.468,0.002,23.837,0.039,28.585,0.035
257010,15.000,0.000,55.138,0.002,55.150,0.002,54.980,0.002,55.012,0.001,24.234,0.001,24.230,0.001,24.228,0.001,24.228,0.001,25.596,0.001,25.865,0.001,25.412,0.001,25.414,0.001,25.519,0.001,25.469,0.002,23.829,0.039,28.573,0.035
258010,15.000,0.000,55.138,0.002,55.150,0.002,54.978,0.002,55.012,0.001,24.234,0.001,24.232,0.001,24.228,0.001,24.228,0.001,25.597,0.001,25.866,0.001,25.412,0.001,25.414,0.001,25.519,0.001,25.468,0.002,23.828,0.039,28.574,0.035
259010,15.000,0.000,55.138,0.002,55.152,0.002,54.978,0.001,55.012,0.001,24.234,0.001,24.230,0.001,24.228,0.001,24.228,0.001,25.597,0.001,25.865,0.001,25.412,0.001,25.413,0.001,25.518,0.001,25.469,0.002,23.838,0.039,28.562,0.035
260010,15.000,0.000,55.140,0.002,55.152,0.002,54.978,0.001,55.010,0.001,24.234,0.001,24.232,0.001,24.226,0.001,24.228,0.001,25.597,0.001,25.865,0.001,25.411,0.001,25.414,0.001,25.518,0.001,25.468,0.002,23.827,0.039,28.558,0.034
261010,14.999,0.000,55.138,0.002,55.152,0.002,54.980,0.001,55.012,0.001,24.234,0.001,24.232,0.001,24.228,0.001,24.228,0.001,25.597,0.001,25.864,0.001,25.412,0.001,25.413,0.001,25.517,0.001,25.468,0.001,23.843,0.039,28.552,0.034
262010,15.000,0.000,55.140,0.002,55.150,0.002,54.980,0.001,55.014,0.001,24.234,0.001,24.232,0.001,24.228,0.001,24.228,0.001,25.597,0.001,25.865,0.001,25.412,0.001,25.414,0.001,25.519,0.001,25.467,0.001,23.837,0.039,28.551,0.034
263010,15.000,0.000,55.138,0.002,55.150,0.002,54.980,0.001,55.012,0.001,24.234,0.001,24.230,0.001,24.228,0.001,24.228,0.001,25.599,0.001,25.864,0.001,25.411,0.001,25.414,0.001,25.518,0.001,25.467,0.001,23.837,0.039,28.548,0.034
264010,15.000,0.000,55.138,0.002,55.150,0.002,54.976,0.001,55.010,0.001,24.234,0.001,24.232,0.001,24.226,0.001,24.228,0.001,25.598,0.001,25.864,0.001,25.412,0.001,25.414,0.001,25.518,0.001,25.467,0.001,23.832,0.039,28.546,0.034
265010,14.999,0.000,55.138,0.002,55.152,0.002,54.980,0.001,55.012,0.001,24.234,0.001,24.232,0.001,24.228,0.001,24.228,0.001,25.598,0.001,25.866,0.001,25.412,0.001,25.414,0.001,25.518,0.001,25.466,0.001,23.842,0.040,28.543,0.034
266010,15.000,0.000,55.140,0.002,55.152,0.002,54.980,0.001,55.012,0.001,24.234,0.001,24.230,0.001,24.226,0.001,24.228,0.001,25.597,0.001,25.866,0.001,25.412,0.001,25.415,0.001,25.519,0.001,25.466,0.002,23.841,0.039,28.544,0.034
267010,15.000,0.000,55.138,0.002,55.150,0.002,54.980,0.001,55.012,0.001,24.234,0.001,24.232,0.001,24.226,0.001,24.228,0.001,25.597,0.001,25.865,0.001,25.413,0.001,25.414,0.001,25.518,0.001,25.465,0.002,23.838,0.040,28.541,0.034
268010,15.000,0.000,55.140,0.002,55.152,0.002,54.978,0.001,55.010,0.001,24.234,0.000,24.232,0.001,24.228,0.001,24.228,0.001,25.598,0.001,25.865,0.001,25.412,0.001,25.414,0.001,25.519,0.001,25.465,0.002,23.835,0.040,28.537,0.034
269010,15.000,0.000,55.138,0.002,55.152,0.002,54.978,0.001,55.012,0.001,24.234,0.000,24.230,0.001,24.226,0.001,24.228,0.001,25.599,0.001,25.865,0.001,25.412,0.001,25.413,0.001,25.519,0.001,25.464,0.002,23.831,0.040,28.534,0.034
270010,15.000,0.000,55.136,0.002,55.150,0.002,54.978,0.001,55.012,0.001,24.234,0.000,24.230,0.001,24.228,0.001,24.228,0.001,25.599,0.001,25.865,0.001,25.412,0.001,25.414,0.001,25.519,0.001,25.464,0.002,23.837,0.040,28.528,0.034
271010,15.000,0.000,55.136,0.002,55.150,0.002,54.978,0.001,55.012,0.001,24.234,0.000,24.230,0.001,24.228,0.001,24.228,0.001,25.598,0.001,25.866,0.001,25.412,0.001,25.414,0.001,25.519,0.001,25.464,0.002,23.838,0.040,28.523,0.034
272010,15.000,0.000,55.140,0.002,55.152,0.002,54.976,0.001,55.010,0.001,24.234,0.000,24.230,0.001,24.226,0.001,24.228,0.001,25.598,0.001,25.865,0.001,25.412,0.001,25.414,0.001,25.519,0.001,25.464,0.002,23.850,0.040,28.523,0.034
273010,15.000,0.000,55.138,0.002,55.150,0.002,54.980,0.001,55.014,0.001,24.234,0.000,24.232,0.001,24.228,0.001,24.228,0.001,25.598,0.001,25.866,0.001,25.412,0.001,25.414,0.001,25.519,0.001,25.465,0.002,23.827,0.039,28.522,0.034
274011,15.000,0.000,55.138,0.002,55.148,0.002,54.976,0.001,55.010,0.001,24.234,0.000,24.232,0.001,24.228,0.001,24.228,0.001,25.598,0.001,25.866,0.001,25.413,0.001,25.414,0.001,25.519,0.001,25.464,0.002,23.777,0.039,28.515,0.034
275010,15.000,0.000,55.138,0.002,55.150,0.002,54.978,0.001,55.010,0.001,24.234,0.000,24.232,0.001,24.226,0.001,24.228,0.001,25.598,0.001,25.866,0.001,25.412,0.001,25.414,0.001,25.520,0.001,25.465,0.002,23.770,0.039,28.513,0.035
276011,15.000,0.000,55.140,0.002,55.150,0.002,54.980,0.001,55.012,0.001,24.234,0.000,24.230,0.001,24.226,0.001,24.228,0.001,25.597,0.001,25.866,0.001,25.413,0.001,25.415,0.001,25.519,0.001,25.465,0.002,23.777,0.039,28.508,0.035
277011,15.001,0.000,55.134,0.002,55.150,0.002,54.978,0.001,55.010,0.001,24.234,0.000,24.230,0.001,24.226,0.001,24.228,0.000,25.598,0.001,25.866,0.001,25.412,0.001,25.414,0.001,25.520,0.001,25.465,0.002,23.738,0.039,28.507,0.035
278011,15.001,0.000,55.138,0.002,55.152,0.002,54.980,0.001,55.012,0.001,24.234,0.000,24.230,0.001,24.226,0.001,24.228,0.000,25.598,0.001,25.868,0.001,25.413,0.001,25.414,0.001,25.519,0.001,25.466,0.002,23.802,0.039,28.508,0.036
279011,15.001,0.000,55.138,0.002,55.150,0.002,54.980,0.001,55.012,0.001,24.234,0.000,24.230,0.001,24.226,0.001,24.228,0.000,25.599,0.001,25.866,0.001,25.413,0.001,25.413,0.001,25.519,0.001,25.467,0.002,23.825,0.039,28.503,0.036
280011,15.001,0.000,55.138,0.002,55.152,0.002,54.978,0.001,55.012,0.001,24.234,0.000,24.230,0.001,24.226,0.001,24.228,0.000,25.598,0.001,25.867,0.001,25.413,0.001,25.415,0.001,25.519,0.001,25.465,0.002,23.832,0.039,28.507,0.036
281011,15.000,0.000,55.138,0.002,55.150,0.002,54.980,0.001,55.012,0.001,24.234,0.000,24.230,0.001,24.226,0.001,24.228,0.000,25.598,0.001,25.867,0.001,25.413,0.001,25.414,0.001,25.519,0.001,25.466,0.002,23.809,0.039,28.504,0.037
282011,15.000,0.000,55.136,0.002,55.152,0.002,54.978,0.001,55.010,0.001,24.234,0.000,24.232,0.001,24.226,0.001,24.228,0.000,25.599,0.001,25.867,0.001,25.413,0.001,25.414,0.001,25.519,0.001,25.466,0.002,23.783,0.039,28.503,0.037
283011,15.000,0.000,55.142,0.002,55.148,0.002,54.978,0.001,55.012,0.001,24.234,0.000,24.232,0.001,24.226,0.001,24.228,0.000,25.598,0.001,25.867,0.001,25.413,0.001,25.414,0.001,25.519,0.001,25.466,0.002,23.746,0.039,28.506,0.037
284011,15.000,0.000,55.138,0.002,55.150,0.002,54.976,0.001,55.010,0.001,24.234,0.000,24.230,0.001,24.228,0.001,24.228,0.000,25.598,0.001,25.867,0.001,25.413,0.001,25.415,0.001,25.519,0.001,25.466,0.002,23.804,0.039,28.508,0.038
285011,15.000,0.000,55.138,0.002,55.150,0.002,54.978,0.001,55.012,0.001,24.234,0.000,24.232,0.001,24.228,0.001,24.228,0.000,25.598,0.001,25.867,0.001,25.414,0.001,25.415,0.001,25.519,0.001,25.466,0.002,23.831,0.038,28.509,0.038
286011,15.000,0.000,55.140,0.002,55.152,0.002,54.980,0.001,55.012,0.001,24.234,0.000,24.232,0.001,24.226,0.001,24.228,0.000,25.600,0.001,25.867,0.001,25.413,0.001,25.414,0.001,25.519,0.001,25.467,0.002,23.896,0.038,28.508,0.038
287011,15.000,0.000,55.138,0.002,55.150,0.002,54.980,0.001,55.012,0.001,24.234,0.000,24.230,0.001,24.226,0.001,24.228,0.000,25.598,0.001,25.868,0.001,25.414,0.001,25.415,0.001,25.519,0.001,25.466,0.002,23.897,0.038,28.511,0.038
288011,14.999,0.000,55.138,0.002,55.150,0.002,54.978,0.001,55.012,0.001,24.234,0.000,24.232,0.001,24.228,0.001,24.228,0.000,25.598,0.001,25.868,0.001,25.413,0.001,25.414,0.001,25.519,0.001,25.466,0.002,23.895,0.038,28.514,0.039
289011,15.000,0.000,55.136,0.002,55.150,0.002,54.976,0.001,55.010,0.001,24.234,0.000,24.230,0.001,24.226,0.001,24.228,0.000,25.599,0.001,25.868,0.001,25.414,0.001,25.415,0.001,25.519,0.001,25.466,0.002,23.778,0.039,28.516,0.039
290011,14.999,0.000,55.136,0.002,55.150,0.002,54.978,0.001,55.010,0.001,24.234,0.000,24.230,0.001,24.226,0.001,24.228,0.000,25.599,0.001,25.869,0.001,25.413,0.001,25.415,0.001,25.519,0.001,25.465,0.002,23.848,0.039,28.518,0.039
291011,15.000,0.000,55.136,0.002,55.152,0.002,54.978,0.001,55.010,0.001,24.234,0.000,24.230,0.001,24.226,0.001,24.228,0.000,25.599,0.001,25.869,0.001,25.412,0.001,25.415,0.001,25.518,0.001,25.466,0.002,23.787,0.039,28.523,0.039
292011,15.000,0.000,55.138,0.002,55.150,0.002,54.978,0.001,55.010,0.001,24.234,0.000,24.232,0.001,24.226,0.001,24.228,0.000,25.598,0.001,25.870,0.001,25.414,0.001,25.415,0.001,25.520,0.001,25.466,0.002,23.783,0.038,28.521,0.039
293011,15.000,0.000,55.138,0.002,55.148,0.002,54.978,0.001,55.010,0.001,24.234,0.000,24.232,0.001,24.226,0.001,24.228,0.000,25.600,0.001,25.869,0.001,25.414,0.001,25.415,0.001,25.519,0.001,25.465,0.002,23.766,0.038,28.519,0.039
294011,15.000,0.000,55.136,0.002,55.152,0.002,54.976,0.001,55.010,0.001,24.234,0.000,24.230,0.001,24.226,0.001,24.228,0.000,25.599,0.001,25.870,0.001,25.413,0.001,25.415,0.001,25.519,0.001,25.465,0.002,23.780,0.038,28.520,0.039
295011,15.000,0.000,55.140,0.002,55.150,0.002,54.978,0.001,55.012,0.001,24.234,0.000,24.230,0.001,24.226,0.001,24.228,0.000,25.598,0.001,25.870,0.001,25.413,0.001,25.415,0.001,25.520,0.001,25.465,0.002,23.827,0.038,28.527,0.039
296011,15.000,0.000,55.140,0.002,55.150,0.002,54.978,0.001,55.012,0.001,24.234,0.000,24.232,0.001,24.228,0.001,24.228,0.000,25.599,0.001,25.870,0.001,25.414,0.001,25.414,0.001,25.519,0.001,25.465,0.002,23.825,0.038,28.535,0.038
297011,14.999,0.000,55.136,0.002,55.150,0.002,54.976,0.001,55.010,0.001,24.234,0.000,24.232,0.001,24.228,0.001,24.228,0.000,25.599,0.001,25.870,0.002,25.414,0.001,25.414,0.001,25.521,0.001,25.465,0.002,23.848,0.038,28.541,0.038
298011,15.000,0.000,55.138,0.002,55.150,0.002,54.978,0.001,55.012,0.001,24.234,0.000,24.230,0.001,24.226,0.001,24.228,0.000,25.599,0.001,25.870,0.002,25.413,0.001,25.414,0.001,25.519,0.001,25.464,0.002,23.792,0.038,28.556,0.038
299011,15.000,0.000,55.138,0.002,55.150,0.002,54.976,0.001,55.010,0.001,24.234,0.000,24.230,0.001,24.228,0.001,24.228,0.000,25.599,0.001,25.871,0.002,25.414,0.001,25.415,0.001,25.521,0.001,25.464,0.002,23.765,0.038,28.568,0.039
300011,15.000,0.000,55.134,0.002,55.152,0.002,54.978,0.001,55.012,0.001,24.234,0.000,24.230,0.001,24.226,0.001,24.228,0.000,25.600,0.001,25.872,0.002,25.414,0.001,25.414,0.001,25.519,0.001,25.464,0.002,23.770,0.039,28.575,0.039
301012,15.000,0.000,55.138,0.002,55.150,0.002,54.976,0.001,55.010,0.001,24.234,0.000,24.230,0.001,24.226,0.001,24.228,0.000,25.598,0.001,25.870,0.002,25.414,0.001,25.415,0.001,25.520,0.001,25.463,0.002,23.780,0.039,28.585,0.039
302012,15.000,0.000,55.134,0.002,55.150,0.002,54.978,0.001,55.012,0.001,24.234,0.000,24.230,0.001,24.226,0.001,24.228,0.000,25.599,0.001,25.871,0.002,25.413,0.001,25.414,0.001,25.519,0.001,25.463,0.002,23.818,0.039,28.590,0.039
303012,15.000,0.000,55.136,0.002,55.150,0.002,54.978,0.001,55.010,0.001,24.234,0.000,24.230,0.001,24.226,0.001,24.228,0.000,25.599,0.001,25.871,0.002,25.414,0.001,25.415,0.001,25.520,0.001,25.462,0.002,23.833,0.039,28.598,0.040
304012,15.001,0.000,55.138,0.002,55.150,0.002,54.978,0.001,55.010,0.001,24.234,0.000,24.230,0.001,24.226,0.001,24.228,0.000,25.599,0.001,25.870,0.002,25.414,0.001,25.415,0.001,25.520,0.001,25.462,0.002,23.846,0.039,28.603,0.041
305012,15.001,0.000,55.136,0.002,55.152,0.002,54.978,0.001,55.010,0.001,24.234,0.000,24.232,0.001,24.226,0.001,24.228,0.000,25.599,0.001,25.872,0.002,25.413,0.001,25.415,0.001,25.520,0.001,25.461,0.002,23.851,0.038,28.607,0.041
306012,15.000,0.000,55.134,0.002,55.150,0.002,54.976,0.001,55.010,0.001,24.234,0.000,24.230,0.001,24.226,0.001,24.228,0.000,25.600,0.001,25.873,0.002,25.414,0.001,25.415,0.001,25.520,0.001,25.462,0.002,23.765,0.038,28.605,0.042
307012,14.999,0.000,55.136,0.002,55.148,0.002,54.976,0.001,55.010,0.001,24.234,0.000,24.230,0.001,24.226,0.001,24.228,0.000,25.600,0.001,25.873,0.002,25.414,0.001,25.415,0.001,25.520,0.001,25.462,0.002,23.765,0.038,28.605,0.042
308012,14.999,0.000,55.136,0.002,55.150,0.002,54.976,0.001,55.010,0.001,24.234,0.000,24.230,0.001,24.226,0.001,24.228,0.000,25.599,0.001,25.873,0.002,25.413,0.001,25.414,0.001,25.520,0.001,25.461,0.003,23.843,0.038,28.606,0.043
309012,15.000,0.000,55.136,0.002,55.150,0.002,54.976,0.001,55.010,0.001,24.234,0.000,24.230,0.001,24.228,0.001,24.228,0.000,25.599,0.001,25.872,0.002,25.414,0.001,25.416,0.001,25.521,0.001,25.461,0.003,23.774,0.038,28.599,0.043
310012,15.000,0.000,55.136,0.002,55.148,0.002,54.978,0.001,55.010,0.001,24.234,0.000,24.230,0.001,24.226,0.001,24.228,0.000,25.601,0.002,25.872,0.002,25.414,0.001,25.415,0.001,25.520,0.001,25.460,0.003,23.776,0.037,28.596,0.044
311012,15.000,0.000,55.136,0.002,55.150,0.002,54.976,0.001,55.010,0.001,24.234,0.000,24.230,0.001,24.226,0.001,24.228,0.000,25.599,0.002,25.872,0.002,25.413,0.001,25.415,0.001,25.520,0.001,25.459,0.003,23.841,0.038,28.595,0.045
312012,15.000,0.000,55.138,0.002,55.150,0.002,54.978,0.001,55.010,0.001,24.234,0.000,24.230,0.001,24.226,0.001,24.228,0.000,25.599,0.001,25.872,0.002,25.414,0.001,25.415,0.001,25.520,0.001,25.459,0.003,23.781,0.038,28.585,0.045
313012,15.000,0.000,55.134,0.002,55.148,0.002,54.976,0.001,55.010,0.001,24.234,0.000,24.230,0.001,24.226,0.001,24.228,0.000,25.600,0.002,25.873,0.003,25.414,0.001,25.416,0.001,25.520,0.001,25.458,0.003,23.738,0.037,28.579,0.045
314012,15.000,0.000,55.138,0.002,55.150,0.002,54.980,0.001,55.012,0.001,24.234,0.000,24.230,0.001,24.228,0.001,24.228,0.000,25.600,0.002,25.873,0.003,25.413,0.001,25.415,0.001,25.520,0.001,25.458,0.003,23.799,0.037,28.577,0.045
315012,15.000,0.000,55.138,0.002,55.150,0.002,54.976,0.001,55.010,0.001,24.234,0.000,24.230,0.001,24.226,0.001,24.228,0.000,25.599,0.002,25.873,0.003,25.414,0.001,25.415,0.001,25.520,0.001,25.458,0.003,23.744,0.038,28.577,0.045
316012,15.000,0.000,55.138,0.002,55.150,0.002,54.974,0.001,55.008,0.001,24.234,0.000,24.230,0.001,24.226,0.001,24.228,0.000,25.601,0.002,25.873,0.003,25.415,0.001,25.416,0.001,25.520,0.001,25.457,0.003,23.761,0.038,28.574,0.045
317012,15.000,0.000,55.136,0.002,55.148,0.002,54.976,0.001,55.010,0.001,24.234,0.000,24.230,0.001,24.226,0.001,24.228,0.000,25.600,0.002,25.872,0.003,25.413,0.001,25.415,0.001,25.520,0.001,25.457,0.003,23.803,0.038,28.572,0.045
318012,15.000,0.000,55.136,0.002,55.150,0.002,54.976,0.001,55.010,0.001,24.234,0.000,24.230,0.001,24.226,0.001,24.228,0.000,25.600,0.002,25.874,0.003,25.413,0.001,25.415,0.001,25.521,0.001,25.457,0.004,23.823,0.038,28.570,0.045
319012,15.000,0.000,55.136,0.002,55.148,0.002,54.976,0.001,55.008,0.001,24.234,0.000,24.230,0.001,24.226,0.001,24.228,0.000,25.600,0.002,25.874,0.003,25.414,0.001,25.416,0.001,25.521,0.001,25.457,0.004,23.859,0.038,28.571,0.045
320012,15.000,0.000,55.136,0.002,55.148,0.002,54.978,0.001,55.010,0.001,24.234,0.000,24.230,0.001,24.226,0.001,24.228,0.000,25.599,0.002,25.874,0.003,25.414,0.001,25.415,0.001,25.521,0.001,25.457,0.004,23.743,0.038,28.574,0.045
321012,15.000,0.000,55.138,0.002,55.148,0.002,54.974,0.002,55.008,0.001,24.234,0.000,24.232,0.001,24.228,0.001,24.228,0.000,25.600,0.002,25.873,0.003,25.414,0.001,25.415,0.001,25.520,0.001,25.457,0.004,23.773,0.038,28.573,0.045
322012,15.000,0.000,55.136,0.002,55.148,0.002,54.976,0.002,55.010,0.001,24.234,0.000,24.230,0.001,24.226,0.001,24.228,0.000,25.600,0.002,25.873,0.003,25.414,0.001,25.415,0.001,25.521,0.001,25.457,0.004,23.879,0.038,28.569,0.045
323012,15.000,0.000,55.136,0.002,55.146,0.002,54.978,0.002,55.010,0.001,24.234,0.000,24.230,0.001,24.228,0.001,24.228,0.000,25.599,0.002,25.873,0.003,25.414,0.001,25.415,0.001,25.520,0.001,25.456,0.004,23.882,0.038,28.574,0.045
324012,15.000,0.000,55.136,0.002,55.148,0.002,54.978,0.002,55.010,0.001,24.234,0.000,24.230,0.001,24.228,0.001,24.228,0.000,25.599,0.002,25.873,0.003,25.414,0.001,25.415,0.001,25.519,0.001,25.457,0.004,23.730,0.039,28.571,0.045
325012,15.000,0.000,55.134,0.002,55.146,0.002,54.976,0.002,55.010,0.001,24.234,0.000,24.230,0.001,24.226,0.001,24.228,0.000,25.600,0.002,25.874,0.003,25.414,0.001,25.415,0.001,25.520,0.001,25.456,0.004,23.775,0.038,28.571,0.045
326013,15.000,0.000,55.138,0.002,55.148,0.002,54.978,0.002,55.010,0.001,24.234,0.000,24.230,0.001,24.228,0.001,24.228,0.000,25.600,0.002,25.874,0.003,25.414,0.001,25.415,0.001,25.520,0.001,25.456,0.004,23.816,0.038,28.573,0.045
327012,15.000,0.000,55.134,0.002,55.150,0.002,54.976,0.002,55.008,0.001,24.234,0.000,24.232,0.001,24.226,0.001,24.228,0.000,25.600,0.002,25.873,0.003,25.413,0.001,25.415,0.001,25.521,0.001,25.458,0.004,23.805,0.038,28.570,0.045
328012,15.000,0.000,55.136,0.002,55.150,0.002,54.978,0.002,55.010,0.001,24.234,0.000,24.230,0.001,24.226,0.001,24.228,0.000,25.600,0.002,25.875,0.003,25.415,0.001,25.416,0.001,25.521,0.001,25.458,0.004,23.734,0.038,28.570,0.045
329013,15.000,0.000,55.134,0.002,55.146,0.002,54.978,0.002,55.010,0.001,24.234,0.000,24.232,0.001,24.226,0.001,24.228,0.000,25.601,0.002,25.874,0.003,25.415,0.001,25.416,0.001,25.521,0.001,25.457,0.005,23.764,0.038,28.570,0.045
330013,15.001,0.000,55.136,0.002,55.148,0.002,54.974,0.002,55.008,0.001,24.232,0.000,24.230,0.001,24.228,0.001,24.228,0.000,25.600,0.002,25.874,0.003,25.414,0.001,25.416,0.001,25.520,0.001,25.457,0.005,23.829,0.038,28.574,0.045
331013,15.000,0.000,55.136,0.002,55.148,0.002,54.978,0.002,55.010,0.001,24.234,0.000,24.232,0.001,24.226,0.001,24.228,0.000,25.601,0.002,25.874,0.003,25.415,0.001,25.416,0.001,25.520,0.001,25.456,0.005,23.817,0.038,28.575,0.045
332013,15.000,0.000,55.134,0.002,55.146,0.002,54.978,0.002,55.010,0.001,24.234,0.000,24.230,0.001,24.228,0.001,24.228,0.000,25.600,0.002,25.875,0.004,25.414,0.001,25.416,0.001,25.520,0.001,25.456,0.005,23.853,0.038,28.578,0.045
333013,15.000,0.000,55.136,0.002,55.148,0.002,54.978,0.002,55.012,0.001,24.234,0.000,24.230,0.001,24.226,0.001,24.228,0.000,25.600,0.002,25.875,0.004,25.415,0.001,25.416,0.001,25.521,0.001,25.455,0.005,23.790,0.038,28.590,0.045
334013,15.000,0.000,55.134,0.002,55.150,0.002,54.978,0.002,55.010,0.001,24.234,0.000,24.230,0.001,24.226,0.001,24.228,0.000,25.600,0.001,25.874,0.004,25.414,0.001,25.417,0.001,25.521,0.001,25.453,0.005,23.745,0.039,28.599,0.045
335013,15.000,0.000,55.136,0.002,55.148,0.002,54.974,0.002,55.008,0.001,24.234,0.000,24.232,0.001,24.226,0.001,24.228,0.000,25.601,0.001,25.876,0.004,25.415,0.001,25.416,0.001,25.521,0.001,25.453,0.005,23.780,0.038,28.608,0.046
336013,15.000,0.000,55.136,0.002,55.150,0.002,54.978,0.002,55.010,0.001,24.234,0.000,24.230,0.001,24.226,0.001,24.228,0.000,25.602,0.002,25.876,0.004,25.415,0.001,25.417,0.001,25.520,0.001,25.451,0.005,23.789,0.038,28.620,0.047
337013,15.000,0.000,55.134,0.002,55.146,0.002,54.976,0.002,55.008,0.001,24.234,0.000,24.230,0.001,24.226,0.001,24.228,0.000,25.601,0.002,25.875,0.004,25.415,0.001,25.416,0.001,25.521,0.001,25.450,0.005,23.746,0.039,28.629,0.048
338013,15.000,0.000,55.134,0.002,55.148,0.002,54.976,0.002,55.010,0.001,24.234,0.000,24.230,0.001,24.226,0.001,24.228,0.000,25.601,0.002,25.874,0.004,25.415,0.001,25.416,0.001,25.521,0.001,25.448,0.005,23.821,0.039,28.630,0.049
339013,15.000,0.000,55.136,0.002,55.148,0.002,54.976,0.002,55.008,0.001,24.234,0.000,24.230,0.001,24.226,0.001,24.228,0.000,25.600,0.002,25.876,0.004,25.414,0.001,25.416,0.001,25.521,0.001,25.447,0.006,23.819,0.039,28.638,0.050
340013,15.000,0.000,55.136,0.002,55.146,0.002,54.976,0.002,55.008,0.002,24.234,0.000,24.230,0.001,24.226,0.001,24.228,0.000,25.601,0.002,25.876,0.004,25.415,0.001,25.416,0.001,25.522,0.001,25.446,0.006,23.829,0.039,28.636,0.051
341013,14.999,0.000,55.134,0.002,55.148,0.002,54.976,0.002,55.010,0.002,24.234,0.000,24.230,0.001,24.226,0.001,24.228,0.000,25.601,0.002,25.876,0.004,25.415,0.001,25.416,0.001,25.521,0.001,25.446,0.006,23.825,0.039,28.637,0.052
342013,15.000,0.000,55.132,0.002,55.148,0.002,54.976,0.002,55.008,0.002,24.234,0.000,24.230,0.001,24.228,0.001,24.228,0.000,25.601,0.002,25.875,0.004,25.416,0.001,25.416,0.001,25.520,0.001,25.445,0.006,23.763,0.039,28.635,0.053
343013,15.000,0.000,55.136,0.002,55.148,0.002,54.976,0.002,55.010,0.002,24.234,0.000,24.230,0.001,24.226,0.001,24.228,0.000,25.601,0.002,25.877,0.004,25.415,0.001,25.416,0.001,25.521,0.001,25.445,0.006,23.725,0.039,28.632,0.054
344013,15.000,0.000,55.136,0.002,55.148,0.002,54.976,0.002,55.010,0.002,24.234,0.000,24.230,0.001,24.226,0.001,24.228,0.000,25.602,0.002,25.875,0.004,25.415,0.001,25.416,0.001,25.521,0.001,25.444,0.007,23.760,0.039,28.624,0.055
345013,15.000,0.000,55.134,0.002,55.148,0.002,54.974,0.002,55.008,0.002,24.234,0.000,24.232,0.001,24.226,0.001,24.228,0.000,25.601,0.002,25.876,0.004,25.415,0.001,25.416,0.001,25.521,0.001,25.444,0.007,23.759,0.039,28.616,0.055
346013,15.000,0.000,55.136,0.002,55.150,0.002,54.976,0.002,55.010,0.002,24.234,0.000,24.230,0.001,24.226,0.001,24.228,0.000,25.601,0.002,25.876,0.004,25.416,0.001,25.417,0.001,25.521,0.001,25.445,0.007,23.778,0.039,28.612,0.056
347013,15.000,0.000,55.134,0.002,55.148,0.002,54.978,0.002,55.010,0.002,24.234,0.000,24.230,0.001,24.226,0.001,24.228,0.000,25.600,0.002,25.875,0.004,25.415,0.001,25.417,0.001,25.521,0.001,25.444,0.007,23.840,0.039,28.602,0.056
348013,15.000,0.000,55.134,0.002,55.148,0.002,54.976,0.002,55.010,0.001,24.234,0.000,24.230,0.001,24.226,0.001,24.228,0.000,25.602,0.002,25.874,0.004,25.416,0.001,25.417,0.001,25.521,0.001,25.444,0.007,23.825,0.039,28.600,0.056
349013,15.000,0.000,55.136,0.002,55.148,0.002,54.974,0.002,55.008,0.002,24.234,0.000,24.230,0.001,24.228,0.001,24.228,0.000,25.601,0.002,25.874,0.004,25.415,0.001,25.417,0.001,25.521,0.001,25.444,0.007,23.770,0.039,28.597,0.057
350013,15.000,0.000,55.134,0.002,55.146,0.002,54.978,0.002,55.010,0.001,24.234,0.000,24.230,0.001,24.226,0.001,24.228,0.000,25.601,0.002,25.876,0.004,25.415,0.001,25.416,0.001,25.521,0.001,25.445,0.007,23.745,0.040,28.595,0.057
351013,15.000,0.000,55.134,0.002,55.148,0.002,54.976,0.002,55.008,0.002,24.234,0.000,24.230,0.001,24.226,0.001,24.228,0.000,25.601,0.002,25.876,0.004,25.415,0.001,25.417,0.001,25.521,0.001,25.445,0.007,23.787,0.040,28.593,0.057
352014,15.000,0.000,55.134,0.002,55.148,0.002,54.974,0.002,55.008,0.002,24.234,0.000,24.230,0.001,24.226,0.001,24.228,0.000,25.602,0.002,25.875,0.004,25.416,0.001,25.417,0.001,25.521,0.001,25.445,0.008,23.785,0.040,28.592,0.057
353014,15.001,0.000,55.134,0.002,55.146,0.002,54.978,0.002,55.010,0.002,24.234,0.000,24.230,0.001,24.226,0.001,24.228,0.000,25.602,0.002,25.876,0.004,25.416,0.001,25.416,0.001,25.522,0.001,25.445,0.008,23.836,0.040,28.593,0.057
354014,15.001,0.000,55.134,0.002,55.146,0.002,54.976,0.002,55.008,0.002,24.234,0.000,24.230,0.001,24.226,0.001,24.228,0.000,25.601,0.002,25.875,0.004,25.416,0.001,25.416,0.001,25.521,0.001,25.446,0.008,23.837,0.040,28.596,0.057
355014,15.000,0.000,55.136,0.002,55.146,0.002,54.976,0.002,55.008,0.002,24.234,0.000,24.230,0.001,24.226,0.001,24.228,0.000,25.602,0.002,25.876,0.004,25.415,0.001,25.417,0.001,25.521,0.001,25.446,0.008,23.759,0.039,28.596,0.057
356014,15.000,0.000,55.134,0.002,55.146,0.002,54.974,0.002,55.008,0.002,24.234,0.000,24.230,0.001,24.226,0.001,24.228,0.000,25.601,0.002,25.874,0.004,25.415,0.001,25.417,0.001,25.521,0.001,25.445,0.008,23.885,0.039,28.596,0.057
357014,15.000,0.000,55.132,0.002,55.146,0.002,54.976,0.002,55.008,0.002,24.234,0.000,24.230,0.001,24.226,0.001,24.228,0.000,25.602,0.002,25.875,0.004,25.415,0.001,25.416,0.001,25.521,0.001,25.445,0.008,23.893,0.040,28.597,0.057
358014,15.000,0.000,55.132,0.002,55.146,0.002,54.976,0.002,55.008,0.002,24.234,0.000,24.230,0.001,24.226,0.001,24.228,0.000,25.602,0.002,25.876,0.004,25.415,0.001,25.417,0.001,25.521,0.001,25.446,0.008,23.762,0.040,28.600,0.057
359014,15.000,0.000,55.134,0.002,55.146,0.002,54.976,0.002,55.008,0.002,24.234,0.000,24.232,0.001,24.226,0.001,24.228,0.000,25.601,0.002,25.875,0.004,25.415,0.001,25.417,0.001,25.522,0.001,25.445,0.008,23.773,0.040,28.598,0.057
360014,15.000,0.000,55.134,0.002,55.146,0.002,54.976,0.002,55.008,0.002,24.234,0.000,24.230,0.001,24.226,0.001,24.228,0.000,25.602,0.002,25.876,0.004,25.415,0.001,25.416,0.001,25.522,0.001,25.445,0.008,23.836,0.040,28.597,0.057
361014,15.000,0.000,55.134,0.002,55.148,0.002,54.976,0.002,55.008,0.002,24.234,0.000,24.230,0.001,24.226,0.001,24.228,0.000,25.601,0.002,25.876,0.004,25.416,0.001,25.417,0.001,25.522,0.001,25.445,0.008,23.781,0.040,28.594,0.057
362014,15.000,0.000,55.132,0.002,55.148,0.002,54.972,0.002,55.006,0.002,24.234,0.000,24.230,0.001,24.226,0.001,24.228,0.000,25.601,0.002,25.877,0.004,25.416,0.001,25.417,0.001,25.521,0.001,25.445,0.008,23.769,0.040,28.593,0.057
363014,14.999,0.000,55.134,0.002,55.146,0.002,54.976,0.002,55.008,0.002,24.234,0.000,24.230,0.001,24.226,0.001,24.228,0.000,25.602,0.002,25.876,0.004,25.416,0.001,25.416,0.001,25.521,0.001,25.444,0.009,23.765,0.040,28.593,0.057
364014,15.000,0.000,55.132,0.002,55.146,0.002,54.974,0.002,55.008,0.002,24.234,0.000,24.230,0.001,24.226,0.001,24.228,0.000,25.603,0.002,25.876,0.004,25.415,0.001,25.416,0.001,25.522,0.001,25.445,0.009,23.761,0.040,28.595,0.057
365014,15.000,0.000,55.132,0.002,55.146,0.002,54.974,0.002,55.006,0.002,24.234,0.000,24.230,0.001,24.226,0.001,24.228,0.000,25.602,0.002,25.876,0.004,25.416,0.001,25.417,0.001,25.522,0.001,25.445,0.009,23.819,0.040,28.600,0.058
366014,15.000,0.000,55.132,0.002,55.146,0.002,54.976,0.002,55.008,0.002,24.234,0.000,24.230,0.001,24.228,0.001,24.228,0.000,25.601,0.002,25.877,0.004,25.415,0.001,25.416,0.001,25.522,0.001,25.446,0.009,23.801,0.040,28.601,0.058
367014,15.000,0.000,55.134,0.002,55.148,0.002,54.978,0.002,55.010,0.002,24.234,0.000,24.230,0.001,24.226,0.001,24.228,0.000,25.602,0.002,25.875,0.004,25.416,0.001,25.417,0.001,25.523,0.001,25.446,0.009,23.844,0.040,28.609,0.058
368014,15.000,0.000,55.132,0.002,55.146,0.002,54.974,0.002,55.008,0.002,24.234,0.000,24.230,0.001,24.226,0.001,24.228,0.000,25.602,0.002,25.876,0.004,25.416,0.001,25.417,0.001,25.522,0.001,25.446,0.009,23.764,0.040,28.618,0.058
369014,15.000,0.000,55.134,0.002,55.146,0.002,54.976,0.002,55.008,0.002,24.234,0.000,24.230,0.001,24.226,0.001,24.228,0.000,25.603,0.002,25.877,0.004,25.416,0.001,25.417,0.001,25.522,0.001,25.446,0.009,23.811,0.040,28.628,0.059
370014,15.000,0.000,55.134,0.002,55.146,0.002,54.976,0.002,55.008,0.002,24.234,0.000,24.230,0.001,24.226,0.001,24.228,0.000,25.601,0.002,25.876,0.004,25.416,0.001,25.417,0.001,25.522,0.001,25.447,0.009,23.826,0.040,28.638,0.060
371014,15.000,0.000,55.132,0.002,55.144,0.002,54.976,0.002,55.008,0.002,24.234,0.000,24.230,0.001,24.226,0.001,24.228,0.000,25.603,0.002,25.876,0.004,25.415,0.001,25.417,0.001,25.521,0.001,25.447,0.009,23.798,0.040,28.646,0.060
372014,15.000,0.000,55.134,0.002,55.146,0.002,54.974,0.002,55.008,0.002,24.232,0.000,24.230,0.001,24.226,0.001,24.228,0.000,25.602,0.002,25.877,0.004,25.416,0.001,25.417,0.001,25.522,0.001,25.447,0.009,23.838,0.040,28.656,0.062
373014,15.000,0.000,55.132,0.002,55.148,0.002,54.974,0.002,55.008,0.002,24.234,0.000,24.230,0.001,24.226,0.001,24.228,0.000,25.602,0.002,25.876,0.004,25.416,0.001,25.417,0.001,25.522,0.001,25.447,0.009,23.810,0.040,28.657,0.063
