MS Elapsed,Bolo T,stddev,BB HBB Top,stddev,BB HBB Bottom,stddev,BB HBB Apex,stddev,BB HBB Avg,stddev,BB ABB Top,stddev,BB ABB Bottom,stddev,BB ABB Apex,stddev,BB ABB Avg,stddev,T Ch0,stddev,T Ch1,stddev,T Ch2,stddev,T Ch3,stddev,T Ch4,stddev,T Ch5,stddev,T Ch6,stddev,RH% Ch7,stddev
0,15.000,0.001,55.094,0.003,55.108,0.003,54.962,0.002,54.990,0.002,28.294,0.004,28.288,0.004,28.290,0.004,28.290,0.004,26.475,0.015,27.172,0.013,26.354,0.015,26.384,0.015,26.493,0.015,28.615,0.017,23.540,0.102,28.037,0.255
999,15.000,0.001,55.094,0.003,55.106,0.003,54.960,0.002,54.988,0.002,28.294,0.004,28.288,0.004,28.290,0.004,28.290,0.004,26.476,0.015,27.174,0.013,26.354,0.015,26.385,0.015,26.494,0.015,28.616,0.017,23.540,0.101,28.005,0.253
1999,15.000,0.001,55.092,0.003,55.106,0.003,54.962,0.002,54.990,0.002,28.294,0.004,28.290,0.004,28.290,0.004,28.290,0.004,26.476,0.015,27.175,0.013,26.354,0.015,26.386,0.015,26.494,0.015,28.617,0.017,23.518,0.100,27.972,0.249
3000,15.000,0.001,55.094,0.003,55.106,0.003,54.960,0.002,54.988,0.002,28.294,0.004,28.288,0.004,28.290,0.004,28.290,0.004,26.476,0.015,27.174,0.013,26.355,0.015,26.387,0.015,26.494,0.015,28.617,0.017,23.482,0.100,27.942,0.246
4000,15.000,0.001,55.092,0.003,55.106,0.003,54.960,0.002,54.988,0.002,28.294,0.004,28.288,0.004,28.290,0.004,28.290,0.004,26.476,0.015,27.175,0.013,26.355,0.015,26.388,0.015,26.496,0.015,28.619,0.017,23.520,0.101,27.910,0.242
5000,15.001,0.001,55.094,0.003,55.106,0.003,54.962,0.002,54.990,0.002,28.294,0.004,28.288,0.004,28.290,0.004,28.290,0.004,26.478,0.015,27.176,0.013,26.355,0.015,26.388,0.015,26.495,0.015,28.620,0.018,23.514,0.101,27.885,0.237
6000,15.003,0.001,55.094,0.003,55.108,0.003,54.962,0.002,54.990,0.002,28.294,0.004,28.290,0.004,28.290,0.004,28.290,0.004,26.477,0.015,27.176,0.013,26.356,0.015,26.387,0.015,26.496,0.015,28.621,0.018,23.654,0.101,27.870,0.232
7000,15.000,0.001,55.096,0.003,55.108,0.003,54.958,0.002,54.988,0.002,28.294,0.004,28.290,0.004,28.290,0.004,28.290,0.004,26.479,0.015,27.176,0.013,26.357,0.015,26.388,0.015,26.496,0.015,28.621,0.018,23.585,0.100,27.852,0.227
8000,15.000,0.001,55.094,0.003,55.106,0.003,54.960,0.002,54.988,0.002,28.294,0.004,28.290,0.004,28.290,0.004,28.290,0.004,26.479,0.015,27.178,0.013,26.357,0.015,26.389,0.015,26.497,0.015,28.625,0.018,23.528,0.100,27.840,0.222
9000,15.000,0.001,55.094,0.003,55.108,0.003,54.962,0.002,54.990,0.002,28.294,0.004,28.290,0.004,28.290,0.004,28.290,0.004,26.479,0.015,27.176,0.013,26.357,0.015,26.389,0.015,26.497,0.015,28.626,0.019,23.541,0.099,27.824,0.216
10000,15.000,0.001,55.094,0.003,55.106,0.003,54.962,0.002,54.990,0.002,28.294,0.004,28.290,0.004,28.290,0.004,28.290,0.004,26.480,0.015,27.177,0.013,26.358,0.015,26.390,0.015,26.497,0.015,28.626,0.019,23.541,0.098,27.820,0.210
11000,15.000,0.001,55.092,0.003,55.106,0.003,54.962,0.002,54.988,0.002,28.294,0.004,28.290,0.004,28.292,0.004,28.292,0.004,26.481,0.015,27.178,0.013,26.358,0.015,26.390,0.015,26.498,0.015,28.628,0.019,23.555,0.097,27.826,0.204
12000,15.001,0.001,55.094,0.003,55.106,0.003,54.960,0.002,54.988,0.002,28.294,0.004,28.290,0.004,28.292,0.004,28.292,0.004,26.480,0.015,27.179,0.013,26.359,0.015,26.390,0.015,26.499,0.015,28.630,0.019,23.527,0.097,27.887,0.197
13000,15.000,0.001,55.094,0.003,55.106,0.003,54.964,0.002,54.990,0.002,28.296,0.004,28.290,0.004,28.292,0.004,28.292,0.004,26.480,0.015,27.178,0.013,26.359,0.015,26.390,0.015,26.499,0.015,28.629,0.020,23.554,0.097,27.958,0.191
14000,15.000,0.001,55.094,0.003,55.106,0.003,54.960,0.002,54.988,0.002,28.294,0.004,28.290,0.004,28.292,0.004,28.292,0.004,26.482,0.015,27.179,0.013,26.360,0.015,26.391,0.015,26.499,0.015,28.629,0.020,23.565,0.097,28.006,0.184
15000,15.000,0.001,55.096,0.003,55.106,0.003,54.962,0.002,54.990,0.002,28.294,0.004,28.290,0.004,28.292,0.004,28.292,0.004,26.481,0.015,27.179,0.013,26.359,0.015,26.392,0.015,26.500,0.015,28.629,0.020,23.525,0.097,28.034,0.178
16000,14.999,0.001,55.096,0.003,55.104,0.003,54.962,0.002,54.990,0.002,28.296,0.004,28.290,0.004,28.292,0.004,28.292,0.004,26.483,0.015,27.180,0.013,26.360,0.015,26.392,0.015,26.500,0.015,28.628,0.021,23.561,0.096,28.055,0.174
17000,15.000,0.001,55.094,0.003,55.106,0.003,54.962,0.002,54.990,0.002,28.296,0.004,28.290,0.004,28.292,0.004,28.292,0.004,26.483,0.015,27.179,0.014,26.361,0.015,26.393,0.015,26.500,0.015,28.628,0.021,23.587,0.096,28.075,0.171
18000,15.000,0.001,55.094,0.003,55.106,0.003,54.964,0.002,54.992,0.002,28.296,0.004,28.290,0.004,28.292,0.004,28.292,0.004,26.483,0.015,27.181,0.014,26.361,0.015,26.393,0.015,26.502,0.015,28.627,0.021,23.630,0.096,28.089,0.170
19000,15.000,0.001,55.096,0.003,55.108,0.003,54.962,0.002,54.990,0.002,28.296,0.004,28.290,0.004,28.292,0.004,28.292,0.004,26.483,0.015,27.180,0.014,26.361,0.015,26.393,0.015,26.501,0.015,28.627,0.021,23.641,0.095,28.111,0.169
20000,15.001,0.001,55.094,0.003,55.108,0.003,54.962,0.002,54.990,0.002,28.296,0.004,28.290,0.004,28.292,0.004,28.292,0.004,26.483,0.014,27.180,0.014,26.362,0.015,26.393,0.015,26.502,0.015,28.627,0.021,23.624,0.095,28.116,0.169
21000,15.000,0.001,55.096,0.003,55.108,0.003,54.960,0.002,54.988,0.002,28.296,0.004,28.292,0.004,28.292,0.004,28.292,0.004,26.484,0.014,27.182,0.014,26.362,0.015,26.394,0.015,26.502,0.015,28.627,0.021,23.630,0.095,28.103,0.168
22000,15.000,0.001,55.096,0.003,55.108,0.003,54.962,0.002,54.990,0.002,28.296,0.004,28.290,0.004,28.292,0.004,28.292,0.004,26.485,0.015,27.182,0.014,26.363,0.015,26.394,0.015,26.503,0.015,28.627,0.022,23.605,0.094,28.093,0.167
23000,14.999,0.001,55.094,0.003,55.108,0.003,54.958,0.002,54.988,0.002,28.296,0.004,28.292,0.004,28.292,0.004,28.292,0.004,26.485,0.015,27.183,0.014,26.364,0.015,26.395,0.015,26.504,0.015,28.627,0.022,23.642,0.094,28.093,0.166
24000,14.999,0.001,55.096,0.003,55.108,0.003,54.960,0.002,54.988,0.002,28.296,0.004,28.292,0.004,28.292,0.004,28.292,0.004,26.485,0.015,27.184,0.014,26.363,0.015,26.395,0.015,26.503,0.015,28.626,0.022,23.632,0.094,28.102,0.165
25000,14.999,0.001,55.098,0.003,55.108,0.003,54.962,0.002,54.990,0.002,28.296,0.004,28.292,0.004,28.294,0.004,28.294,0.004,26.486,0.015,27.183,0.014,26.364,0.015,26.396,0.015,26.505,0.015,28.626,0.022,23.647,0.094,28.118,0.165
26000,15.000,0.001,55.096,0.003,55.108,0.003,54.962,0.002,54.990,0.002,28.296,0.004,28.290,0.004,28.294,0.004,28.294,0.004,26.487,0.015,27.184,0.014,26.363,0.015,26.396,0.015,26.504,0.015,28.626,0.022,23.707,0.095,28.130,0.167
27000,15.000,0.001,55.098,0.003,55.106,0.003,54.962,0.002,54.990,0.002,28.296,0.004,28.292,0.004,28.292,0.004,28.292,0.004,26.486,0.014,27.184,0.014,26.365,0.015,26.396,0.015,26.505,0.015,28.625,0.022,23.738,0.096,28.144,0.169
28000,15.000,0.001,55.094,0.003,55.106,0.003,54.962,0.002,54.990,0.002,28.296,0.004,28.292,0.004,28.292,0.004,28.294,0.004,26.486,0.014,27.185,0.014,26.365,0.015,26.396,0.015,26.505,0.015,28.624,0.022,23.828,0.098,28.155,0.172
29000,15.000,0.001,55.094,0.003,55.108,0.003,54.964,0.002,54.992,0.002,28.296,0.004,28.292,0.004,28.294,0.004,28.294,0.004,26.487,0.014,27.183,0.014,26.366,0.015,26.397,0.015,26.506,0.015,28.625,0.022,23.779,0.100,28.162,0.176
30000,15.000,0.001,55.094,0.003,55.108,0.003,54.962,0.002,54.990,0.002,28.296,0.004,28.292,0.004,28.294,0.004,28.294,0.004,26.488,0.014,27.186,0.014,26.367,0.015,26.397,0.015,26.506,0.015,28.626,0.022,23.750,0.101,28.175,0.180
31001,14.999,0.001,55.096,0.003,55.108,0.003,54.962,0.002,54.990,0.002,28.298,0.004,28.292,0.004,28.294,0.004,28.294,0.004,26.488,0.014,27.186,0.014,26.368,0.015,26.399,0.015,26.507,0.015,28.627,0.022,23.684,0.101,28.182,0.183
32001,14.999,0.001,55.096,0.003,55.108,0.003,54.960,0.002,54.988,0.002,28.298,0.004,28.292,0.004,28.294,0.004,28.294,0.004,26.489,0.014,27.186,0.014,26.366,0.015,26.399,0.015,26.506,0.015,28.628,0.022,23.634,0.100,28.204,0.186
33001,15.002,0.001,55.096,0.003,55.106,0.003,54.964,0.002,54.990,0.002,28.298,0.004,28.292,0.004,28.294,0.004,28.294,0.004,26.490,0.014,27.185,0.014,26.367,0.015,26.399,0.015,26.508,0.015,28.629,0.022,24.023,0.106,28.235,0.190
34001,15.001,0.001,55.094,0.003,55.108,0.003,54.962,0.002,54.990,0.002,28.298,0.004,28.292,0.004,28.294,0.004,28.294,0.004,26.491,0.014,27.186,0.014,26.367,0.015,26.400,0.015,26.508,0.015,28.629,0.022,23.539,0.105,28.259,0.195
35001,15.001,0.001,55.096,0.003,55.110,0.003,54.962,0.002,54.990,0.002,28.296,0.004,28.292,0.004,28.294,0.004,28.294,0.004,26.490,0.014,27.186,0.014,26.368,0.015,26.400,0.015,26.509,0.015,28.631,0.022,23.609,0.104,28.277,0.199
36001,15.001,0.001,55.096,0.003,55.110,0.003,54.964,0.002,54.992,0.002,28.298,0.004,28.292,0.004,28.294,0.004,28.294,0.004,26.490,0.014,27.188,0.014,26.369,0.015,26.401,0.015,26.509,0.015,28.631,0.022,23.616,0.102,28.285,0.204
37001,15.001,0.001,55.098,0.003,55.108,0.003,54.964,0.002,54.992,0.002,28.298,0.004,28.292,0.004,28.294,0.004,28.294,0.004,26.491,0.014,27.187,0.014,26.368,0.015,26.400,0.015,26.509,0.015,28.630,0.022,23.759,0.102,28.293,0.208
38001,15.000,0.001,55.096,0.003,55.108,0.003,54.964,0.002,54.992,0.002,28.298,0.004,28.294,0.004,28.294,0.004,28.294,0.004,26.490,0.014,27.187,0.014,26.369,0.015,26.401,0.015,26.510,0.015,28.631,0.022,23.758,0.103,28.301,0.212
39001,15.000,0.001,55.098,0.003,55.108,0.003,54.962,0.002,54.990,0.002,28.298,0.004,28.294,0.004,28.294,0.004,28.294,0.004,26.491,0.014,27.188,0.014,26.370,0.015,26.401,0.015,26.510,0.015,28.632,0.022,23.714,0.104,28.319,0.216
40001,15.000,0.001,55.096,0.003,55.110,0.003,54.966,0.002,54.992,0.002,28.298,0.004,28.292,0.004,28.294,0.004,28.294,0.004,26.492,0.014,27.189,0.014,26.369,0.015,26.402,0.015,26.510,0.015,28.631,0.022,23.667,0.103,28.330,0.221
41001,15.000,0.001,55.100,0.003,55.110,0.003,54.964,0.002,54.992,0.002,28.298,0.004,28.294,0.004,28.294,0.004,28.294,0.004,26.493,0.014,27.190,0.014,26.370,0.015,26.402,0.015,26.510,0.015,28.630,0.022,23.730,0.103,28.345,0.226
42001,15.000,0.001,55.098,0.003,55.106,0.003,54.966,0.002,54.992,0.002,28.298,0.004,28.294,0.004,28.294,0.004,28.294,0.004,26.494,0.014,27.188,0.014,26.372,0.015,26.403,0.015,26.511,0.015,28.630,0.022,23.717,0.103,28.360,0.232
43001,15.000,0.001,55.098,0.003,55.110,0.003,54.964,0.003,54.992,0.002,28.298,0.004,28.294,0.004,28.294,0.004,28.294,0.004,26.493,0.014,27.189,0.014,26.372,0.015,26.402,0.015,26.512,0.015,28.629,0.022,23.736,0.104,28.381,0.238
44001,15.000,0.001,55.096,0.003,55.112,0.003,54.962,0.003,54.990,0.002,28.298,0.004,28.294,0.004,28.294,0.004,28.296,0.004,26.494,0.014,27.189,0.014,26.372,0.015,26.404,0.015,26.512,0.015,28.628,0.021,23.726,0.104,28.395,0.245
45001,15.000,0.001,55.098,0.003,55.112,0.003,54.966,0.003,54.994,0.003,28.298,0.004,28.294,0.004,28.294,0.004,28.294,0.004,26.494,0.014,27.190,0.014,26.372,0.015,26.404,0.015,26.512,0.015,28.629,0.021,23.746,0.104,28.425,0.245
46001,15.000,0.001,55.098,0.003,55.108,0.003,54.964,0.003,54.992,0.003,28.298,0.004,28.294,0.004,28.294,0.004,28.294,0.004,26.494,0.014,27.190,0.014,26.372,0.015,26.404,0.015,26.512,0.015,28.629,0.021,23.746,0.105,28.425,0.253
47001,15.000,0.001,55.100,0.003,55.110,0.003,54.964,0.003,54.992,0.003,28.300,0.004,28.294,0.004,28.296,0.004,28.296,0.004,26.494,0.014,27.191,0.014,26.373,0.015,26.404,0.015,26.513,0.015,28.629,0.021,23.704,0.104,28.441,0.261
48001,15.001,0.001,55.098,0.003,55.110,0.003,54.964,0.003,54.992,0.003,28.298,0.004,28.294,0.004,28.296,0.004,28.296,0.004,26.495,0.014,27.190,0.014,26.373,0.015,26.404,0.015,26.513,0.015,28.629,0.021,23.742,0.105,28.454,0.268
49001,15.000,0.001,55.098,0.003,55.110,0.003,54.966,0.003,54.994,0.003,28.298,0.004,28.294,0.004,28.296,0.004,28.296,0.004,26.496,0.014,27.191,0.014,26.375,0.015,26.405,0.015,26.514,0.015,28.629,0.021,23.722,0.106,28.458,0.276
50001,15.000,0.001,55.098,0.003,55.112,0.003,54.962,0.003,54.990,0.003,28.300,0.004,28.294,0.004,28.296,0.004,28.296,0.004,26.495,0.014,27.192,0.014,26.375,0.015,26.405,0.015,26.514,0.015,28.629,0.020,23.714,0.106,28.461,0.283
51001,15.001,0.001,55.098,0.003,55.112,0.003,54.964,0.003,54.992,0.003,28.298,0.004,28.294,0.004,28.294,0.004,28.296,0.004,26.496,0.014,27.192,0.014,26.375,0.015,26.407,0.015,26.515,0.015,28.629,0.020,23.782,0.107,28.460,0.290
52001,15.001,0.001,55.098,0.003,55.110,0.003,54.962,0.003,54.990,0.003,28.300,0.004,28.294,0.004,28.296,0.004,28.296,0.004,26.497,0.014,27.192,0.014,26.375,0.015,26.407,0.015,26.515,0.015,28.629,0.020,23.783,0.109,28.460,0.296
53001,15.000,0.001,55.098,0.003,55.112,0.003,54.960,0.003,54.990,0.003,28.300,0.004,28.294,0.004,28.296,0.004,28.296,0.004,26.498,0.014,27.193,0.014,26.376,0.015,26.408,0.015,26.515,0.015,28.629,0.020,23.766,0.109,28.458,0.302
54001,15.000,0.001,55.100,0.003,55.112,0.003,54.964,0.003,54.992,0.003,28.300,0.004,28.294,0.004,28.296,0.004,28.296,0.004,26.498,0.014,27.194,0.014,26.375,0.015,26.407,0.015,26.516,0.015,28.629,0.020,23.671,0.110,28.452,0.307
55001,15.000,0.001,55.100,0.003,55.112,0.003,54.962,0.003,54.992,0.003,28.300,0.004,28.294,0.004,28.296,0.004,28.296,0.004,26.498,0.014,27.193,0.014,26.375,0.015,26.408,0.015,26.516,0.015,28.629,0.019,23.674,0.110,28.448,0.312
56001,15.000,0.001,55.100,0.003,55.112,0.003,54.966,0.003,54.994,0.003,28.300,0.004,28.296,0.004,28.296,0.004,28.296,0.004,26.498,0.014,27.194,0.014,26.377,0.015,26.408,0.015,26.517,0.015,28.629,0.019,23.716,0.110,28.436,0.317
57001,15.000,0.001,55.100,0.003,55.108,0.003,54.964,0.003,54.992,0.003,28.300,0.004,28.294,0.004,28.296,0.004,28.296,0.004,26.498,0.014,27.194,0.014,26.377,0.015,26.408,0.015,26.517,0.015,28.630,0.019,23.634,0.110,28.430,0.320
58001,15.000,0.001,55.098,0.003,55.114,0.003,54.966,0.003,54.994,0.003,28.300,0.004,28.294,0.004,28.296,0.004,28.296,0.004,26.498,0.014,27.195,0.014,26.378,0.015,26.409,0.015,26.517,0.015,28.630,0.019,23.724,0.111,28.426,0.324
59001,15.000,0.001,55.098,0.003,55.112,0.003,54.964,0.003,54.992,0.003,28.300,0.004,28.296,0.004,28.296,0.004,28.296,0.004,26.500,0.014,27.195,0.014,26.378,0.015,26.409,0.015,26.518,0.015,28.630,0.019,23.742,0.112,28.418,0.327
60002,15.000,0.001,55.102,0.004,55.112,0.003,54.968,0.003,54.994,0.003,28.300,0.004,28.296,0.004,28.296,0.004,28.296,0.004,26.500,0.014,27.196,0.014,26.379,0.015,26.409,0.015,26.519,0.015,28.630,0.018,23.755,0.113,28.410,0.330
61002,15.000,0.001,55.098,0.003,55.112,0.003,54.968,0.003,54.996,0.003,28.300,0.004,28.294,0.004,28.296,0.004,28.296,0.004,26.500,0.014,27.196,0.014,26.379,0.015,26.410,0.015,26.518,0.015,28.631,0.018,23.775,0.114,28.408,0.333
62002,15.000,0.001,55.100,0.004,55.110,0.003,54.962,0.003,54.990,0.003,28.300,0.004,28.296,0.004,28.298,0.004,28.298,0.004,26.501,0.014,27.197,0.014,26.379,0.015,26.411,0.015,26.520,0.015,28.632,0.018,23.808,0.115,28.409,0.336
63002,15.001,0.001,55.098,0.004,55.114,0.003,54.966,0.003,54.994,0.003,28.300,0.004,28.296,0.004,28.296,0.004,28.296,0.004,26.501,0.014,27.198,0.014,26.380,0.015,26.411,0.015,26.520,0.015,28.633,0.018,23.781,0.117,28.409,0.339
64002,15.000,0.001,55.098,0.004,55.112,0.003,54.966,0.003,54.994,0.003,28.300,0.004,28.296,0.004,28.298,0.004,28.298,0.004,26.500,0.014,27.198,0.014,26.380,0.015,26.411,0.015,26.520,0.015,28.633,0.017,23.768,0.117,28.410,0.341
65002,15.000,0.001,55.100,0.004,55.110,0.003,54.966,0.003,54.994,0.003,28.302,0.004,28.296,0.004,28.298,0.004,28.298,0.004,26.501,0.014,27.197,0.014,26.381,0.015,26.411,0.015,26.520,0.015,28.634,0.017,23.810,0.119,28.416,0.344
66002,15.000,0.001,55.100,0.004,55.114,0.003,54.966,0.003,54.994,0.003,28.302,0.004,28.296,0.004,28.298,0.004,28.298,0.004,26.502,0.014,27.198,0.014,26.380,0.015,26.411,0.015,26.521,0.015,28.634,0.017,23.805,0.120,28.414,0.347
67002,15.000,0.001,55.100,0.004,55.114,0.003,54.964,0.003,54.994,0.003,28.300,0.004,28.296,0.004,28.296,0.004,28.296,0.004,26.503,0.014,27.198,0.014,26.382,0.015,26.413,0.015,26.521,0.015,28.635,0.017,23.802,0.121,28.415,0.350
68002,15.000,0.001,55.100,0.004,55.112,0.003,54.966,0.003,54.994,0.003,28.302,0.004,28.296,0.004,28.298,0.004,28.298,0.004,26.503,0.014,27.198,0.014,26.382,0.015,26.413,0.015,26.521,0.015,28.635,0.016,23.904,0.124,28.416,0.352
69002,15.000,0.001,55.100,0.004,55.114,0.003,54.966,0.003,54.994,0.003,28.300,0.004,28.296,0.004,28.298,0.004,28.298,0.004,26.503,0.014,27.198,0.014,26.383,0.015,26.414,0.015,26.522,0.015,28.635,0.016,24.197,0.134,28.419,0.355
70002,15.000,0.001,55.098,0.004,55.112,0.004,54.966,0.003,54.994,0.003,28.302,0.004,28.296,0.004,28.298,0.004,28.298,0.004,26.504,0.014,27.198,0.014,26.383,0.015,26.415,0.015,26.523,0.015,28.636,0.016,24.110,0.141,28.419,0.358
71002,15.000,0.001,55.098,0.004,55.112,0.004,54.966,0.003,54.994,0.003,28.302,0.004,28.296,0.004,28.298,0.004,28.298,0.004,26.505,0.014,27.199,0.014,26.383,0.015,26.414,0.015,26.523,0.015,28.637,0.016,23.947,0.144,28.425,0.360
72002,15.000,0.001,55.100,0.004,55.112,0.004,54.966,0.003,54.994,0.003,28.302,0.004,28.296,0.004,28.298,0.004,28.298,0.004,26.505,0.014,27.199,0.014,26.384,0.015,26.415,0.015,26.523,0.015,28.637,0.016,23.839,0.145,28.425,0.363
73002,15.000,0.001,55.100,0.004,55.114,0.004,54.968,0.003,54.996,0.003,28.302,0.004,28.296,0.004,28.298,0.004,28.298,0.004,26.506,0.014,27.198,0.014,26.384,0.015,26.415,0.015,26.524,0.015,28.636,0.015,23.843,0.146,28.426,0.366
74002,15.000,0.001,55.100,0.004,55.114,0.004,54.964,0.003,54.992,0.003,28.302,0.004,28.296,0.004,28.298,0.004,28.298,0.004,26.505,0.014,27.201,0.014,26.385,0.015,26.416,0.015,26.524,0.015,28.636,0.015,23.845,0.146,28.436,0.368
75002,15.000,0.001,55.098,0.004,55.110,0.003,54.966,0.003,54.994,0.003,28.302,0.004,28.296,0.004,28.298,0.004,28.298,0.004,26.507,0.014,27.201,0.013,26.384,0.015,26.415,0.015,26.525,0.015,28.638,0.015,23.813,0.146,28.447,0.371
76002,15.000,0.001,55.102,0.004,55.112,0.003,54.966,0.003,54.994,0.003,28.302,0.004,28.296,0.004,28.298,0.004,28.298,0.004,26.507,0.014,27.200,0.013,26.385,0.015,26.416,0.015,26.525,0.015,28.638,0.015,23.804,0.147,28.459,0.374
77002,15.000,0.001,55.098,0.004,55.114,0.003,54.964,0.003,54.992,0.003,28.302,0.004,28.298,0.004,28.298,0.004,28.298,0.004,26.508,0.014,27.200,0.013,26.386,0.015,26.416,0.015,26.525,0.015,28.638,0.015,23.816,0.147,28.465,0.376
78002,15.001,0.001,55.100,0.003,55.114,0.004,54.966,0.003,54.994,0.003,28.302,0.004,28.298,0.004,28.298,0.004,28.298,0.004,26.507,0.014,27.200,0.013,26.386,0.015,26.417,0.015,26.526,0.015,28.639,0.015,23.650,0.147,28.472,0.379
79002,15.000,0.001,55.102,0.004,55.110,0.004,54.966,0.003,54.994,0.003,28.302,0.004,28.296,0.004,28.298,0.004,28.298,0.004,26.507,0.014,27.201,0.013,26.387,0.015,26.417,0.015,26.526,0.015,28.638,0.014,23.694,0.144,28.475,0.381
80002,15.001,0.001,55.100,0.004,55.112,0.003,54.968,0.003,54.996,0.003,28.302,0.004,28.296,0.004,28.298,0.004,28.298,0.004,26.507,0.014,27.201,0.013,26.387,0.015,26.419,0.015,26.527,0.015,28.638,0.014,23.718,0.144,28.479,0.382
81002,15.000,0.001,55.102,0.004,55.112,0.003,54.968,0.003,54.996,0.003,28.302,0.004,28.298,0.004,28.298,0.004,28.298,0.004,26.508,0.014,27.202,0.013,26.388,0.015,26.418,0.015,26.527,0.015,28.640,0.014,23.751,0.144,28.480,0.384
82002,15.000,0.001,55.102,0.004,55.114,0.003,54.966,0.003,54.994,0.003,28.304,0.004,28.298,0.004,28.300,0.004,28.300,0.004,26.509,0.014,27.202,0.013,26.388,0.015,26.420,0.015,26.527,0.015,28.639,0.014,23.979,0.146,28.483,0.384
83002,15.000,0.001,55.102,0.004,55.112,0.003,54.968,0.003,54.996,0.003,28.302,0.004,28.298,0.004,28.298,0.004,28.300,0.004,26.510,0.014,27.202,0.013,26.388,0.015,26.419,0.015,26.528,0.015,28.639,0.014,23.917,0.148,28.479,0.385
84002,15.001,0.001,55.100,0.004,55.114,0.003,54.964,0.003,54.992,0.003,28.304,0.004,28.298,0.004,28.298,0.004,28.298,0.004,26.511,0.014,27.203,0.013,26.389,0.015,26.420,0.015,26.529,0.015,28.641,0.013,23.860,0.148,28.480,0.385
85002,15.000,0.001,55.102,0.004,55.114,0.003,54.966,0.003,54.996,0.003,28.302,0.004,28.298,0.004,28.300,0.004,28.300,0.004,26.510,0.014,27.202,0.013,26.389,0.015,26.419,0.015,26.529,0.015,28.641,0.013,23.909,0.149,28.478,0.385
86002,15.000,0.001,55.102,0.004,55.112,0.003,54.968,0.003,54.996,0.003,28.302,0.004,28.298,0.004,28.298,0.004,28.300,0.004,26.511,0.014,27.202,0.013,26.389,0.015,26.420,0.015,26.529,0.015,28.641,0.013,23.964,0.151,28.477,0.385
87002,15.000,0.001,55.102,0.004,55.116,0.004,54.968,0.003,54.996,0.003,28.302,0.004,28.298,0.004,28.300,0.004,28.300,0.004,26.510,0.014,27.203,0.013,26.390,0.015,26.421,0.015,26.530,0.015,28.643,0.013,23.901,0.151,28.473,0.385
88002,15.000,0.001,55.102,0.004,55.114,0.004,54.966,0.003,54.994,0.003,28.304,0.004,28.298,0.004,28.298,0.004,28.300,0.004,26.511,0.014,27.203,0.013,26.390,0.015,26.421,0.015,26.530,0.015,28.644,0.013,23.873,0.151,28.471,0.384
89002,15.000,0.001,55.104,0.004,55.116,0.004,54.972,0.003,55.000,0.003,28.304,0.004,28.298,0.004,28.300,0.004,28.300,0.004,26.512,0.014,27.204,0.013,26.390,0.015,26.422,0.015,26.532,0.015,28.644,0.013,23.873,0.150,28.469,0.383
90003,15.000,0.001,55.102,0.004,55.116,0.004,54.964,0.003,54.994,0.003,28.304,0.004,28.298,0.004,28.300,0.004,28.300,0.004,26.512,0.014,27.204,0.013,26.391,0.015,26.422,0.015,26.531,0.015,28.645,0.012,23.875,0.150,28.472,0.381
91003,15.000,0.001,55.102,0.004,55.114,0.004,54.968,0.003,54.996,0.003,28.304,0.004,28.298,0.004,28.300,0.004,28.300,0.004,26.514,0.014,27.203,0.013,26.392,0.015,26.422,0.015,26.531,0.015,28.646,0.012,23.894,0.150,28.473,0.379
92003,15.000,0.001,55.104,0.004,55.114,0.004,54.968,0.003,54.996,0.003,28.304,0.004,28.298,0.004,28.300,0.004,28.300,0.004,26.513,0.014,27.205,0.013,26.393,0.015,26.423,0.015,26.532,0.015,28.648,0.012,23.877,0.149,28.475,0.376
93003,15.000,0.001,55.100,0.004,55.114,0.004,54.966,0.003,54.994,0.003,28.304,0.004,28.298,0.004,28.300,0.004,28.300,0.004,26.514,0.014,27.205,0.013,26.393,0.015,26.423,0.015,26.533,0.015,28.647,0.012,23.905,0.149,28.482,0.374
94003,15.001,0.001,55.102,0.004,55.114,0.004,54.968,0.003,54.996,0.003,28.304,0.004,28.300,0.004,28.300,0.004,28.300,0.004,26.514,0.014,27.205,0.013,26.393,0.015,26.424,0.014,26.534,0.015,28.648,0.012,23.909,0.149,28.488,0.371
95003,15.000,0.001,55.102,0.004,55.114,0.004,54.968,0.003,54.996,0.003,28.304,0.004,28.300,0.004,28.300,0.004,28.300,0.004,26.514,0.014,27.205,0.013,26.393,0.015,26.425,0.014,26.533,0.015,28.649,0.012,23.943,0.149,28.491,0.368
96003,15.000,0.001,55.104,0.004,55.116,0.004,54.970,0.003,54.998,0.003,28.304,0.004,28.300,0.004,28.300,0.004,28.300,0.004,26.514,0.014,27.206,0.013,26.393,0.015,26.425,0.015,26.534,0.015,28.651,0.012,23.949,0.149,28.495,0.364
97003,15.000,0.001,55.102,0.004,55.116,0.004,54.968,0.003,54.998,0.003,28.304,0.004,28.300,0.004,28.300,0.004,28.300,0.004,26.514,0.014,27.205,0.012,26.394,0.015,26.425,0.014,26.534,0.015,28.651,0.012,23.932,0.149,28.501,0.361
98003,15.000,0.001,55.104,0.004,55.116,0.004,54.966,0.003,54.994,0.003,28.304,0.004,28.300,0.004,28.300,0.004,28.302,0.004,26.515,0.014,27.207,0.012,26.396,0.015,26.425,0.014,26.534,0.015,28.650,0.012,23.973,0.149,28.502,0.358
99003,15.000,0.001,55.104,0.004,55.116,0.004,54.968,0.003,54.996,0.003,28.304,0.004,28.300,0.004,28.300,0.004,28.300,0.004,26.516,0.014,27.207,0.012,26.395,0.015,26.425,0.014,26.535,0.015,28.650,0.011,24.019,0.150,28.508,0.354
100003,15.001,0.001,55.104,0.004,55.114,0.004,54.968,0.003,54.996,0.003,28.304,0.004,28.300,0.004,28.302,0.004,28.302,0.004,26.517,0.014,27.207,0.012,26.395,0.015,26.427,0.015,26.535,0.015,28.651,0.011,23.984,0.150,28.523,0.351
101003,15.000,0.001,55.102,0.004,55.116,0.004,54.968,0.003,54.996,0.003,28.304,0.004,28.300,0.004,28.302,0.004,28.302,0.004,26.517,0.014,27.206,0.012,26.395,0.015,26.427,0.015,26.536,0.015,28.651,0.011,23.984,0.150,28.531,0.348
102003,15.000,0.001,55.104,0.004,55.116,0.004,54.970,0.003,54.998,0.003,28.306,0.004,28.300,0.004,28.302,0.004,28.302,0.004,26.517,0.014,27.208,0.012,26.396,0.015,26.427,0.015,26.537,0.015,28.652,0.011,24.268,0.156,28.537,0.346
103003,15.000,0.001,55.106,0.004,55.116,0.004,54.968,0.003,54.996,0.003,28.304,0.004,28.300,0.004,28.300,0.004,28.302,0.004,26.517,0.014,27.208,0.012,26.398,0.015,26.427,0.014,26.536,0.015,28.653,0.011,24.073,0.157,28.532,0.343
104003,15.000,0.001,55.106,0.004,55.118,0.004,54.970,0.003,54.998,0.003,28.306,0.004,28.300,0.004,28.302,0.004,28.302,0.004,26.517,0.014,27.210,0.012,26.397,0.015,26.428,0.014,26.537,0.015,28.654,0.011,23.941,0.157,28.521,0.341
105003,15.000,0.001,55.102,0.004,55.116,0.004,54.968,0.003,54.996,0.003,28.306,0.004,28.300,0.004,28.302,0.004,28.302,0.004,26.519,0.014,27.208,0.012,26.397,0.015,26.428,0.014,26.538,0.015,28.654,0.011,23.847,0.156,28.511,0.339
106003,15.000,0.001,55.104,0.004,55.114,0.004,54.968,0.003,54.996,0.003,28.306,0.004,28.300,0.004,28.302,0.004,28.302,0.004,26.518,0.014,27.208,0.012,26.398,0.015,26.430,0.014,26.538,0.015,28.655,0.011,23.831,0.154,28.496,0.337
107003,15.000,0.001,55.104,0.004,55.116,0.004,54.970,0.003,54.998,0.003,28.306,0.004,28.300,0.004,28.302,0.004,28.302,0.004,26.518,0.014,27.210,0.012,26.399,0.015,26.429,0.014,26.538,0.015,28.655,0.011,23.808,0.154,28.486,0.335
108003,15.001,0.001,55.104,0.004,55.116,0.004,54.972,0.003,55.000,0.003,28.306,0.004,28.300,0.004,28.302,0.004,28.302,0.004,26.521,0.014,27.209,0.012,26.399,0.015,26.430,0.014,26.539,0.015,28.656,0.011,23.854,0.154,28.483,0.334
109003,15.000,0.001,55.106,0.004,55.116,0.004,54.972,0.003,55.000,0.003,28.306,0.004,28.300,0.004,28.302,0.004,28.302,0.004,26.521,0.014,27.210,0.012,26.400,0.015,26.430,0.014,26.540,0.015,28.655,0.011,23.813,0.154,28.498,0.333
110003,15.000,0.001,55.106,0.004,55.116,0.004,54.968,0.003,54.996,0.003,28.306,0.004,28.300,0.004,28.302,0.004,28.302,0.004,26.521,0.014,27.211,0.012,26.399,0.015,26.430,0.014,26.540,0.015,28.656,0.011,23.771,0.154,28.514,0.333
111003,15.000,0.001,55.106,0.004,55.118,0.004,54.968,0.003,54.996,0.003,28.306,0.004,28.302,0.004,28.302,0.004,28.302,0.004,26.521,0.014,27.210,0.012,26.401,0.015,26.431,0.014,26.540,0.015,28.656,0.011,23.776,0.153,28.526,0.333
112003,15.000,0.001,55.106,0.004,55.116,0.004,54.966,0.003,54.996,0.003,28.306,0.004,28.302,0.004,28.302,0.004,28.302,0.004,26.521,0.014,27.210,0.012,26.400,0.015,26.431,0.014,26.541,0.015,28.657,0.011,23.837,0.154,28.511,0.333
113003,15.000,0.001,55.106,0.004,55.116,0.004,54.970,0.003,54.998,0.003,28.308,0.004,28.302,0.004,28.302,0.004,28.302,0.004,26.522,0.014,27.210,0.012,26.401,0.015,26.433,0.014,26.541,0.015,28.658,0.012,23.808,0.153,28.491,0.332
114003,15.000,0.001,55.106,0.004,55.118,0.004,54.968,0.003,54.998,0.003,28.306,0.004,28.300,0.004,28.302,0.004,28.302,0.004,26.522,0.014,27.210,0.012,26.402,0.015,26.432,0.014,26.542,0.015,28.659,0.012,23.923,0.153,28.482,0.331
115003,15.000,0.001,55.108,0.004,55.116,0.004,54.970,0.003,54.998,0.003,28.306,0.004,28.300,0.004,28.304,0.004,28.304,0.004,26.522,0.014,27.211,0.012,26.402,0.015,26.433,0.014,26.541,0.015,28.659,0.012,24.185,0.158,28.476,0.330
116003,15.000,0.001,55.106,0.004,55.118,0.004,54.972,0.003,55.000,0.003,28.306,0.004,28.302,0.004,28.302,0.004,28.302,0.004,26.523,0.014,27.212,0.012,26.403,0.015,26.433,0.014,26.542,0.015,28.661,0.012,23.765,0.158,28.461,0.329
117003,14.999,0.001,55.108,0.004,55.118,0.004,54.970,0.003,54.998,0.003,28.306,0.004,28.302,0.004,28.304,0.004,28.304,0.004,26.524,0.014,27.213,0.012,26.403,0.015,26.434,0.014,26.543,0.015,28.662,0.012,23.603,0.158,28.449,0.327
118003,15.000,0.001,55.108,0.004,55.120,0.004,54.972,0.003,55.000,0.003,28.308,0.004,28.302,0.004,28.302,0.004,28.304,0.004,26.524,0.014,27.213,0.012,26.403,0.015,26.434,0.014,26.543,0.015,28.662,0.012,23.603,0.158,28.449,0.327
119004,15.000,0.001,55.106,0.004,55.116,0.004,54.970,0.003,54.998,0.003,28.306,0.004,28.302,0.004,28.302,0.004,28.304,0.004,26.524,0.014,27.213,0.012,26.403,0.015,26.434,0.014,26.544,0.015,28.662,0.012,23.945,0.159,28.447,0.326
120003,15.000,0.001,55.106,0.004,55.120,0.004,54.972,0.003,55.000,0.003,28.308,0.004,28.302,0.004,28.304,0.004,28.304,0.004,26.524,0.014,27.212,0.011,26.404,0.015,26.434,0.014,26.544,0.015,28.662,0.012,23.903,0.158,28.443,0.325
121004,15.002,0.001,55.104,0.004,55.118,0.004,54.972,0.003,55.000,0.003,28.308,0.004,28.302,0.004,28.304,0.004,28.304,0.004,26.525,0.014,27.212,0.011,26.404,0.015,26.435,0.014,26.544,0.015,28.663,0.012,24.086,0.159,28.417,0.323
122004,15.002,0.001,55.106,0.004,55.118,0.004,54.968,0.003,54.998,0.003,28.308,0.004,28.302,0.004,28.304,0.004,28.304,0.004,26.525,0.014,27.214,0.011,26.404,0.015,26.435,0.014,26.545,0.015,28.663,0.012,24.223,0.163,28.374,0.321
123004,15.001,0.001,55.106,0.004,55.116,0.004,54.970,0.003,54.998,0.003,28.308,0.004,28.302,0.004,28.304,0.004,28.304,0.004,26.525,0.014,27.213,0.011,26.404,0.015,26.435,0.014,26.545,0.015,28.663,0.012,24.184,0.166,28.351,0.317
124004,15.000,0.001,55.106,0.004,55.118,0.004,54.970,0.003,54.998,0.003,28.308,0.004,28.302,0.004,28.304,0.004,28.304,0.004,26.526,0.014,27.213,0.011,26.405,0.015,26.436,0.014,26.546,0.015,28.663,0.012,24.069,0.166,28.348,0.313
125004,15.000,0.001,55.106,0.004,55.118,0.004,54.970,0.003,54.998,0.003,28.308,0.004,28.302,0.004,28.304,0.004,28.304,0.004,26.527,0.014,27.213,0.011,26.406,0.015,26.436,0.014,26.546,0.015,28.662,0.012,24.156,0.167,28.341,0.307
126004,14.999,0.001,55.106,0.004,55.120,0.004,54.972,0.003,55.000,0.003,28.308,0.004,28.302,0.004,28.304,0.004,28.304,0.004,26.526,0.014,27.213,0.011,26.406,0.015,26.437,0.014,26.547,0.015,28.662,0.012,24.178,0.169,28.345,0.301
127004,15.000,0.001,55.106,0.004,55.120,0.004,54.972,0.003,55.000,0.003,28.308,0.004,28.302,0.004,28.304,0.004,28.304,0.004,26.528,0.014,27.214,0.011,26.407,0.015,26.437,0.014,26.547,0.015,28.661,0.012,24.173,0.170,28.363,0.294
128004,15.000,0.000,55.106,0.004,55.116,0.004,54.972,0.003,55.000,0.003,28.308,0.004,28.304,0.004,28.304,0.004,28.304,0.004,26.528,0.014,27.214,0.011,26.406,0.015,26.438,0.014,26.546,0.015,28.661,0.012,24.170,0.173,28.385,0.286
129004,15.000,0.000,55.106,0.004,55.118,0.004,54.972,0.003,55.000,0.003,28.308,0.004,28.304,0.004,28.304,0.004,28.304,0.004,26.528,0.014,27.215,0.011,26.407,0.015,26.439,0.014,26.548,0.015,28.661,0.012,24.279,0.177,28.406,0.276
130004,15.000,0.000,55.108,0.004,55.118,0.004,54.970,0.003,54.998,0.003,28.308,0.004,28.304,0.004,28.304,0.004,28.306,0.004,26.529,0.014,27.215,0.011,26.408,0.015,26.439,0.014,26.548,0.015,28.661,0.012,24.242,0.179,28.424,0.266
131004,15.000,0.000,55.106,0.004,55.120,0.004,54.972,0.003,55.000,0.003,28.308,0.004,28.304,0.004,28.304,0.004,28.304,0.004,26.530,0.014,27.215,0.011,26.408,0.015,26.439,0.014,26.548,0.015,28.661,0.013,24.412,0.185,28.431,0.255
132004,15.000,0.000,55.108,0.004,55.118,0.004,54.972,0.003,55.000,0.003,28.308,0.004,28.304,0.004,28.304,0.004,28.304,0.004,26.530,0.014,27.214,0.011,26.408,0.015,26.440,0.014,26.548,0.015,28.661,0.013,24.373,0.190,28.422,0.242
133004,15.000,0.000,55.108,0.004,55.118,0.004,54.972,0.003,55.000,0.003,28.308,0.004,28.304,0.004,28.304,0.004,28.304,0.004,26.529,0.014,27.215,0.011,26.409,0.015,26.440,0.014,26.549,0.015,28.661,0.013,24.494,0.198,28.419,0.229
134004,15.000,0.000,55.110,0.004,55.118,0.004,54.972,0.003,55.000,0.003,28.310,0.004,28.304,0.004,28.304,0.004,28.306,0.004,26.529,0.014,27.216,0.011,26.409,0.015,26.440,0.014,26.549,0.015,28.661,0.013,24.686,0.210,28.410,0.218
135004,15.000,0.000,55.108,0.004,55.118,0.004,54.970,0.003,54.998,0.003,28.308,0.004,28.304,0.004,28.306,0.004,28.306,0.004,26.530,0.014,27.217,0.011,26.409,0.015,26.440,0.014,26.550,0.015,28.661,0.013,24.644,0.220,28.404,0.209
136004,15.000,0.000,55.106,0.004,55.120,0.004,54.972,0.003,55.000,0.003,28.308,0.004,28.304,0.004,28.304,0.004,28.304,0.004,26.530,0.014,27.216,0.011,26.411,0.015,26.441,0.014,26.551,0.015,28.662,0.013,24.696,0.231,28.384,0.202
137004,15.000,0.000,55.108,0.004,55.118,0.004,54.970,0.003,54.998,0.003,28.310,0.004,28.304,0.004,28.304,0.004,28.306,0.004,26.531,0.014,27.217,0.011,26.410,0.015,26.442,0.014,26.551,0.015,28.662,0.013,24.658,0.240,28.364,0.195
138004,15.000,0.000,55.110,0.004,55.120,0.004,54.970,0.003,55.000,0.003,28.310,0.004,28.304,0.004,28.306,0.004,28.306,0.004,26.531,0.014,27.218,0.011,26.410,0.015,26.442,0.014,26.552,0.015,28.662,0.013,24.657,0.248,28.354,0.189
139004,15.000,0.000,55.110,0.004,55.120,0.004,54.974,0.004,55.002,0.004,28.310,0.004,28.304,0.004,28.306,0.004,28.306,0.004,26.532,0.014,27.217,0.011,26.412,0.015,26.442,0.014,26.551,0.015,28.663,0.013,24.638,0.256,28.348,0.184
140004,15.000,0.000,55.108,0.004,55.118,0.004,54.972,0.004,55.000,0.004,28.310,0.004,28.304,0.004,28.306,0.004,28.306,0.004,26.532,0.014,27.219,0.011,26.413,0.015,26.442,0.014,26.552,0.015,28.662,0.013,24.660,0.264,28.327,0.179
141004,15.000,0.000,55.108,0.004,55.118,0.004,54.972,0.004,55.000,0.004,28.310,0.004,28.306,0.004,28.306,0.004,28.306,0.004,26.532,0.014,27.219,0.011,26.413,0.015,26.444,0.014,26.553,0.015,28.663,0.013,24.669,0.272,28.313,0.174
142004,15.000,0.000,55.108,0.004,55.120,0.004,54.974,0.004,55.002,0.004,28.310,0.004,28.304,0.004,28.306,0.004,28.306,0.004,26.534,0.014,27.219,0.011,26.413,0.015,26.444,0.014,26.553,0.015,28.664,0.013,24.723,0.280,28.321,0.170
143004,15.000,0.000,55.108,0.004,55.120,0.004,54.972,0.004,55.002,0.004,28.310,0.004,28.304,0.004,28.306,0.004,28.306,0.004,26.533,0.014,27.219,0.011,26.413,0.015,26.444,0.015,26.553,0.015,28.664,0.013,24.632,0.286,28.316,0.165
144004,15.001,0.000,55.108,0.004,55.120,0.004,54.972,0.004,55.002,0.004,28.310,0.004,28.304,0.004,28.306,0.004,28.306,0.004,26.535,0.014,27.219,0.011,26.414,0.015,26.444,0.014,26.554,0.015,28.667,0.014,24.618,0.292,28.266,0.160
145004,15.000,0.000,55.112,0.004,55.122,0.004,54.972,0.003,55.000,0.004,28.310,0.004,28.306,0.004,28.306,0.004,28.306,0.004,26.534,0.014,27.220,0.010,26.414,0.015,26.445,0.014,26.555,0.015,28.666,0.014,24.608,0.297,28.217,0.156
146004,15.001,0.000,55.108,0.004,55.120,0.004,54.974,0.003,55.002,0.004,28.310,0.004,28.304,0.004,28.306,0.004,28.306,0.004,26.535,0.014,27.220,0.010,26.414,0.015,26.446,0.015,26.555,0.015,28.667,0.014,24.604,0.301,28.190,0.153
147004,15.000,0.000,55.110,0.004,55.118,0.004,54.974,0.003,55.002,0.004,28.310,0.004,28.306,0.004,28.308,0.004,28.308,0.004,26.535,0.014,27.220,0.010,26.414,0.015,26.446,0.015,26.556,0.015,28.668,0.014,24.632,0.306,28.195,0.150
148004,15.000,0.000,55.110,0.004,55.116,0.004,54.974,0.004,55.002,0.004,28.310,0.004,28.306,0.004,28.306,0.004,28.306,0.004,26.536,0.014,27.220,0.010,26.415,0.015,26.446,0.015,26.554,0.015,28.669,0.014,24.595,0.310,28.199,0.148
149004,15.000,0.000,55.108,0.004,55.118,0.004,54.974,0.004,55.002,0.004,28.312,0.004,28.306,0.004,28.306,0.004,28.308,0.004,26.537,0.014,27.221,0.010,26.416,0.015,26.446,0.015,26.556,0.015,28.668,0.014,24.632,0.315,28.183,0.146
150005,15.000,0.000,55.110,0.004,55.122,0.004,54.972,0.004,55.002,0.004,28.310,0.004,28.304,0.004,28.308,0.004,28.308,0.004,26.537,0.014,27.221,0.010,26.416,0.015,26.446,0.014,26.556,0.015,28.669,0.014,24.639,0.321,28.167,0.146
151005,15.000,0.000,55.110,0.004,55.118,0.004,54.976,0.004,55.004,0.004,28.310,0.004,28.306,0.004,28.308,0.004,28.308,0.004,26.537,0.014,27.220,0.010,26.417,0.015,26.447,0.014,26.556,0.015,28.670,0.014,24.743,0.327,28.141,0.147
152005,15.000,0.000,55.110,0.004,55.122,0.004,54.974,0.004,55.002,0.004,28.312,0.004,28.306,0.004,28.308,0.004,28.308,0.004,26.538,0.014,27.221,0.010,26.417,0.015,26.448,0.014,26.557,0.015,28.670,0.014,24.701,0.333,28.108,0.149
153005,15.000,0.000,55.110,0.004,55.122,0.004,54.974,0.004,55.002,0.004,28.312,0.004,28.306,0.004,28.308,0.004,28.308,0.004,26.538,0.014,27.222,0.010,26.418,0.015,26.449,0.015,26.558,0.015,28.671,0.014,24.751,0.338,28.089,0.153
154005,15.001,0.000,55.108,0.004,55.122,0.004,54.976,0.004,55.004,0.004,28.312,0.004,28.306,0.004,28.308,0.004,28.308,0.004,26.539,0.014,27.223,0.010,26.418,0.015,26.448,0.015,26.558,0.015,28.672,0.014,24.758,0.343,28.106,0.156
155005,15.000,0.000,55.108,0.004,55.122,0.004,54.974,0.004,55.002,0.004,28.312,0.004,28.306,0.004,28.308,0.004,28.308,0.004,26.538,0.014,27.223,0.010,26.418,0.015,26.449,0.015,26.558,0.015,28.673,0.014,24.687,0.349,28.102,0.160
156005,15.000,0.000,55.110,0.004,55.120,0.004,54.972,0.004,55.000,0.004,28.312,0.004,28.306,0.004,28.308,0.004,28.308,0.004,26.538,0.014,27.223,0.010,26.419,0.015,26.449,0.015,26.559,0.015,28.673,0.014,24.358,0.347,28.073,0.166
157005,15.000,0.000,55.110,0.004,55.122,0.004,54.976,0.004,55.004,0.004,28.312,0.004,28.306,0.004,28.308,0.004,28.308,0.004,26.540,0.014,27.224,0.010,26.420,0.015,26.450,0.015,26.559,0.015,28.674,0.014,24.349,0.346,28.044,0.173
158005,15.000,0.000,55.110,0.004,55.124,0.004,54.972,0.004,55.002,0.004,28.312,0.004,28.306,0.004,28.308,0.004,28.308,0.004,26.540,0.014,27.224,0.010,26.419,0.015,26.450,0.015,26.560,0.015,28.674,0.014,24.343,0.345,28.029,0.180
159005,15.000,0.000,55.112,0.004,55.122,0.004,54.972,0.004,55.002,0.004,28.312,0.004,28.306,0.004,28.308,0.004,28.308,0.004,26.541,0.014,27.224,0.010,26.420,0.015,26.451,0.015,26.560,0.015,28.674,0.014,24.431,0.346,28.004,0.188
160005,15.001,0.000,55.110,0.004,55.120,0.004,54.974,0.004,55.002,0.004,28.312,0.004,28.306,0.004,28.308,0.004,28.308,0.004,26.541,0.014,27.224,0.010,26.420,0.015,26.451,0.015,26.560,0.015,28.674,0.015,24.447,0.347,28.000,0.196
161005,15.000,0.000,55.110,0.004,55.120,0.004,54.974,0.004,55.002,0.004,28.312,0.004,28.308,0.004,28.308,0.004,28.308,0.004,26.540,0.014,27.224,0.010,26.421,0.015,26.452,0.015,26.561,0.015,28.672,0.015,24.597,0.349,28.017,0.203
162005,15.000,0.000,55.112,0.004,55.120,0.004,54.974,0.004,55.002,0.004,28.312,0.004,28.308,0.004,28.308,0.004,28.308,0.004,26.542,0.014,27.225,0.010,26.421,0.015,26.452,0.015,26.561,0.015,28.673,0.015,24.622,0.350,28.036,0.209
163005,15.000,0.000,55.110,0.004,55.120,0.004,54.974,0.004,55.002,0.004,28.312,0.004,28.308,0.004,28.308,0.004,28.310,0.004,26.542,0.014,27.225,0.010,26.422,0.015,26.452,0.015,26.562,0.015,28.671,0.015,24.533,0.352,28.059,0.214
164005,15.000,0.000,55.110,0.004,55.122,0.004,54.976,0.004,55.004,0.004,28.312,0.004,28.308,0.004,28.308,0.004,28.308,0.004,26.543,0.014,27.225,0.010,26.423,0.015,26.454,0.015,26.562,0.015,28.669,0.015,24.482,0.352,28.084,0.219
165005,15.001,0.000,55.110,0.004,55.122,0.004,54.976,0.004,55.004,0.004,28.314,0.004,28.306,0.004,28.308,0.004,28.310,0.004,26.544,0.014,27.226,0.010,26.422,0.015,26.454,0.015,26.563,0.015,28.669,0.015,24.432,0.352,28.106,0.222
166005,15.001,0.000,55.110,0.004,55.122,0.004,54.976,0.004,55.004,0.004,28.312,0.004,28.308,0.004,28.308,0.004,28.308,0.004,26.543,0.014,27.227,0.010,26.422,0.015,26.454,0.015,26.563,0.015,28.668,0.015,24.450,0.352,28.114,0.225
167005,15.000,0.000,55.110,0.004,55.122,0.004,54.978,0.004,55.006,0.004,28.312,0.004,28.308,0.004,28.310,0.004,28.310,0.004,26.545,0.014,27.226,0.010,26.424,0.015,26.455,0.015,26.565,0.015,28.668,0.014,24.517,0.352,28.131,0.228
168005,15.000,0.000,55.110,0.004,55.124,0.004,54.972,0.004,55.002,0.004,28.314,0.004,28.308,0.004,28.308,0.004,28.308,0.004,26.544,0.014,27.226,0.010,26.423,0.015,26.455,0.015,26.564,0.015,28.665,0.014,24.483,0.352,28.146,0.230
169005,15.000,0.000,55.112,0.004,55.120,0.004,54.976,0.004,55.004,0.004,28.314,0.004,28.308,0.004,28.310,0.004,28.310,0.004,26.544,0.014,27.226,0.010,26.424,0.015,26.455,0.015,26.565,0.015,28.666,0.014,24.525,0.352,28.170,0.232
170005,15.000,0.000,55.112,0.004,55.124,0.004,54.976,0.004,55.004,0.004,28.312,0.004,28.308,0.004,28.310,0.004,28.310,0.004,26.544,0.014,27.228,0.010,26.425,0.015,26.456,0.015,26.565,0.015,28.665,0.014,24.427,0.352,28.204,0.233
171005,15.000,0.000,55.114,0.004,55.124,0.004,54.976,0.004,55.004,0.004,28.314,0.004,28.308,0.004,28.310,0.004,28.310,0.004,26.547,0.014,27.228,0.010,26.425,0.015,26.457,0.015,26.566,0.015,28.663,0.014,24.308,0.350,28.234,0.233
172005,15.000,0.000,55.110,0.004,55.124,0.004,54.974,0.004,55.002,0.004,28.314,0.004,28.308,0.004,28.310,0.004,28.310,0.004,26.546,0.014,27.228,0.010,26.425,0.015,26.456,0.015,26.567,0.015,28.661,0.014,24.357,0.349,28.264,0.233
173005,14.999,0.000,55.110,0.004,55.122,0.004,54.976,0.004,55.004,0.004,28.314,0.004,28.308,0.004,28.310,0.004,28.310,0.004,26.546,0.014,27.229,0.010,26.425,0.015,26.457,0.015,26.566,0.015,28.661,0.014,24.414,0.349,28.290,0.233
174005,15.000,0.000,55.112,0.004,55.124,0.004,54.978,0.004,55.006,0.004,28.314,0.004,28.308,0.004,28.310,0.004,28.310,0.004,26.548,0.014,27.228,0.010,26.426,0.015,26.457,0.015,26.566,0.015,28.658,0.014,24.394,0.348,28.300,0.233
175005,15.000,0.000,55.114,0.004,55.124,0.004,54.978,0.004,55.006,0.004,28.314,0.004,28.308,0.004,28.310,0.004,28.310,0.004,26.548,0.014,27.229,0.010,26.427,0.015,26.458,0.015,26.566,0.015,28.657,0.013,24.352,0.346,28.326,0.233
176005,15.000,0.000,55.114,0.004,55.120,0.004,54.978,0.004,55.006,0.004,28.314,0.004,28.308,0.004,28.308,0.004,28.310,0.004,26.548,0.014,27.229,0.010,26.427,0.015,26.458,0.015,26.568,0.015,28.656,0.013,24.400,0.344,28.355,0.232
177005,15.000,0.000,55.112,0.004,55.122,0.004,54.974,0.004,55.002,0.004,28.314,0.004,28.308,0.004,28.310,0.004,28.310,0.004,26.549,0.014,27.229,0.010,26.429,0.015,26.458,0.015,26.568,0.015,28.656,0.013,24.381,0.342,28.372,0.232
178005,15.000,0.000,55.110,0.004,55.120,0.004,54.976,0.004,55.004,0.004,28.314,0.004,28.308,0.004,28.310,0.004,28.310,0.004,26.549,0.014,27.230,0.010,26.428,0.015,26.459,0.015,26.568,0.015,28.655,0.013,24.136,0.339,28.370,0.232
179006,15.000,0.000,55.114,0.004,55.122,0.004,54.976,0.004,55.004,0.004,28.314,0.004,28.308,0.004,28.310,0.004,28.310,0.004,26.549,0.014,27.230,0.010,26.429,0.015,26.459,0.015,26.568,0.015,28.656,0.012,24.473,0.337,28.373,0.232
180006,14.999,0.000,55.114,0.004,55.120,0.004,54.976,0.004,55.004,0.004,28.314,0.004,28.310,0.004,28.310,0.004,28.310,0.004,26.550,0.014,27.230,0.010,26.430,0.015,26.459,0.015,26.569,0.015,28.656,0.012,24.184,0.335,28.374,0.232
181006,15.000,0.000,55.112,0.004,55.122,0.004,54.980,0.004,55.006,0.004,28.314,0.004,28.308,0.004,28.310,0.004,28.310,0.004,26.550,0.014,27.231,0.010,26.429,0.015,26.460,0.015,26.569,0.015,28.655,0.012,24.071,0.333,28.378,0.231
182006,15.005,0.001,55.114,0.004,55.124,0.004,54.976,0.004,55.004,0.004,28.314,0.004,28.310,0.004,28.310,0.004,28.312,0.004,26.550,0.014,27.232,0.010,26.430,0.015,26.459,0.015,26.570,0.015,28.655,0.012,24.252,0.331,28.373,0.231
183006,15.000,0.001,55.112,0.004,55.122,0.004,54.976,0.004,55.004,0.004,28.316,0.004,28.310,0.004,28.310,0.004,28.310,0.004,26.550,0.014,27.232,0.010,26.430,0.015,26.462,0.015,26.570,0.015,28.655,0.012,24.104,0.329,28.386,0.231
184006,14.999,0.001,55.110,0.004,55.126,0.004,54.978,0.004,55.006,0.004,28.314,0.004,28.310,0.004,28.310,0.004,28.310,0.004,26.549,0.014,27.232,0.010,26.430,0.015,26.461,0.015,26.571,0.015,28.656,0.011,24.065,0.327,28.396,0.231
185006,14.999,0.001,55.112,0.004,55.126,0.004,54.978,0.004,55.006,0.004,28.314,0.004,28.310,0.004,28.310,0.004,28.312,0.004,26.551,0.014,27.234,0.010,26.431,0.015,26.462,0.015,26.571,0.015,28.654,0.011,24.222,0.325,28.414,0.231
186006,14.999,0.001,55.114,0.004,55.122,0.004,54.978,0.004,55.006,0.004,28.316,0.004,28.310,0.004,28.312,0.004,28.312,0.004,26.551,0.014,27.234,0.010,26.431,0.015,26.462,0.015,26.571,0.015,28.654,0.011,24.249,0.323,28.427,0.231
187006,15.002,0.001,55.112,0.004,55.124,0.004,54.980,0.004,55.006,0.004,28.316,0.004,28.310,0.004,28.310,0.004,28.312,0.004,26.552,0.014,27.234,0.010,26.431,0.015,26.463,0.015,26.571,0.015,28.654,0.011,24.246,0.322,28.434,0.231
188006,15.002,0.001,55.110,0.004,55.126,0.004,54.976,0.004,55.004,0.004,28.314,0.004,28.310,0.004,28.312,0.004,28.312,0.004,26.552,0.014,27.234,0.010,26.432,0.015,26.462,0.015,26.572,0.015,28.652,0.011,24.255,0.320,28.424,0.231
189006,15.000,0.001,55.114,0.004,55.122,0.004,54.976,0.004,55.004,0.004,28.316,0.004,28.310,0.004,28.310,0.004,28.312,0.004,26.553,0.014,27.234,0.010,26.433,0.015,26.464,0.015,26.573,0.015,28.652,0.011,24.232,0.318,28.407,0.231
190006,15.000,0.001,55.112,0.004,55.124,0.004,54.978,0.004,55.006,0.004,28.316,0.004,28.310,0.004,28.312,0.004,28.312,0.004,26.553,0.014,27.234,0.010,26.433,0.015,26.464,0.015,26.573,0.015,28.650,0.010,24.246,0.318,28.371,0.231
191006,14.999,0.001,55.114,0.004,55.126,0.004,54.976,0.004,55.004,0.004,28.316,0.004,28.312,0.004,28.312,0.004,28.312,0.004,26.553,0.014,27.234,0.010,26.433,0.015,26.464,0.015,26.573,0.015,28.650,0.010,24.246,0.318,28.371,0.231
192006,15.001,0.001,55.116,0.004,55.122,0.004,54.976,0.004,55.004,0.004,28.316,0.004,28.310,0.004,28.312,0.004,28.312,0.004,26.554,0.014,27.235,0.010,26.434,0.015,26.465,0.015,26.574,0.015,28.648,0.010,24.200,0.318,28.330,0.231
193006,15.000,0.001,55.112,0.004,55.126,0.004,54.980,0.004,55.008,0.004,28.316,0.004,28.312,0.004,28.312,0.004,28.312,0.004,26.555,0.014,27.236,0.010,26.434,0.015,26.465,0.015,26.574,0.015,28.648,0.010,24.215,0.317,28.293,0.231
194006,14.999,0.001,55.114,0.004,55.122,0.004,54.976,0.004,55.004,0.004,28.316,0.004,28.312,0.004,28.312,0.004,28.312,0.004,26.554,0.014,27.235,0.010,26.435,0.015,26.466,0.015,26.575,0.015,28.646,0.010,24.216,0.316,28.278,0.231
195006,15.001,0.001,55.112,0.004,55.122,0.004,54.978,0.004,55.006,0.004,28.316,0.004,28.310,0.004,28.312,0.004,28.312,0.004,26.556,0.014,27.236,0.010,26.434,0.015,26.467,0.015,26.574,0.015,28.644,0.010,24.251,0.314,28.284,0.231
196006,15.000,0.001,55.112,0.004,55.122,0.004,54.980,0.004,55.008,0.004,28.316,0.004,28.310,0.004,28.312,0.004,28.312,0.004,26.555,0.014,27.236,0.010,26.436,0.015,26.466,0.015,26.575,0.015,28.642,0.010,24.150,0.312,28.291,0.231
197006,15.000,0.001,55.114,0.004,55.124,0.004,54.978,0.004,55.006,0.004,28.316,0.004,28.312,0.004,28.312,0.004,28.312,0.004,26.555,0.014,27.237,0.011,26.434,0.015,26.466,0.015,26.576,0.015,28.641,0.010,24.241,0.310,28.280,0.231
198006,15.000,0.001,55.114,0.004,55.122,0.004,54.978,0.004,55.006,0.004,28.316,0.004,28.310,0.004,28.312,0.004,28.312,0.004,26.557,0.014,27.236,0.011,26.436,0.015,26.466,0.015,26.576,0.015,28.639,0.010,24.264,0.308,28.268,0.231
199006,15.002,0.001,55.110,0.004,55.124,0.004,54.978,0.004,55.006,0.004,28.316,0.004,28.312,0.004,28.312,0.004,28.312,0.004,26.556,0.014,27.238,0.011,26.436,0.015,26.468,0.015,26.577,0.015,28.636,0.010,24.304,0.305,28.282,0.230
200006,15.003,0.001,55.114,0.004,55.126,0.004,54.980,0.004,55.008,0.004,28.316,0.004,28.312,0.004,28.314,0.004,28.314,0.004,26.556,0.014,27.238,0.011,26.436,0.015,26.468,0.015,26.576,0.015,28.636,0.010,24.323,0.301,28.308,0.230
201006,15.002,0.001,55.116,0.004,55.126,0.004,54.980,0.004,55.008,0.004,28.316,0.004,28.312,0.004,28.314,0.004,28.314,0.004,26.557,0.014,27.238,0.011,26.437,0.015,26.468,0.015,26.577,0.015,28.633,0.010,24.239,0.297,28.336,0.229
202006,14.997,0.001,55.112,0.004,55.126,0.004,54.980,0.004,55.008,0.004,28.318,0.004,28.312,0.004,28.314,0.004,28.314,0.004,26.557,0.014,27.238,0.011,26.438,0.015,26.468,0.015,26.577,0.015,28.631,0.010,24.181,0.293,28.348,0.228
203006,14.996,0.001,55.114,0.004,55.126,0.004,54.980,0.004,55.008,0.004,28.316,0.004,28.312,0.004,28.312,0.004,28.314,0.004,26.559,0.014,27.239,0.011,26.439,0.015,26.468,0.015,26.578,0.015,28.630,0.010,24.489,0.291,28.361,0.227
204006,14.999,0.001,55.116,0.004,55.126,0.004,54.980,0.004,55.008,0.004,28.318,0.004,28.312,0.004,28.314,0.004,28.314,0.004,26.559,0.014,27.240,0.011,26.438,0.015,26.469,0.015,26.579,0.015,28.629,0.010,24.360,0.290,28.373,0.226
205006,15.001,0.001,55.116,0.004,55.124,0.004,54.980,0.004,55.008,0.004,28.316,0.004,28.312,0.004,28.314,0.004,28.314,0.004,26.559,0.014,27.239,0.011,26.439,0.015,26.470,0.015,26.578,0.015,28.629,0.011,24.336,0.288,28.390,0.226
206006,15.000,0.001,55.114,0.004,55.124,0.003,54.980,0.004,55.008,0.004,28.318,0.004,28.312,0.004,28.314,0.004,28.314,0.004,26.559,0.014,27.240,0.011,26.438,0.015,26.470,0.015,26.579,0.015,28.628,0.011,24.250,0.286,28.396,0.225
207006,15.002,0.001,55.112,0.004,55.122,0.003,54.982,0.004,55.008,0.004,28.318,0.004,28.312,0.004,28.314,0.004,28.314,0.004,26.561,0.014,27.241,0.011,26.440,0.015,26.470,0.015,26.579,0.015,28.627,0.011,24.141,0.284,28.391,0.224
208007,15.001,0.001,55.116,0.004,55.124,0.003,54.980,0.004,55.008,0.004,28.318,0.004,28.312,0.004,28.314,0.004,28.314,0.004,26.560,0.014,27.240,0.011,26.440,0.015,26.471,0.015,26.580,0.015,28.627,0.011,24.119,0.283,28.393,0.223
