MS Elapsed,Bolo T,stddev,BB HBB Top,stddev,BB HBB Bottom,stddev,BB HBB Apex,stddev,BB HBB Avg,stddev,BB ABB Top,stddev,BB ABB Bottom,stddev,BB ABB Apex,stddev,BB ABB Avg,stddev,T Ch0,stddev,T Ch1,stddev,T Ch2,stddev,T Ch3,stddev,T Ch4,stddev,T Ch5,stddev,T Ch6,stddev,RH% Ch7,stddev
0,15.000,0.001,55.096,0.003,55.108,0.003,54.970,0.003,54.996,0.003,28.348,0.003,28.344,0.003,28.344,0.003,28.344,0.003,26.676,0.013,27.351,0.012,26.558,0.013,26.582,0.012,26.693,0.012,28.472,0.047,24.143,0.108,28.079,0.133
999,15.000,0.001,55.096,0.003,55.108,0.003,54.970,0.003,54.996,0.003,28.348,0.003,28.344,0.003,28.344,0.003,28.344,0.003,26.677,0.013,27.352,0.012,26.558,0.013,26.583,0.012,26.694,0.012,28.471,0.046,24.144,0.107,28.076,0.132
1999,15.002,0.001,55.094,0.003,55.108,0.003,54.970,0.003,54.996,0.003,28.348,0.003,28.344,0.003,28.344,0.003,28.344,0.003,26.677,0.013,27.354,0.012,26.558,0.013,26.582,0.012,26.693,0.012,28.471,0.046,24.038,0.107,28.072,0.132
2999,15.000,0.001,55.096,0.003,55.108,0.003,54.970,0.003,54.996,0.003,28.348,0.003,28.344,0.003,28.344,0.003,28.344,0.003,26.677,0.013,27.354,0.012,26.559,0.013,26.583,0.012,26.694,0.012,28.470,0.045,24.006,0.107,28.075,0.132
3999,14.999,0.001,55.096,0.003,55.108,0.003,54.970,0.003,54.996,0.003,28.348,0.003,28.344,0.003,28.344,0.003,28.344,0.003,26.676,0.013,27.353,0.012,26.559,0.013,26.583,0.012,26.695,0.012,28.470,0.045,24.044,0.107,28.067,0.132
4999,15.000,0.001,55.098,0.003,55.112,0.003,54.970,0.003,54.996,0.003,28.348,0.003,28.344,0.003,28.344,0.003,28.344,0.003,26.678,0.013,27.353,0.012,26.560,0.013,26.583,0.012,26.694,0.012,28.471,0.045,24.193,0.104,28.068,0.131
6000,15.001,0.001,55.094,0.003,55.108,0.003,54.970,0.003,54.996,0.003,28.348,0.003,28.344,0.003,28.344,0.003,28.344,0.003,26.678,0.013,27.354,0.012,26.560,0.013,26.583,0.012,26.695,0.012,28.471,0.044,24.068,0.103,28.066,0.130
7000,15.000,0.001,55.096,0.003,55.108,0.003,54.970,0.003,54.996,0.003,28.348,0.003,28.344,0.003,28.344,0.003,28.346,0.003,26.678,0.013,27.354,0.012,26.561,0.013,26.584,0.012,26.695,0.012,28.470,0.044,24.034,0.102,28.068,0.130
8000,15.000,0.001,55.096,0.003,55.110,0.003,54.970,0.003,54.996,0.003,28.348,0.003,28.344,0.003,28.344,0.003,28.344,0.003,26.678,0.013,27.354,0.012,26.560,0.013,26.585,0.012,26.695,0.012,28.470,0.043,24.140,0.101,28.063,0.128
9000,15.002,0.001,55.096,0.003,55.108,0.003,54.970,0.003,54.998,0.003,28.348,0.003,28.344,0.003,28.346,0.003,28.346,0.003,26.679,0.013,27.356,0.012,26.561,0.013,26.585,0.012,26.696,0.012,28.470,0.043,24.210,0.101,28.059,0.128
10000,14.999,0.001,55.094,0.003,55.106,0.003,54.968,0.003,54.994,0.003,28.348,0.003,28.344,0.003,28.346,0.003,28.346,0.003,26.681,0.013,27.355,0.012,26.561,0.013,26.585,0.012,26.696,0.012,28.470,0.042,24.154,0.100,28.054,0.127
11000,14.998,0.001,55.094,0.003,55.106,0.003,54.970,0.003,54.996,0.003,28.348,0.003,28.344,0.003,28.344,0.003,28.344,0.003,26.679,0.013,27.355,0.012,26.561,0.013,26.585,0.012,26.696,0.012,28.468,0.042,24.069,0.100,28.053,0.127
12000,14.999,0.001,55.096,0.003,55.104,0.003,54.968,0.003,54.994,0.003,28.348,0.003,28.344,0.003,28.346,0.003,28.346,0.003,26.681,0.013,27.356,0.012,26.563,0.013,26.586,0.012,26.698,0.012,28.469,0.041,24.052,0.100,28.046,0.127
13000,15.000,0.001,55.096,0.003,55.106,0.003,54.968,0.003,54.994,0.003,28.348,0.003,28.344,0.003,28.346,0.003,28.346,0.003,26.681,0.013,27.356,0.012,26.562,0.013,26.586,0.012,26.697,0.012,28.467,0.040,24.068,0.100,28.054,0.127
14000,15.000,0.001,55.092,0.003,55.106,0.003,54.970,0.003,54.996,0.003,28.348,0.003,28.344,0.003,28.346,0.003,28.346,0.003,26.681,0.013,27.356,0.012,26.562,0.013,26.586,0.012,26.698,0.012,28.466,0.040,24.108,0.100,28.061,0.127
15000,15.001,0.001,55.094,0.004,55.106,0.003,54.968,0.003,54.996,0.003,28.348,0.003,28.344,0.003,28.346,0.003,28.346,0.003,26.680,0.013,27.357,0.012,26.563,0.013,26.587,0.012,26.699,0.012,28.463,0.039,23.962,0.100,28.068,0.127
16000,15.000,0.001,55.094,0.004,55.108,0.003,54.970,0.003,54.996,0.003,28.348,0.003,28.344,0.003,28.346,0.003,28.346,0.003,26.682,0.013,27.356,0.012,26.563,0.013,26.587,0.012,26.699,0.012,28.462,0.039,24.166,0.099,28.075,0.127
17000,15.001,0.001,55.094,0.004,55.108,0.003,54.968,0.003,54.994,0.003,28.348,0.003,28.344,0.003,28.346,0.003,28.346,0.003,26.682,0.013,27.358,0.012,26.563,0.013,26.588,0.012,26.700,0.012,28.461,0.038,24.140,0.098,28.079,0.127
18000,15.001,0.001,55.096,0.004,55.108,0.003,54.968,0.003,54.994,0.003,28.348,0.003,28.344,0.003,28.346,0.003,28.346,0.003,26.682,0.013,27.358,0.012,26.564,0.013,26.588,0.012,26.699,0.012,28.459,0.038,24.052,0.097,28.091,0.127
19000,15.000,0.001,55.094,0.004,55.106,0.003,54.970,0.003,54.996,0.003,28.348,0.003,28.344,0.003,28.346,0.003,28.346,0.003,26.683,0.013,27.359,0.012,26.564,0.013,26.589,0.012,26.700,0.012,28.458,0.037,24.067,0.096,28.099,0.127
20000,15.000,0.001,55.092,0.004,55.106,0.003,54.968,0.003,54.994,0.003,28.350,0.003,28.344,0.003,28.346,0.003,28.346,0.003,26.684,0.013,27.358,0.012,26.565,0.013,26.589,0.012,26.699,0.012,28.456,0.037,24.064,0.094,28.112,0.127
21000,15.000,0.001,55.094,0.004,55.104,0.003,54.968,0.003,54.994,0.003,28.348,0.003,28.344,0.003,28.346,0.003,28.346,0.003,26.682,0.013,27.359,0.012,26.565,0.013,26.589,0.012,26.700,0.012,28.454,0.036,24.115,0.090,28.120,0.127
22000,14.999,0.001,55.098,0.004,55.104,0.003,54.966,0.003,54.992,0.003,28.348,0.003,28.344,0.003,28.346,0.003,28.346,0.003,26.683,0.013,27.359,0.012,26.566,0.013,26.589,0.012,26.700,0.012,28.453,0.035,24.057,0.087,28.130,0.127
23000,15.000,0.001,55.092,0.004,55.104,0.003,54.970,0.003,54.994,0.003,28.350,0.003,28.344,0.003,28.346,0.003,28.346,0.003,26.684,0.013,27.359,0.012,26.566,0.013,26.589,0.012,26.701,0.012,28.452,0.035,23.972,0.082,28.130,0.127
24000,15.000,0.001,55.092,0.004,55.106,0.003,54.968,0.003,54.994,0.003,28.350,0.003,28.344,0.003,28.346,0.003,28.346,0.003,26.685,0.013,27.360,0.012,26.566,0.013,26.590,0.012,26.701,0.012,28.451,0.034,23.946,0.082,28.134,0.128
25000,15.000,0.001,55.094,0.004,55.106,0.003,54.968,0.003,54.994,0.003,28.348,0.003,28.346,0.003,28.346,0.003,28.346,0.003,26.684,0.013,27.361,0.012,26.567,0.013,26.590,0.012,26.701,0.012,28.451,0.034,23.927,0.081,28.140,0.128
26000,15.000,0.001,55.096,0.004,55.106,0.003,54.968,0.003,54.996,0.003,28.348,0.003,28.344,0.003,28.346,0.003,28.346,0.003,26.685,0.013,27.359,0.012,26.567,0.013,26.590,0.012,26.701,0.012,28.451,0.033,23.965,0.081,28.163,0.129
27000,15.002,0.001,55.092,0.004,55.106,0.003,54.966,0.003,54.992,0.003,28.350,0.003,28.346,0.003,28.346,0.003,28.346,0.003,26.685,0.013,27.361,0.012,26.567,0.013,26.592,0.012,26.702,0.012,28.450,0.032,23.873,0.083,28.186,0.129
28000,15.003,0.001,55.094,0.004,55.108,0.003,54.968,0.003,54.994,0.003,28.350,0.003,28.346,0.003,28.346,0.003,28.346,0.003,26.685,0.013,27.361,0.012,26.568,0.013,26.592,0.012,26.703,0.012,28.449,0.032,23.787,0.088,28.218,0.131
29000,15.003,0.001,55.094,0.004,55.106,0.003,54.968,0.003,54.994,0.003,28.348,0.003,28.344,0.003,28.348,0.003,28.346,0.003,26.686,0.013,27.362,0.012,26.568,0.013,26.591,0.012,26.703,0.012,28.448,0.031,23.841,0.091,28.254,0.133
30000,15.002,0.001,55.094,0.004,55.106,0.003,54.968,0.003,54.994,0.003,28.350,0.003,28.344,0.003,28.346,0.003,28.346,0.003,26.686,0.013,27.362,0.012,26.568,0.013,26.592,0.012,26.703,0.012,28.448,0.030,23.853,0.093,28.297,0.137
31000,15.002,0.001,55.092,0.004,55.104,0.003,54.968,0.003,54.994,0.003,28.350,0.003,28.344,0.003,28.346,0.003,28.346,0.003,26.687,0.013,27.361,0.012,26.569,0.013,26.592,0.012,26.703,0.012,28.447,0.030,23.920,0.095,28.342,0.143
32000,15.000,0.001,55.094,0.004,55.104,0.003,54.970,0.003,54.996,0.003,28.348,0.003,28.346,0.003,28.346,0.003,28.346,0.003,26.686,0.012,27.361,0.011,26.569,0.013,26.593,0.012,26.703,0.012,28.446,0.029,23.812,0.098,28.373,0.149
33000,14.999,0.001,55.096,0.004,55.104,0.003,54.968,0.003,54.994,0.003,28.350,0.003,28.346,0.003,28.346,0.003,28.348,0.003,26.687,0.012,27.363,0.011,26.569,0.013,26.593,0.012,26.705,0.012,28.445,0.028,23.850,0.101,28.395,0.156
34000,14.999,0.001,55.092,0.004,55.106,0.003,54.966,0.003,54.994,0.003,28.350,0.003,28.346,0.003,28.346,0.003,28.346,0.003,26.688,0.012,27.363,0.011,26.569,0.013,26.593,0.012,26.704,0.012,28.445,0.028,23.860,0.103,28.413,0.164
35000,14.999,0.001,55.094,0.004,55.104,0.003,54.964,0.003,54.992,0.003,28.350,0.003,28.346,0.003,28.348,0.003,28.348,0.003,26.688,0.012,27.363,0.011,26.569,0.013,26.594,0.012,26.705,0.012,28.444,0.027,23.946,0.104,28.420,0.171
36000,15.000,0.001,55.092,0.004,55.106,0.003,54.966,0.003,54.992,0.003,28.350,0.003,28.346,0.003,28.346,0.003,28.346,0.003,26.688,0.012,27.363,0.011,26.570,0.013,26.594,0.012,26.705,0.012,28.442,0.027,23.878,0.105,28.425,0.178
37001,15.000,0.001,55.092,0.004,55.102,0.003,54.968,0.003,54.994,0.003,28.350,0.003,28.346,0.003,28.348,0.003,28.348,0.003,26.689,0.012,27.363,0.011,26.571,0.013,26.594,0.012,26.706,0.012,28.441,0.026,23.735,0.109,28.428,0.185
38001,14.999,0.001,55.092,0.004,55.104,0.003,54.964,0.003,54.990,0.004,28.350,0.003,28.346,0.003,28.348,0.003,28.348,0.003,26.690,0.012,27.363,0.011,26.571,0.013,26.594,0.012,26.705,0.012,28.441,0.026,23.683,0.115,28.431,0.191
39001,14.999,0.001,55.092,0.004,55.104,0.003,54.966,0.003,54.992,0.004,28.350,0.003,28.346,0.003,28.346,0.003,28.348,0.003,26.689,0.012,27.364,0.011,26.571,0.013,26.595,0.012,26.707,0.012,28.441,0.026,23.680,0.121,28.433,0.197
40001,14.999,0.001,55.090,0.004,55.104,0.003,54.966,0.003,54.992,0.004,28.350,0.003,28.346,0.003,28.348,0.003,28.348,0.003,26.691,0.012,27.364,0.011,26.572,0.013,26.595,0.012,26.707,0.012,28.440,0.026,23.724,0.125,28.426,0.202
41001,15.000,0.001,55.096,0.004,55.104,0.003,54.964,0.004,54.992,0.004,28.350,0.003,28.346,0.003,28.346,0.003,28.346,0.003,26.691,0.012,27.364,0.011,26.572,0.013,26.595,0.012,26.707,0.012,28.441,0.025,23.660,0.130,28.419,0.206
42001,15.000,0.001,55.092,0.004,55.100,0.003,54.966,0.004,54.992,0.004,28.350,0.003,28.346,0.003,28.348,0.003,28.348,0.003,26.691,0.012,27.365,0.011,26.572,0.013,26.596,0.012,26.707,0.012,28.440,0.025,23.704,0.133,28.419,0.210
43001,15.000,0.001,55.090,0.004,55.104,0.003,54.966,0.003,54.992,0.004,28.350,0.003,28.346,0.003,28.348,0.003,28.348,0.003,26.690,0.012,27.365,0.011,26.572,0.013,26.596,0.012,26.707,0.012,28.441,0.025,23.878,0.134,28.431,0.214
44001,15.002,0.001,55.094,0.004,55.106,0.003,54.966,0.003,54.994,0.003,28.350,0.003,28.346,0.003,28.348,0.003,28.348,0.003,26.691,0.012,27.365,0.011,26.573,0.013,26.597,0.012,26.708,0.012,28.442,0.025,23.892,0.134,28.442,0.218
45001,15.000,0.001,55.090,0.004,55.102,0.003,54.966,0.003,54.992,0.004,28.350,0.003,28.346,0.003,28.348,0.003,28.348,0.003,26.692,0.012,27.365,0.011,26.573,0.013,26.596,0.012,26.708,0.012,28.443,0.024,23.831,0.135,28.457,0.223
46001,15.000,0.001,55.094,0.004,55.104,0.003,54.968,0.003,54.994,0.003,28.350,0.003,28.346,0.003,28.348,0.003,28.348,0.003,26.692,0.012,27.366,0.011,26.574,0.013,26.597,0.011,26.708,0.012,28.443,0.024,23.833,0.136,28.471,0.228
47001,15.000,0.001,55.090,0.004,55.102,0.003,54.964,0.003,54.992,0.003,28.350,0.003,28.346,0.003,28.348,0.003,28.348,0.003,26.692,0.012,27.366,0.011,26.574,0.013,26.597,0.011,26.710,0.012,28.443,0.024,23.724,0.139,28.483,0.233
48001,15.000,0.001,55.092,0.004,55.102,0.003,54.966,0.003,54.992,0.003,28.350,0.003,28.346,0.003,28.348,0.003,28.348,0.003,26.692,0.012,27.366,0.011,26.574,0.013,26.597,0.011,26.710,0.012,28.443,0.024,23.724,0.139,28.483,0.233
49001,15.000,0.001,55.092,0.004,55.104,0.003,54.966,0.003,54.992,0.003,28.352,0.003,28.348,0.003,28.348,0.003,28.348,0.003,26.692,0.012,27.366,0.011,26.574,0.013,26.596,0.011,26.709,0.012,28.444,0.023,23.837,0.141,28.482,0.239
50001,15.000,0.001,55.092,0.004,55.104,0.003,54.964,0.004,54.992,0.003,28.350,0.003,28.348,0.003,28.348,0.003,28.348,0.003,26.693,0.012,27.366,0.011,26.575,0.013,26.597,0.011,26.709,0.012,28.445,0.023,23.848,0.141,28.488,0.244
51001,15.003,0.001,55.092,0.004,55.104,0.003,54.964,0.004,54.992,0.003,28.350,0.003,28.346,0.003,28.348,0.003,28.348,0.003,26.693,0.012,27.367,0.011,26.575,0.013,26.597,0.011,26.709,0.012,28.445,0.023,23.939,0.141,28.488,0.248
52001,15.002,0.001,55.090,0.004,55.102,0.004,54.966,0.004,54.992,0.003,28.352,0.003,28.348,0.003,28.348,0.003,28.348,0.003,26.694,0.012,27.368,0.011,26.576,0.013,26.599,0.011,26.710,0.012,28.445,0.022,23.919,0.141,28.492,0.251
53001,15.000,0.001,55.092,0.004,55.102,0.004,54.966,0.003,54.992,0.003,28.352,0.003,28.348,0.003,28.348,0.003,28.348,0.003,26.694,0.012,27.368,0.011,26.575,0.013,26.598,0.011,26.710,0.012,28.444,0.022,23.913,0.141,28.504,0.255
54001,15.000,0.001,55.088,0.004,55.102,0.004,54.964,0.004,54.990,0.003,28.350,0.003,28.348,0.003,28.348,0.003,28.348,0.003,26.695,0.012,27.368,0.011,26.577,0.013,26.598,0.011,26.710,0.012,28.444,0.022,23.925,0.141,28.515,0.258
55001,15.000,0.001,55.090,0.004,55.104,0.004,54.968,0.003,54.994,0.003,28.352,0.003,28.348,0.003,28.348,0.003,28.348,0.003,26.695,0.012,27.367,0.011,26.577,0.013,26.599,0.011,26.712,0.012,28.444,0.021,23.922,0.142,28.517,0.260
56001,15.000,0.001,55.092,0.004,55.104,0.004,54.964,0.003,54.990,0.003,28.352,0.003,28.348,0.003,28.348,0.003,28.348,0.003,26.696,0.012,27.368,0.011,26.576,0.013,26.599,0.011,26.711,0.012,28.444,0.021,23.932,0.142,28.523,0.262
57001,15.000,0.001,55.092,0.004,55.104,0.004,54.964,0.003,54.990,0.003,28.352,0.003,28.348,0.003,28.348,0.003,28.348,0.003,26.696,0.012,27.368,0.011,26.577,0.012,26.600,0.011,26.711,0.012,28.443,0.021,23.961,0.142,28.523,0.264
58001,15.000,0.001,55.094,0.004,55.104,0.004,54.962,0.004,54.990,0.003,28.352,0.003,28.348,0.003,28.348,0.003,28.348,0.003,26.695,0.012,27.370,0.011,26.577,0.012,26.600,0.011,26.712,0.012,28.444,0.020,23.927,0.142,28.518,0.265
59001,15.000,0.001,55.088,0.004,55.102,0.003,54.966,0.004,54.992,0.003,28.350,0.003,28.348,0.003,28.348,0.003,28.348,0.003,26.695,0.012,27.370,0.011,26.578,0.012,26.601,0.011,26.711,0.012,28.445,0.020,23.809,0.144,28.516,0.266
60001,14.999,0.001,55.090,0.004,55.102,0.004,54.964,0.004,54.990,0.003,28.352,0.003,28.348,0.003,28.350,0.003,28.350,0.003,26.695,0.012,27.370,0.011,26.578,0.012,26.601,0.011,26.714,0.012,28.444,0.020,23.837,0.145,28.521,0.267
61001,14.999,0.001,55.090,0.004,55.104,0.003,54.962,0.004,54.988,0.004,28.352,0.003,28.346,0.003,28.348,0.003,28.348,0.003,26.697,0.012,27.370,0.011,26.578,0.012,26.601,0.011,26.712,0.012,28.445,0.020,23.790,0.147,28.529,0.269
62001,15.000,0.001,55.088,0.004,55.102,0.003,54.964,0.004,54.990,0.004,28.352,0.003,28.346,0.003,28.350,0.003,28.350,0.003,26.697,0.012,27.369,0.011,26.579,0.012,26.601,0.011,26.713,0.012,28.446,0.019,23.836,0.148,28.550,0.271
63001,15.000,0.001,55.088,0.004,55.102,0.003,54.964,0.004,54.990,0.004,28.350,0.003,28.346,0.003,28.350,0.003,28.350,0.003,26.697,0.012,27.370,0.011,26.578,0.012,26.601,0.011,26.714,0.012,28.447,0.019,23.862,0.149,28.570,0.273
64001,15.000,0.001,55.090,0.004,55.104,0.003,54.966,0.004,54.992,0.004,28.352,0.003,28.348,0.003,28.348,0.003,28.350,0.003,26.697,0.012,27.370,0.011,26.579,0.012,26.602,0.011,26.714,0.012,28.448,0.019,23.878,0.149,28.590,0.277
65002,15.000,0.001,55.088,0.004,55.104,0.003,54.968,0.004,54.994,0.003,28.352,0.003,28.348,0.003,28.350,0.003,28.350,0.003,26.699,0.012,27.371,0.011,26.580,0.012,26.601,0.011,26.715,0.012,28.448,0.018,23.922,0.149,28.604,0.280
66002,15.001,0.001,55.090,0.004,55.100,0.003,54.964,0.004,54.990,0.004,28.352,0.003,28.348,0.003,28.350,0.003,28.350,0.003,26.698,0.012,27.371,0.011,26.580,0.012,26.603,0.011,26.715,0.012,28.449,0.018,23.849,0.150,28.615,0.284
67002,15.000,0.001,55.090,0.004,55.102,0.003,54.962,0.004,54.990,0.003,28.352,0.003,28.348,0.003,28.350,0.003,28.350,0.003,26.699,0.012,27.371,0.011,26.581,0.012,26.602,0.011,26.715,0.012,28.449,0.018,23.951,0.150,28.637,0.289
68002,15.000,0.001,55.092,0.004,55.106,0.003,54.964,0.004,54.992,0.003,28.352,0.003,28.348,0.003,28.350,0.003,28.350,0.003,26.699,0.012,27.372,0.011,26.581,0.012,26.604,0.011,26.715,0.012,28.450,0.018,24.117,0.150,28.687,0.295
69002,15.000,0.001,55.090,0.004,55.100,0.003,54.962,0.004,54.988,0.003,28.352,0.003,28.348,0.003,28.350,0.003,28.350,0.003,26.698,0.012,27.372,0.011,26.581,0.012,26.603,0.011,26.717,0.012,28.450,0.017,24.061,0.149,28.714,0.302
70002,15.000,0.001,55.086,0.004,55.102,0.003,54.962,0.004,54.988,0.004,28.352,0.003,28.348,0.003,28.348,0.003,28.348,0.003,26.699,0.012,27.371,0.011,26.582,0.012,26.604,0.011,26.716,0.012,28.450,0.017,24.092,0.148,28.725,0.309
71002,15.002,0.001,55.092,0.004,55.102,0.003,54.962,0.004,54.990,0.004,28.352,0.003,28.348,0.003,28.350,0.003,28.350,0.003,26.701,0.012,27.373,0.011,26.582,0.012,26.603,0.011,26.717,0.012,28.450,0.017,24.063,0.148,28.726,0.316
72002,15.000,0.001,55.090,0.004,55.102,0.003,54.966,0.004,54.992,0.004,28.352,0.003,28.348,0.003,28.350,0.003,28.350,0.003,26.700,0.012,27.372,0.011,26.582,0.012,26.605,0.011,26.716,0.012,28.449,0.017,23.964,0.147,28.728,0.323
73002,15.000,0.001,55.090,0.004,55.102,0.003,54.966,0.004,54.992,0.004,28.352,0.003,28.348,0.003,28.348,0.003,28.350,0.003,26.700,0.012,27.372,0.011,26.583,0.012,26.606,0.011,26.717,0.012,28.449,0.016,23.951,0.147,28.758,0.330
74002,15.001,0.001,55.090,0.004,55.102,0.003,54.966,0.004,54.992,0.004,28.352,0.003,28.348,0.003,28.348,0.003,28.350,0.003,26.702,0.012,27.373,0.011,26.583,0.012,26.605,0.011,26.718,0.012,28.449,0.016,23.991,0.146,28.796,0.338
75002,15.001,0.001,55.090,0.004,55.100,0.004,54.964,0.004,54.990,0.003,28.352,0.003,28.348,0.003,28.350,0.003,28.350,0.003,26.701,0.012,27.373,0.011,26.583,0.012,26.605,0.011,26.718,0.012,28.450,0.016,24.015,0.145,28.817,0.346
76002,14.999,0.001,55.088,0.004,55.100,0.004,54.962,0.004,54.988,0.003,28.352,0.003,28.348,0.003,28.350,0.003,28.350,0.003,26.702,0.012,27.375,0.011,26.583,0.012,26.605,0.011,26.718,0.012,28.450,0.015,24.046,0.144,28.828,0.355
77002,14.998,0.001,55.088,0.004,55.102,0.004,54.962,0.004,54.988,0.004,28.352,0.003,28.348,0.003,28.350,0.003,28.350,0.003,26.703,0.012,27.374,0.010,26.583,0.012,26.606,0.011,26.719,0.012,28.450,0.015,23.776,0.145,28.834,0.363
78002,14.999,0.001,55.090,0.004,55.100,0.004,54.962,0.004,54.988,0.004,28.352,0.003,28.348,0.003,28.350,0.003,28.350,0.003,26.701,0.012,27.374,0.010,26.584,0.012,26.606,0.011,26.719,0.012,28.449,0.015,23.816,0.146,28.837,0.371
79002,14.999,0.001,55.090,0.004,55.100,0.004,54.964,0.004,54.990,0.004,28.352,0.003,28.348,0.003,28.350,0.003,28.350,0.003,26.703,0.012,27.375,0.010,26.585,0.012,26.606,0.011,26.719,0.012,28.449,0.014,23.711,0.148,28.833,0.379
80002,15.000,0.001,55.086,0.004,55.102,0.004,54.964,0.004,54.990,0.004,28.354,0.003,28.350,0.003,28.350,0.003,28.350,0.003,26.704,0.012,27.376,0.010,26.584,0.012,26.607,0.011,26.720,0.012,28.449,0.014,23.650,0.151,28.811,0.386
81002,15.001,0.001,55.090,0.004,55.100,0.004,54.962,0.004,54.988,0.004,28.352,0.003,28.350,0.003,28.350,0.003,28.350,0.003,26.704,0.012,27.375,0.010,26.585,0.012,26.606,0.011,26.720,0.012,28.448,0.014,23.950,0.151,28.793,0.391
82002,15.002,0.001,55.088,0.004,55.102,0.004,54.964,0.004,54.990,0.004,28.354,0.003,28.348,0.003,28.350,0.003,28.350,0.003,26.704,0.012,27.375,0.010,26.585,0.012,26.608,0.011,26.720,0.012,28.448,0.014,23.934,0.151,28.779,0.396
83002,15.000,0.001,55.088,0.004,55.100,0.004,54.962,0.004,54.990,0.004,28.352,0.003,28.350,0.003,28.350,0.003,28.350,0.003,26.704,0.012,27.376,0.010,26.585,0.012,26.608,0.011,26.720,0.012,28.447,0.014,23.941,0.149,28.780,0.400
84002,15.001,0.001,55.088,0.004,55.102,0.004,54.966,0.004,54.992,0.003,28.354,0.003,28.348,0.003,28.350,0.003,28.350,0.003,26.705,0.012,27.375,0.010,26.586,0.012,26.609,0.011,26.720,0.012,28.448,0.013,23.999,0.148,28.784,0.404
85002,15.002,0.001,55.088,0.004,55.102,0.004,54.962,0.004,54.988,0.003,28.354,0.003,28.350,0.003,28.350,0.003,28.350,0.003,26.706,0.012,27.375,0.010,26.586,0.012,26.608,0.011,26.722,0.012,28.446,0.013,23.989,0.147,28.800,0.409
86002,15.000,0.001,55.090,0.004,55.098,0.004,54.960,0.004,54.986,0.003,28.354,0.003,28.348,0.003,28.352,0.003,28.352,0.003,26.705,0.012,27.375,0.010,26.587,0.012,26.609,0.011,26.721,0.012,28.447,0.013,23.851,0.147,28.809,0.413
87002,15.000,0.001,55.090,0.004,55.098,0.004,54.960,0.004,54.988,0.003,28.352,0.003,28.350,0.003,28.350,0.003,28.350,0.003,26.706,0.012,27.376,0.010,26.587,0.012,26.609,0.011,26.722,0.012,28.447,0.013,23.849,0.147,28.819,0.418
88002,15.000,0.001,55.088,0.004,55.102,0.004,54.962,0.004,54.988,0.003,28.354,0.003,28.350,0.003,28.350,0.003,28.352,0.003,26.706,0.012,27.377,0.010,26.588,0.012,26.610,0.011,26.722,0.012,28.447,0.013,23.926,0.146,28.820,0.423
89002,15.000,0.001,55.086,0.004,55.098,0.004,54.962,0.004,54.988,0.003,28.354,0.003,28.350,0.003,28.350,0.003,28.350,0.003,26.707,0.012,27.377,0.010,26.587,0.012,26.610,0.011,26.722,0.012,28.448,0.013,23.920,0.146,28.820,0.428
90002,15.000,0.001,55.090,0.004,55.100,0.004,54.962,0.004,54.990,0.003,28.354,0.003,28.350,0.003,28.352,0.003,28.352,0.003,26.706,0.012,27.377,0.010,26.588,0.012,26.610,0.011,26.723,0.012,28.447,0.013,23.848,0.145,28.815,0.431
91002,15.001,0.001,55.088,0.004,55.102,0.004,54.960,0.004,54.986,0.003,28.354,0.003,28.348,0.003,28.352,0.003,28.352,0.003,26.707,0.012,27.377,0.010,26.588,0.012,26.610,0.011,26.723,0.012,28.447,0.013,23.919,0.145,28.819,0.435
92002,15.001,0.001,55.086,0.004,55.104,0.004,54.962,0.004,54.990,0.003,28.354,0.003,28.350,0.003,28.352,0.003,28.352,0.003,26.707,0.012,27.377,0.010,26.588,0.012,26.611,0.011,26.723,0.012,28.448,0.013,23.882,0.144,28.816,0.438
93002,15.001,0.001,55.088,0.004,55.100,0.004,54.962,0.004,54.988,0.003,28.354,0.003,28.350,0.003,28.352,0.003,28.352,0.003,26.708,0.012,27.377,0.010,26.589,0.012,26.612,0.011,26.724,0.012,28.447,0.013,23.898,0.144,28.816,0.441
94002,15.000,0.001,55.088,0.004,55.102,0.004,54.960,0.004,54.988,0.003,28.354,0.003,28.350,0.003,28.352,0.003,28.352,0.003,26.708,0.012,27.378,0.010,26.589,0.012,26.612,0.011,26.723,0.012,28.446,0.013,23.840,0.144,28.820,0.444
95003,14.999,0.001,55.088,0.004,55.100,0.004,54.964,0.004,54.990,0.003,28.354,0.003,28.350,0.003,28.352,0.003,28.352,0.003,26.708,0.012,27.379,0.010,26.589,0.012,26.612,0.011,26.724,0.012,28.446,0.013,23.793,0.144,28.817,0.446
96003,14.999,0.001,55.088,0.004,55.098,0.004,54.960,0.004,54.986,0.003,28.354,0.003,28.350,0.003,28.350,0.003,28.350,0.003,26.707,0.012,27.378,0.010,26.591,0.012,26.611,0.011,26.724,0.012,28.445,0.013,23.855,0.144,28.815,0.448
97003,14.999,0.001,55.088,0.004,55.100,0.004,54.962,0.004,54.988,0.003,28.354,0.003,28.348,0.003,28.350,0.003,28.352,0.003,26.709,0.012,27.379,0.010,26.590,0.012,26.612,0.011,26.724,0.012,28.444,0.012,23.799,0.145,28.813,0.450
98003,15.000,0.001,55.088,0.004,55.100,0.004,54.958,0.004,54.986,0.003,28.354,0.003,28.350,0.003,28.352,0.003,28.352,0.003,26.709,0.012,27.379,0.010,26.591,0.012,26.613,0.011,26.725,0.012,28.445,0.012,23.795,0.145,28.809,0.451
99003,15.000,0.001,55.090,0.004,55.100,0.003,54.960,0.004,54.988,0.003,28.354,0.003,28.350,0.003,28.352,0.003,28.352,0.003,26.709,0.012,27.379,0.010,26.591,0.012,26.613,0.011,26.726,0.012,28.446,0.012,23.838,0.145,28.810,0.452
100003,15.001,0.001,55.088,0.004,55.100,0.004,54.962,0.004,54.988,0.003,28.354,0.003,28.350,0.003,28.352,0.003,28.352,0.003,26.709,0.012,27.380,0.010,26.591,0.012,26.613,0.011,26.726,0.012,28.446,0.012,23.848,0.143,28.814,0.452
101003,15.000,0.001,55.088,0.004,55.102,0.003,54.962,0.004,54.988,0.003,28.354,0.003,28.350,0.003,28.352,0.003,28.352,0.003,26.711,0.012,27.379,0.010,26.592,0.012,26.613,0.011,26.726,0.012,28.445,0.012,23.870,0.143,28.812,0.453
102003,15.000,0.001,55.088,0.004,55.100,0.003,54.960,0.004,54.986,0.003,28.354,0.003,28.350,0.003,28.352,0.003,28.352,0.003,26.710,0.012,27.379,0.010,26.592,0.012,26.614,0.011,26.727,0.012,28.446,0.012,23.825,0.143,28.820,0.453
103003,15.001,0.001,55.090,0.003,55.102,0.003,54.962,0.004,54.988,0.003,28.354,0.003,28.350,0.003,28.352,0.003,28.352,0.003,26.711,0.012,27.379,0.010,26.593,0.012,26.614,0.011,26.727,0.012,28.445,0.012,23.805,0.144,28.819,0.454
104003,15.000,0.001,55.086,0.003,55.100,0.003,54.962,0.004,54.988,0.003,28.354,0.003,28.350,0.003,28.352,0.003,28.352,0.003,26.712,0.012,27.379,0.010,26.593,0.012,26.613,0.011,26.727,0.012,28.445,0.012,23.811,0.142,28.822,0.455
105003,15.000,0.001,55.088,0.003,55.100,0.003,54.964,0.004,54.990,0.003,28.354,0.003,28.352,0.003,28.352,0.003,28.352,0.003,26.711,0.012,27.380,0.010,26.594,0.012,26.615,0.011,26.727,0.012,28.445,0.012,23.843,0.140,28.826,0.456
106003,15.000,0.001,55.088,0.003,55.100,0.003,54.960,0.004,54.986,0.003,28.354,0.003,28.350,0.003,28.352,0.003,28.352,0.003,26.712,0.012,27.381,0.010,26.593,0.012,26.615,0.011,26.727,0.012,28.446,0.011,23.813,0.138,28.829,0.458
107003,15.001,0.001,55.088,0.003,55.098,0.003,54.964,0.003,54.990,0.003,28.354,0.002,28.352,0.003,28.352,0.003,28.352,0.003,26.712,0.012,27.380,0.010,26.594,0.012,26.615,0.011,26.728,0.012,28.447,0.011,23.842,0.134,28.834,0.459
108003,15.001,0.001,55.088,0.003,55.100,0.003,54.960,0.004,54.988,0.003,28.354,0.002,28.350,0.003,28.352,0.003,28.352,0.003,26.712,0.012,27.381,0.010,26.594,0.012,26.616,0.011,26.728,0.012,28.447,0.011,23.735,0.133,28.837,0.461
109003,15.000,0.001,55.086,0.003,55.100,0.003,54.960,0.004,54.988,0.003,28.354,0.002,28.350,0.003,28.352,0.003,28.352,0.003,26.713,0.012,27.380,0.010,26.594,0.012,26.617,0.011,26.729,0.012,28.448,0.011,23.739,0.132,28.841,0.463
110003,15.001,0.001,55.084,0.003,55.098,0.003,54.960,0.004,54.986,0.003,28.356,0.002,28.350,0.003,28.352,0.003,28.352,0.003,26.712,0.012,27.380,0.009,26.594,0.012,26.616,0.011,26.729,0.012,28.448,0.011,23.746,0.131,28.838,0.464
111003,15.000,0.001,55.088,0.003,55.102,0.003,54.960,0.003,54.986,0.003,28.354,0.002,28.350,0.003,28.352,0.003,28.352,0.003,26.713,0.012,27.382,0.009,26.595,0.012,26.616,0.011,26.729,0.012,28.449,0.010,23.755,0.131,28.839,0.466
112003,15.000,0.001,55.088,0.003,55.100,0.003,54.958,0.004,54.986,0.003,28.356,0.002,28.350,0.003,28.352,0.003,28.352,0.003,26.714,0.012,27.381,0.009,26.596,0.012,26.616,0.011,26.729,0.012,28.449,0.010,23.751,0.132,28.839,0.467
113003,14.999,0.001,55.086,0.003,55.100,0.003,54.958,0.004,54.986,0.003,28.354,0.002,28.350,0.002,28.352,0.003,28.352,0.003,26.714,0.012,27.381,0.009,26.595,0.012,26.617,0.011,26.730,0.012,28.451,0.010,23.800,0.130,28.838,0.467
114003,15.000,0.001,55.088,0.003,55.100,0.003,54.960,0.003,54.988,0.003,28.354,0.002,28.350,0.002,28.352,0.003,28.352,0.003,26.715,0.012,27.382,0.009,26.595,0.012,26.617,0.011,26.729,0.012,28.452,0.010,24.042,0.130,28.835,0.467
115003,15.000,0.001,55.088,0.003,55.098,0.003,54.958,0.004,54.986,0.003,28.354,0.002,28.350,0.002,28.352,0.003,28.352,0.003,26.715,0.012,27.381,0.009,26.596,0.012,26.618,0.011,26.730,0.012,28.454,0.009,23.917,0.130,28.836,0.467
116003,15.001,0.001,55.086,0.003,55.098,0.003,54.962,0.004,54.988,0.003,28.356,0.002,28.350,0.002,28.354,0.003,28.354,0.003,26.715,0.012,27.383,0.009,26.596,0.012,26.618,0.011,26.731,0.012,28.454,0.009,23.971,0.129,28.836,0.466
117003,15.003,0.001,55.088,0.003,55.098,0.003,54.960,0.004,54.986,0.003,28.354,0.002,28.352,0.002,28.354,0.003,28.354,0.003,26.715,0.012,27.383,0.009,26.596,0.012,26.619,0.011,26.731,0.012,28.456,0.009,24.010,0.128,28.835,0.465
118003,15.002,0.001,55.088,0.003,55.100,0.003,54.960,0.003,54.986,0.003,28.356,0.002,28.352,0.002,28.352,0.003,28.352,0.003,26.715,0.012,27.382,0.009,26.597,0.012,26.618,0.011,26.731,0.011,28.456,0.009,23.965,0.128,28.833,0.463
119003,15.000,0.001,55.086,0.003,55.098,0.003,54.960,0.003,54.986,0.003,28.354,0.002,28.352,0.002,28.352,0.003,28.352,0.003,26.715,0.012,27.382,0.009,26.597,0.012,26.619,0.011,26.731,0.011,28.456,0.009,23.938,0.127,28.831,0.461
120003,14.999,0.001,55.088,0.003,55.098,0.003,54.960,0.003,54.986,0.003,28.354,0.002,28.350,0.002,28.354,0.003,28.354,0.003,26.717,0.012,27.384,0.009,26.598,0.012,26.620,0.011,26.732,0.011,28.457,0.008,23.903,0.125,28.834,0.459
121003,14.999,0.001,55.088,0.003,55.100,0.003,54.960,0.003,54.988,0.003,28.356,0.002,28.352,0.002,28.354,0.003,28.354,0.003,26.717,0.012,27.384,0.009,26.598,0.012,26.620,0.011,26.732,0.011,28.457,0.008,23.903,0.125,28.834,0.459
122003,15.000,0.001,55.088,0.003,55.098,0.003,54.958,0.003,54.986,0.003,28.356,0.002,28.352,0.002,28.354,0.003,28.354,0.003,26.716,0.012,27.383,0.009,26.598,0.012,26.619,0.011,26.732,0.011,28.458,0.008,23.882,0.123,28.836,0.457
123003,14.999,0.001,55.088,0.003,55.100,0.003,54.958,0.003,54.986,0.003,28.356,0.002,28.352,0.002,28.352,0.003,28.352,0.003,26.716,0.012,27.385,0.009,26.598,0.012,26.620,0.011,26.733,0.011,28.458,0.008,23.800,0.122,28.836,0.454
124004,14.999,0.001,55.088,0.003,55.100,0.003,54.958,0.003,54.986,0.003,28.354,0.002,28.352,0.002,28.354,0.003,28.354,0.003,26.717,0.012,27.383,0.009,26.599,0.012,26.620,0.011,26.733,0.011,28.458,0.008,23.828,0.122,28.839,0.451
125004,15.000,0.001,55.086,0.003,55.098,0.003,54.960,0.003,54.986,0.003,28.356,0.002,28.352,0.002,28.354,0.003,28.354,0.003,26.718,0.012,27.384,0.009,26.600,0.012,26.621,0.011,26.733,0.011,28.459,0.008,23.842,0.121,28.838,0.447
126004,15.000,0.001,55.088,0.003,55.100,0.003,54.958,0.003,54.986,0.003,28.356,0.002,28.352,0.003,28.354,0.003,28.354,0.003,26.717,0.012,27.385,0.009,26.601,0.012,26.621,0.011,26.734,0.011,28.459,0.008,23.799,0.121,28.842,0.443
127004,15.000,0.001,55.084,0.003,55.096,0.003,54.958,0.003,54.984,0.003,28.356,0.002,28.352,0.003,28.354,0.003,28.354,0.003,26.718,0.012,27.384,0.009,26.600,0.012,26.622,0.011,26.735,0.011,28.458,0.007,23.758,0.119,28.848,0.440
128004,15.000,0.001,55.082,0.003,55.100,0.003,54.960,0.003,54.986,0.003,28.356,0.002,28.350,0.002,28.354,0.003,28.354,0.003,26.718,0.012,27.385,0.009,26.600,0.012,26.622,0.011,26.735,0.011,28.458,0.007,23.764,0.119,28.844,0.435
129004,15.000,0.001,55.086,0.003,55.098,0.003,54.960,0.003,54.986,0.003,28.356,0.002,28.352,0.003,28.354,0.003,28.354,0.003,26.718,0.012,27.385,0.009,26.601,0.012,26.622,0.011,26.735,0.011,28.457,0.007,23.800,0.118,28.846,0.431
130004,15.000,0.001,55.088,0.003,55.100,0.003,54.958,0.003,54.986,0.003,28.356,0.002,28.352,0.003,28.354,0.003,28.354,0.003,26.720,0.012,27.385,0.009,26.602,0.012,26.622,0.011,26.735,0.011,28.455,0.007,23.728,0.117,28.847,0.426
131004,15.000,0.001,55.088,0.003,55.100,0.003,54.960,0.003,54.986,0.003,28.356,0.002,28.352,0.003,28.354,0.003,28.354,0.003,26.719,0.012,27.385,0.009,26.602,0.012,26.623,0.011,26.735,0.011,28.455,0.006,23.783,0.114,28.848,0.421
132004,14.999,0.001,55.086,0.003,55.102,0.003,54.958,0.003,54.986,0.003,28.356,0.002,28.352,0.003,28.354,0.003,28.354,0.003,26.719,0.012,27.385,0.009,26.601,0.012,26.622,0.011,26.736,0.011,28.455,0.006,23.721,0.112,28.848,0.415
133004,14.999,0.001,55.084,0.003,55.100,0.003,54.958,0.003,54.984,0.003,28.356,0.002,28.352,0.002,28.354,0.003,28.354,0.003,26.720,0.012,27.387,0.009,26.602,0.012,26.622,0.011,26.736,0.011,28.456,0.006,23.773,0.112,28.851,0.409
134004,15.000,0.001,55.086,0.003,55.098,0.003,54.958,0.003,54.986,0.003,28.356,0.002,28.352,0.002,28.354,0.003,28.354,0.003,26.721,0.012,27.387,0.009,26.602,0.012,26.623,0.011,26.737,0.011,28.457,0.006,23.656,0.112,28.852,0.402
135004,15.000,0.001,55.088,0.003,55.100,0.003,54.958,0.003,54.986,0.003,28.356,0.002,28.354,0.003,28.354,0.003,28.354,0.003,26.721,0.012,27.387,0.009,26.601,0.012,26.624,0.011,26.737,0.011,28.457,0.006,23.710,0.112,28.855,0.395
136004,15.000,0.001,55.088,0.003,55.094,0.003,54.960,0.003,54.986,0.003,28.356,0.002,28.352,0.003,28.354,0.003,28.354,0.003,26.721,0.012,27.387,0.009,26.603,0.012,26.624,0.011,26.738,0.011,28.458,0.005,23.765,0.110,28.849,0.388
137004,15.000,0.001,55.088,0.003,55.100,0.003,54.958,0.003,54.986,0.003,28.356,0.002,28.352,0.002,28.354,0.003,28.354,0.003,26.720,0.012,27.388,0.009,26.603,0.012,26.625,0.011,26.737,0.011,28.460,0.005,23.792,0.110,28.783,0.380
138004,15.001,0.001,55.092,0.003,55.100,0.003,54.956,0.003,54.984,0.003,28.356,0.002,28.352,0.002,28.354,0.003,28.354,0.003,26.721,0.012,27.387,0.009,26.603,0.012,26.625,0.011,26.737,0.011,28.460,0.005,23.760,0.108,28.709,0.372
139004,15.000,0.001,55.086,0.003,55.100,0.003,54.956,0.003,54.984,0.003,28.356,0.002,28.352,0.002,28.354,0.003,28.354,0.003,26.723,0.012,27.388,0.009,26.604,0.012,26.626,0.011,26.737,0.011,28.461,0.005,23.747,0.105,28.672,0.363
140004,15.001,0.001,55.084,0.003,55.098,0.003,54.960,0.003,54.986,0.003,28.356,0.002,28.352,0.002,28.354,0.003,28.354,0.003,26.722,0.012,27.388,0.009,26.604,0.012,26.625,0.011,26.738,0.011,28.463,0.005,23.752,0.104,28.643,0.354
141004,15.000,0.001,55.086,0.003,55.100,0.003,54.958,0.003,54.984,0.003,28.356,0.002,28.354,0.002,28.354,0.003,28.354,0.003,26.723,0.012,27.387,0.009,26.604,0.012,26.626,0.011,26.739,0.011,28.464,0.005,23.721,0.103,28.606,0.345
142004,15.000,0.001,55.090,0.003,55.098,0.003,54.958,0.003,54.986,0.003,28.356,0.002,28.352,0.002,28.354,0.003,28.354,0.003,26.723,0.012,27.388,0.008,26.605,0.012,26.626,0.011,26.739,0.011,28.465,0.006,23.754,0.102,28.602,0.336
143004,15.000,0.001,55.090,0.003,55.098,0.003,54.960,0.003,54.986,0.003,28.356,0.002,28.352,0.002,28.354,0.003,28.354,0.003,26.722,0.012,27.389,0.008,26.606,0.012,26.627,0.011,26.740,0.011,28.465,0.006,23.711,0.100,28.622,0.327
144004,15.000,0.001,55.086,0.003,55.098,0.003,54.960,0.003,54.986,0.003,28.356,0.002,28.352,0.002,28.356,0.003,28.354,0.003,26.723,0.012,27.389,0.008,26.605,0.012,26.628,0.011,26.739,0.011,28.465,0.006,23.668,0.100,28.642,0.318
145004,15.000,0.001,55.088,0.003,55.098,0.003,54.958,0.003,54.986,0.003,28.356,0.002,28.352,0.002,28.354,0.003,28.354,0.003,26.724,0.012,27.388,0.008,26.606,0.012,26.626,0.011,26.739,0.011,28.466,0.006,23.706,0.100,28.642,0.308
146004,15.000,0.001,55.088,0.003,55.098,0.003,54.958,0.003,54.986,0.003,28.356,0.002,28.352,0.002,28.354,0.003,28.354,0.003,26.723,0.012,27.389,0.008,26.605,0.012,26.628,0.011,26.741,0.011,28.467,0.006,23.670,0.101,28.624,0.299
147004,15.000,0.001,55.088,0.003,55.100,0.003,54.960,0.003,54.986,0.003,28.356,0.002,28.352,0.002,28.356,0.003,28.356,0.003,26.724,0.011,27.389,0.008,26.607,0.012,26.628,0.011,26.740,0.011,28.467,0.007,23.680,0.102,28.601,0.289
148004,15.000,0.001,55.086,0.003,55.100,0.002,54.958,0.003,54.984,0.003,28.356,0.002,28.352,0.002,28.354,0.003,28.354,0.003,26.724,0.011,27.390,0.008,26.607,0.012,26.628,0.011,26.741,0.011,28.468,0.007,23.620,0.103,28.582,0.279
149004,15.000,0.001,55.088,0.003,55.102,0.002,54.958,0.003,54.984,0.003,28.356,0.002,28.352,0.002,28.354,0.003,28.354,0.003,26.725,0.011,27.391,0.008,26.607,0.012,26.629,0.011,26.741,0.011,28.470,0.007,23.724,0.104,28.571,0.271
150004,15.000,0.001,55.088,0.003,55.098,0.002,54.958,0.003,54.986,0.003,28.358,0.002,28.354,0.002,28.354,0.003,28.354,0.003,26.725,0.011,27.390,0.008,26.607,0.011,26.629,0.011,26.742,0.011,28.469,0.007,23.745,0.104,28.557,0.263
151004,15.000,0.001,55.086,0.003,55.100,0.002,54.958,0.003,54.986,0.003,28.358,0.002,28.354,0.002,28.354,0.003,28.354,0.002,26.726,0.011,27.390,0.008,26.607,0.011,26.630,0.011,26.742,0.011,28.472,0.007,23.629,0.106,28.549,0.256
152004,15.000,0.001,55.088,0.003,55.102,0.002,54.956,0.003,54.984,0.003,28.358,0.002,28.352,0.002,28.354,0.003,28.354,0.002,26.726,0.011,27.391,0.008,26.608,0.011,26.629,0.011,26.742,0.011,28.471,0.008,23.638,0.108,28.557,0.250
153004,15.000,0.001,55.088,0.002,55.098,0.002,54.958,0.003,54.986,0.003,28.356,0.002,28.354,0.002,28.356,0.003,28.354,0.002,26.726,0.011,27.391,0.008,26.607,0.011,26.630,0.011,26.742,0.011,28.473,0.008,23.733,0.108,28.570,0.246
154004,15.000,0.001,55.086,0.002,55.100,0.002,54.958,0.003,54.986,0.003,28.358,0.002,28.352,0.002,28.354,0.003,28.354,0.002,26.726,0.011,27.392,0.008,26.609,0.011,26.631,0.011,26.743,0.011,28.475,0.008,23.625,0.109,28.590,0.242
155005,15.001,0.001,55.086,0.002,55.096,0.002,54.958,0.003,54.984,0.003,28.358,0.002,28.352,0.002,28.354,0.003,28.354,0.002,26.727,0.011,27.391,0.008,26.609,0.011,26.631,0.011,26.743,0.011,28.476,0.009,23.753,0.110,28.607,0.238
156005,15.000,0.001,55.088,0.002,55.098,0.002,54.958,0.003,54.984,0.003,28.358,0.002,28.354,0.002,28.356,0.003,28.356,0.002,26.727,0.011,27.391,0.008,26.609,0.011,26.630,0.011,26.743,0.011,28.476,0.009,23.687,0.110,28.636,0.235
157005,15.000,0.001,55.088,0.002,55.098,0.002,54.956,0.003,54.982,0.003,28.358,0.002,28.354,0.002,28.354,0.003,28.354,0.002,26.727,0.011,27.390,0.008,26.610,0.011,26.629,0.011,26.744,0.011,28.477,0.009,23.755,0.110,28.678,0.232
158005,15.000,0.001,55.088,0.002,55.096,0.002,54.956,0.003,54.984,0.003,28.356,0.002,28.352,0.002,28.354,0.002,28.354,0.002,26.728,0.011,27.392,0.008,26.609,0.011,26.631,0.011,26.744,0.011,28.477,0.009,23.710,0.110,28.730,0.228
159005,15.000,0.001,55.088,0.002,55.098,0.002,54.958,0.003,54.984,0.003,28.358,0.002,28.354,0.002,28.356,0.002,28.356,0.002,26.728,0.011,27.391,0.008,26.610,0.011,26.631,0.011,26.744,0.011,28.478,0.010,23.721,0.111,28.753,0.225
160005,15.000,0.001,55.088,0.002,55.100,0.002,54.956,0.003,54.984,0.003,28.358,0.002,28.354,0.002,28.356,0.002,28.356,0.002,26.728,0.011,27.393,0.008,26.610,0.011,26.631,0.011,26.744,0.011,28.479,0.010,23.820,0.110,28.785,0.221
161005,15.000,0.001,55.086,0.002,55.098,0.002,54.958,0.003,54.986,0.003,28.358,0.002,28.354,0.002,28.356,0.002,28.356,0.002,26.729,0.011,27.391,0.008,26.610,0.011,26.632,0.011,26.745,0.011,28.478,0.010,23.797,0.109,28.808,0.218
162005,15.000,0.001,55.084,0.002,55.100,0.002,54.958,0.003,54.984,0.003,28.358,0.002,28.354,0.002,28.356,0.002,28.356,0.002,26.730,0.011,27.392,0.008,26.611,0.011,26.633,0.011,26.745,0.011,28.479,0.010,23.650,0.110,28.819,0.215
163005,15.000,0.001,55.086,0.002,55.100,0.002,54.958,0.003,54.986,0.003,28.358,0.002,28.352,0.002,28.356,0.002,28.356,0.002,26.729,0.011,27.393,0.008,26.612,0.011,26.632,0.011,26.746,0.011,28.481,0.010,23.699,0.109,28.832,0.211
164005,15.000,0.001,55.088,0.002,55.094,0.002,54.958,0.003,54.986,0.003,28.358,0.002,28.354,0.002,28.356,0.002,28.356,0.002,26.730,0.011,27.392,0.008,26.612,0.011,26.633,0.011,26.744,0.011,28.481,0.011,23.764,0.109,28.849,0.207
165005,15.000,0.001,55.084,0.002,55.096,0.002,54.958,0.003,54.984,0.003,28.358,0.002,28.354,0.002,28.356,0.002,28.356,0.002,26.730,0.011,27.392,0.008,26.612,0.011,26.633,0.011,26.745,0.011,28.484,0.011,23.665,0.110,28.860,0.204
166005,15.000,0.001,55.088,0.002,55.100,0.002,54.960,0.003,54.986,0.003,28.358,0.002,28.354,0.002,28.356,0.002,28.356,0.002,26.730,0.011,27.394,0.008,26.612,0.011,26.633,0.011,26.746,0.011,28.485,0.011,23.701,0.110,28.871,0.201
167005,15.000,0.001,55.086,0.002,55.100,0.002,54.958,0.003,54.984,0.003,28.358,0.002,28.354,0.002,28.356,0.002,28.356,0.002,26.732,0.011,27.393,0.008,26.612,0.011,26.634,0.011,26.747,0.011,28.487,0.011,23.729,0.111,28.878,0.198
168005,15.001,0.001,55.088,0.002,55.100,0.002,54.958,0.003,54.986,0.003,28.358,0.002,28.354,0.002,28.356,0.002,28.356,0.002,26.729,0.011,27.394,0.008,26.613,0.011,26.634,0.011,26.747,0.011,28.489,0.012,23.739,0.111,28.882,0.196
169005,15.001,0.001,55.088,0.002,55.098,0.002,54.956,0.003,54.984,0.003,28.358,0.002,28.354,0.002,28.356,0.002,28.356,0.002,26.732,0.011,27.394,0.008,26.613,0.011,26.634,0.011,26.747,0.011,28.489,0.012,23.766,0.111,28.890,0.193
170005,14.999,0.001,55.088,0.002,55.100,0.002,54.956,0.003,54.984,0.003,28.358,0.002,28.354,0.002,28.356,0.002,28.356,0.002,26.731,0.011,27.394,0.008,26.613,0.011,26.634,0.011,26.748,0.011,28.489,0.012,24.217,0.116,28.890,0.191
171005,15.000,0.001,55.088,0.002,55.100,0.002,54.956,0.003,54.984,0.003,28.358,0.002,28.354,0.002,28.356,0.002,28.356,0.002,26.731,0.011,27.394,0.008,26.614,0.011,26.635,0.011,26.749,0.011,28.492,0.013,24.441,0.129,28.891,0.189
172005,14.999,0.001,55.088,0.002,55.100,0.002,54.958,0.003,54.986,0.003,28.358,0.002,28.354,0.002,28.356,0.002,28.356,0.002,26.731,0.011,27.394,0.008,26.614,0.011,26.635,0.011,26.748,0.011,28.493,0.013,24.207,0.133,28.894,0.186
173005,14.999,0.001,55.086,0.002,55.102,0.002,54.958,0.003,54.986,0.002,28.358,0.002,28.354,0.002,28.356,0.002,28.356,0.002,26.731,0.011,27.395,0.008,26.615,0.011,26.636,0.011,26.749,0.011,28.493,0.014,23.797,0.133,28.886,0.183
174005,15.000,0.001,55.088,0.002,55.100,0.002,54.956,0.003,54.982,0.002,28.358,0.002,28.354,0.002,28.356,0.002,28.356,0.002,26.732,0.011,27.394,0.008,26.615,0.011,26.636,0.011,26.749,0.011,28.494,0.014,23.855,0.133,28.864,0.180
175005,15.001,0.001,55.086,0.002,55.098,0.002,54.956,0.003,54.984,0.002,28.358,0.002,28.356,0.002,28.356,0.002,28.356,0.002,26.734,0.011,27.395,0.008,26.614,0.011,26.637,0.011,26.749,0.011,28.495,0.014,23.729,0.133,28.841,0.177
176005,15.002,0.001,55.086,0.002,55.098,0.002,54.958,0.003,54.984,0.002,28.358,0.002,28.354,0.002,28.358,0.002,28.356,0.002,26.734,0.011,27.395,0.008,26.615,0.011,26.637,0.011,26.750,0.011,28.496,0.015,23.626,0.134,28.839,0.174
177005,15.002,0.001,55.086,0.002,55.098,0.002,54.958,0.003,54.984,0.002,28.358,0.002,28.356,0.002,28.356,0.002,28.356,0.002,26.734,0.011,27.395,0.008,26.615,0.011,26.637,0.011,26.750,0.011,28.497,0.015,23.666,0.134,28.844,0.171
178005,15.000,0.001,55.086,0.002,55.098,0.002,54.958,0.003,54.984,0.002,28.360,0.002,28.354,0.002,28.356,0.002,28.356,0.002,26.734,0.011,27.396,0.008,26.616,0.011,26.638,0.011,26.749,0.011,28.498,0.015,23.654,0.135,28.847,0.168
179005,15.000,0.001,55.088,0.002,55.098,0.002,54.958,0.003,54.986,0.002,28.358,0.002,28.354,0.002,28.356,0.002,28.356,0.002,26.734,0.011,27.397,0.008,26.616,0.011,26.638,0.011,26.751,0.011,28.498,0.016,23.728,0.135,28.848,0.164
180005,15.000,0.001,55.084,0.002,55.100,0.002,54.954,0.003,54.982,0.002,28.358,0.002,28.354,0.002,28.356,0.002,28.356,0.002,26.734,0.011,27.396,0.008,26.617,0.011,26.638,0.011,26.750,0.011,28.498,0.016,23.769,0.135,28.832,0.161
181005,15.000,0.001,55.086,0.002,55.098,0.002,54.956,0.003,54.984,0.002,28.358,0.002,28.356,0.002,28.356,0.002,28.356,0.002,26.735,0.011,27.396,0.008,26.617,0.011,26.638,0.011,26.752,0.011,28.499,0.016,23.740,0.135,28.808,0.156
182005,15.000,0.001,55.088,0.002,55.100,0.002,54.956,0.003,54.984,0.002,28.358,0.002,28.356,0.002,28.356,0.002,28.356,0.002,26.735,0.011,27.397,0.008,26.616,0.011,26.638,0.011,26.752,0.011,28.500,0.017,23.773,0.135,28.788,0.152
183006,15.000,0.001,55.090,0.002,55.100,0.002,54.958,0.003,54.984,0.002,28.360,0.002,28.356,0.002,28.356,0.002,28.356,0.002,26.736,0.011,27.397,0.008,26.618,0.011,26.638,0.011,26.752,0.011,28.500,0.017,23.761,0.135,28.758,0.149
184006,15.000,0.001,55.090,0.002,55.098,0.002,54.958,0.003,54.984,0.002,28.360,0.002,28.354,0.002,28.356,0.002,28.356,0.002,26.734,0.011,27.396,0.008,26.618,0.011,26.638,0.011,26.751,0.011,28.502,0.017,23.716,0.135,28.695,0.146
185006,15.000,0.001,55.088,0.002,55.098,0.002,54.958,0.003,54.984,0.002,28.360,0.002,28.354,0.002,28.358,0.002,28.358,0.002,26.736,0.011,27.396,0.008,26.619,0.011,26.640,0.011,26.753,0.011,28.503,0.018,23.756,0.135,28.626,0.145
186006,14.999,0.001,55.088,0.002,55.100,0.002,54.958,0.003,54.984,0.002,28.360,0.002,28.354,0.002,28.358,0.002,28.358,0.002,26.736,0.011,27.399,0.008,26.619,0.011,26.639,0.011,26.753,0.011,28.503,0.018,23.716,0.135,28.609,0.145
187006,15.000,0.001,55.086,0.002,55.100,0.002,54.956,0.002,54.984,0.002,28.360,0.002,28.356,0.002,28.356,0.002,28.356,0.002,26.737,0.011,27.396,0.008,26.619,0.011,26.640,0.011,26.753,0.011,28.504,0.018,23.627,0.136,28.595,0.146
188006,15.000,0.001,55.090,0.002,55.102,0.002,54.958,0.002,54.986,0.002,28.360,0.002,28.354,0.002,28.358,0.002,28.358,0.002,26.738,0.011,27.398,0.008,26.618,0.011,26.640,0.011,26.753,0.011,28.504,0.019,23.735,0.136,28.532,0.149
189006,15.000,0.001,55.090,0.002,55.096,0.002,54.956,0.002,54.984,0.002,28.360,0.002,28.356,0.002,28.358,0.002,28.358,0.002,26.738,0.011,27.397,0.008,26.619,0.011,26.641,0.011,26.754,0.011,28.505,0.019,23.740,0.133,28.467,0.155
190006,15.000,0.001,55.088,0.002,55.098,0.002,54.960,0.002,54.986,0.002,28.360,0.002,28.356,0.002,28.356,0.002,28.356,0.002,26.738,0.011,27.397,0.008,26.619,0.011,26.642,0.011,26.753,0.011,28.505,0.019,23.793,0.131,28.444,0.162
191006,15.000,0.001,55.088,0.002,55.100,0.002,54.960,0.002,54.986,0.002,28.360,0.002,28.356,0.002,28.358,0.002,28.358,0.002,26.738,0.011,27.399,0.008,26.620,0.011,26.642,0.011,26.753,0.011,28.505,0.019,23.835,0.129,28.435,0.169
192006,15.000,0.001,55.088,0.002,55.102,0.002,54.954,0.002,54.982,0.002,28.358,0.002,28.356,0.002,28.358,0.002,28.358,0.002,26.738,0.011,27.398,0.008,26.621,0.011,26.641,0.011,26.754,0.011,28.505,0.020,23.892,0.127,28.381,0.178
193006,15.000,0.001,55.088,0.002,55.102,0.002,54.956,0.002,54.984,0.002,28.360,0.002,28.356,0.002,28.358,0.002,28.358,0.002,26.738,0.011,27.398,0.008,26.621,0.011,26.641,0.011,26.754,0.011,28.505,0.020,23.892,0.127,28.381,0.178
194006,15.000,0.001,55.088,0.002,55.100,0.002,54.958,0.002,54.984,0.002,28.360,0.002,28.356,0.002,28.358,0.002,28.358,0.002,26.738,0.011,27.398,0.007,26.621,0.011,26.642,0.011,26.755,0.011,28.506,0.020,23.820,0.126,28.324,0.189
195006,15.000,0.001,55.086,0.002,55.102,0.002,54.956,0.002,54.984,0.002,28.360,0.002,28.356,0.002,28.358,0.002,28.358,0.002,26.740,0.011,27.398,0.007,26.621,0.011,26.642,0.011,26.755,0.011,28.505,0.020,23.827,0.125,28.277,0.201
196006,15.000,0.001,55.086,0.002,55.102,0.002,54.956,0.002,54.982,0.002,28.360,0.002,28.356,0.002,28.358,0.002,28.358,0.002,26.739,0.011,27.399,0.007,26.622,0.011,26.642,0.011,26.755,0.011,28.504,0.020,23.758,0.124,28.249,0.214
197006,15.001,0.001,55.090,0.002,55.102,0.002,54.958,0.002,54.984,0.002,28.360,0.002,28.356,0.002,28.358,0.002,28.358,0.002,26.739,0.011,27.400,0.007,26.622,0.011,26.642,0.011,26.755,0.011,28.504,0.021,23.825,0.123,28.238,0.227
198006,15.000,0.001,55.088,0.002,55.098,0.002,54.956,0.002,54.984,0.002,28.360,0.002,28.356,0.002,28.358,0.002,28.358,0.002,26.739,0.011,27.400,0.007,26.622,0.011,26.643,0.011,26.756,0.011,28.503,0.021,23.847,0.121,28.239,0.238
199006,15.000,0.001,55.092,0.002,55.098,0.002,54.958,0.002,54.984,0.002,28.360,0.002,28.356,0.002,28.358,0.002,28.358,0.002,26.739,0.011,27.399,0.007,26.622,0.011,26.643,0.011,26.756,0.011,28.503,0.021,23.910,0.121,28.255,0.248
200006,15.000,0.001,55.088,0.002,55.100,0.002,54.958,0.002,54.984,0.002,28.360,0.002,28.356,0.002,28.358,0.002,28.358,0.002,26.740,0.011,27.399,0.007,26.622,0.011,26.643,0.011,26.757,0.011,28.502,0.021,23.762,0.121,28.269,0.257
201006,15.000,0.001,55.090,0.002,55.100,0.002,54.956,0.002,54.984,0.002,28.360,0.002,28.356,0.002,28.358,0.002,28.358,0.002,26.740,0.011,27.400,0.007,26.623,0.011,26.645,0.011,26.757,0.011,28.502,0.021,23.875,0.121,28.274,0.265
202006,15.000,0.001,55.088,0.002,55.100,0.002,54.956,0.002,54.984,0.002,28.360,0.002,28.356,0.002,28.358,0.002,28.358,0.002,26.741,0.011,27.400,0.007,26.623,0.011,26.644,0.011,26.758,0.011,28.503,0.021,23.842,0.120,28.294,0.272
203006,15.001,0.001,55.086,0.002,55.100,0.002,54.956,0.002,54.984,0.002,28.360,0.002,28.356,0.002,28.358,0.002,28.358,0.002,26.741,0.011,27.399,0.007,26.623,0.011,26.645,0.011,26.758,0.011,28.504,0.021,23.828,0.120,28.310,0.279
204006,15.000,0.001,55.090,0.002,55.102,0.002,54.954,0.002,54.982,0.002,28.360,0.002,28.356,0.002,28.356,0.002,28.358,0.002,26.741,0.011,27.400,0.007,26.624,0.011,26.645,0.011,26.758,0.011,28.503,0.022,23.863,0.119,28.319,0.284
205006,15.000,0.001,55.090,0.002,55.098,0.002,54.954,0.002,54.982,0.002,28.360,0.002,28.356,0.002,28.358,0.002,28.358,0.002,26.742,0.011,27.400,0.007,26.624,0.011,26.646,0.011,26.759,0.011,28.503,0.022,23.822,0.118,28.283,0.291
206006,15.000,0.001,55.088,0.002,55.102,0.002,54.958,0.002,54.984,0.002,28.360,0.002,28.356,0.002,28.358,0.002,28.358,0.002,26.743,0.011,27.401,0.007,26.625,0.011,26.645,0.011,26.758,0.011,28.504,0.022,23.785,0.117,28.225,0.299
207006,15.000,0.001,55.090,0.002,55.102,0.002,54.958,0.002,54.986,0.002,28.362,0.002,28.356,0.002,28.358,0.002,28.358,0.002,26.741,0.011,27.401,0.007,26.625,0.011,26.646,0.011,26.759,0.011,28.504,0.022,23.825,0.116,28.153,0.310
208006,15.001,0.001,55.088,0.002,55.100,0.002,54.956,0.002,54.984,0.002,28.360,0.002,28.356,0.002,28.358,0.002,28.358,0.002,26.743,0.011,27.402,0.007,26.624,0.011,26.647,0.011,26.760,0.011,28.504,0.022,23.855,0.116,28.127,0.320
209006,15.001,0.001,55.090,0.002,55.100,0.002,54.956,0.002,54.984,0.002,28.360,0.002,28.358,0.002,28.358,0.002,28.358,0.002,26.743,0.011,27.402,0.007,26.626,0.011,26.646,0.011,26.759,0.011,28.503,0.022,23.858,0.116,28.135,0.330
210006,15.002,0.001,55.086,0.002,55.100,0.002,54.956,0.002,54.984,0.002,28.360,0.002,28.356,0.002,28.358,0.002,28.358,0.002,26.743,0.011,27.402,0.007,26.625,0.011,26.647,0.011,26.760,0.011,28.503,0.022,23.776,0.115,28.149,0.339
211006,15.002,0.001,55.090,0.002,55.100,0.002,54.958,0.002,54.984,0.002,28.360,0.002,28.358,0.002,28.358,0.002,28.358,0.002,26.743,0.011,27.403,0.007,26.627,0.011,26.647,0.011,26.761,0.011,28.503,0.022,23.841,0.115,28.152,0.347
212006,15.000,0.001,55.088,0.002,55.100,0.002,54.958,0.002,54.986,0.002,28.360,0.002,28.356,0.002,28.360,0.002,28.360,0.002,26.744,0.011,27.403,0.007,26.626,0.011,26.648,0.011,26.761,0.011,28.504,0.022,23.820,0.115,28.136,0.355
213006,15.000,0.001,55.088,0.002,55.102,0.002,54.956,0.002,54.984,0.002,28.362,0.002,28.358,0.002,28.358,0.002,28.358,0.002,26.744,0.011,27.403,0.007,26.627,0.011,26.648,0.011,26.761,0.011,28.504,0.022,23.818,0.114,28.115,0.364
214007,14.999,0.001,55.088,0.002,55.102,0.002,54.958,0.002,54.986,0.002,28.360,0.002,28.356,0.002,28.360,0.002,28.360,0.002,26.745,0.011,27.402,0.007,26.627,0.011,26.648,0.011,26.761,0.011,28.506,0.022,23.781,0.114,28.084,0.373
215007,14.999,0.001,55.092,0.002,55.100,0.002,54.958,0.002,54.986,0.002,28.362,0.002,28.358,0.002,28.358,0.002,28.358,0.002,26.745,0.011,27.403,0.007,26.627,0.011,26.648,0.011,26.761,0.011,28.505,0.022,23.761,0.113,28.060,0.382
216007,14.999,0.001,55.090,0.002,55.100,0.002,54.956,0.002,54.984,0.002,28.362,0.002,28.356,0.002,28.358,0.002,28.358,0.002,26.745,0.011,27.403,0.007,26.628,0.011,26.648,0.011,26.762,0.011,28.504,0.022,23.840,0.113,28.054,0.391
217007,14.999,0.001,55.090,0.002,55.102,0.002,54.956,0.002,54.984,0.002,28.360,0.002,28.358,0.002,28.360,0.002,28.360,0.002,26.745,0.011,27.403,0.007,26.627,0.011,26.649,0.011,26.762,0.011,28.503,0.022,23.896,0.114,28.068,0.399
218007,15.000,0.001,55.090,0.002,55.102,0.002,54.960,0.002,54.986,0.002,28.362,0.002,28.358,0.002,28.358,0.002,28.358,0.002,26.746,0.011,27.401,0.007,26.628,0.011,26.648,0.011,26.762,0.011,28.503,0.022,23.879,0.114,28.095,0.406
219007,15.000,0.001,55.090,0.002,55.102,0.002,54.960,0.002,54.986,0.002,28.362,0.002,28.358,0.002,28.358,0.002,28.358,0.002,26.747,0.011,27.403,0.007,26.627,0.011,26.650,0.011,26.763,0.011,28.502,0.022,23.805,0.114,28.115,0.413
220007,15.001,0.001,55.090,0.002,55.102,0.002,54.956,0.002,54.984,0.002,28.362,0.002,28.358,0.002,28.358,0.002,28.360,0.002,26.746,0.011,27.404,0.007,26.629,0.011,26.651,0.011,26.763,0.011,28.501,0.022,23.869,0.114,28.112,0.419
221007,15.002,0.001,55.088,0.002,55.102,0.002,54.956,0.002,54.984,0.002,28.362,0.002,28.356,0.002,28.360,0.002,28.360,0.002,26.747,0.011,27.404,0.007,26.629,0.011,26.651,0.011,26.763,0.011,28.501,0.022,23.820,0.114,28.099,0.425
222007,15.001,0.001,55.088,0.002,55.100,0.002,54.960,0.002,54.986,0.002,28.362,0.002,28.358,0.002,28.358,0.002,28.358,0.002,26.748,0.011,27.404,0.007,26.630,0.011,26.650,0.011,26.763,0.011,28.500,0.021,23.673,0.115,28.084,0.431
223007,15.000,0.001,55.092,0.002,55.102,0.002,54.958,0.002,54.986,0.002,28.362,0.002,28.358,0.002,28.360,0.002,28.360,0.002,26.747,0.011,27.405,0.007,26.628,0.011,26.651,0.011,26.764,0.011,28.500,0.021,23.752,0.114,28.064,0.437
224007,15.000,0.001,55.092,0.002,55.100,0.002,54.960,0.002,54.986,0.002,28.362,0.002,28.358,0.002,28.358,0.002,28.358,0.002,26.748,0.011,27.405,0.007,26.630,0.011,26.651,0.011,26.765,0.011,28.500,0.021,23.786,0.114,28.053,0.443
225007,15.000,0.001,55.088,0.002,55.102,0.002,54.958,0.002,54.986,0.002,28.362,0.002,28.358,0.002,28.358,0.002,28.360,0.002,26.748,0.011,27.405,0.007,26.630,0.011,26.652,0.011,26.764,0.011,28.499,0.021,23.745,0.114,28.048,0.449
226007,15.000,0.001,55.090,0.002,55.100,0.002,54.958,0.002,54.986,0.001,28.362,0.002,28.356,0.002,28.360,0.002,28.360,0.002,26.748,0.011,27.406,0.007,26.631,0.011,26.652,0.011,26.765,0.011,28.500,0.021,23.733,0.115,28.046,0.455
