MS Elapsed,Bolo T,stddev,BB HBB Top,stddev,BB HBB Bottom,stddev,BB HBB Apex,stddev,BB HBB Avg,stddev,BB ABB Top,stddev,BB ABB Bottom,stddev,BB ABB Apex,stddev,BB ABB Avg,stddev,T Ch0,stddev,T Ch1,stddev,T Ch2,stddev,T Ch3,stddev,T Ch4,stddev,T Ch5,stddev,T Ch6,stddev,RH% Ch7,stddev
0,14.999,0.001,55.100,0.004,55.118,0.003,54.974,0.004,55.002,0.004,28.080,0.006,28.074,0.006,28.076,0.006,28.076,0.006,25.776,0.021,26.513,0.021,25.650,0.021,25.698,0.021,25.802,0.021,28.540,0.016,23.426,0.056,27.649,0.234
1000,15.003,0.001,55.100,0.004,55.114,0.004,54.976,0.004,55.002,0.004,28.080,0.006,28.074,0.006,28.074,0.006,28.076,0.006,25.774,0.021,26.514,0.022,25.652,0.021,25.699,0.021,25.802,0.021,28.540,0.016,23.395,0.056,27.637,0.232
2000,15.001,0.001,55.100,0.004,55.118,0.004,54.974,0.004,55.000,0.004,28.080,0.006,28.074,0.006,28.076,0.006,28.076,0.006,25.775,0.021,26.515,0.022,25.652,0.021,25.699,0.021,25.803,0.021,28.539,0.016,23.445,0.056,27.649,0.229
3000,15.000,0.001,55.098,0.004,55.116,0.004,54.974,0.004,55.000,0.004,28.080,0.006,28.074,0.006,28.076,0.006,28.076,0.006,25.777,0.021,26.516,0.022,25.654,0.021,25.701,0.021,25.804,0.021,28.539,0.016,23.449,0.056,27.664,0.228
4000,15.000,0.001,55.100,0.004,55.116,0.003,54.976,0.004,55.002,0.004,28.082,0.006,28.074,0.006,28.076,0.006,28.076,0.006,25.777,0.021,26.517,0.022,25.653,0.021,25.700,0.021,25.804,0.021,28.538,0.016,23.446,0.056,27.689,0.226
5000,14.999,0.001,55.102,0.004,55.114,0.004,54.974,0.004,55.002,0.004,28.080,0.006,28.076,0.006,28.076,0.006,28.076,0.006,25.777,0.021,26.517,0.022,25.653,0.021,25.701,0.021,25.804,0.021,28.539,0.016,23.431,0.056,27.708,0.224
6000,14.999,0.001,55.102,0.004,55.118,0.003,54.974,0.004,55.002,0.004,28.082,0.006,28.076,0.006,28.076,0.006,28.076,0.006,25.778,0.021,26.517,0.022,25.654,0.021,25.701,0.021,25.806,0.021,28.539,0.016,23.407,0.056,27.688,0.223
7000,14.999,0.001,55.100,0.004,55.114,0.004,54.974,0.004,55.002,0.004,28.082,0.006,28.074,0.006,28.076,0.006,28.076,0.006,25.778,0.021,26.519,0.022,25.655,0.021,25.701,0.021,25.806,0.021,28.538,0.016,23.397,0.056,27.673,0.223
8000,14.999,0.001,55.100,0.004,55.118,0.003,54.976,0.004,55.002,0.004,28.082,0.006,28.076,0.006,28.076,0.006,28.078,0.006,25.780,0.021,26.519,0.022,25.655,0.021,25.702,0.021,25.806,0.021,28.539,0.016,23.377,0.056,27.662,0.223
9000,15.000,0.001,55.100,0.004,55.114,0.004,54.978,0.004,55.004,0.004,28.082,0.006,28.076,0.006,28.078,0.007,28.078,0.006,25.781,0.021,26.521,0.022,25.657,0.021,25.703,0.021,25.808,0.021,28.540,0.016,23.408,0.056,27.636,0.223
10000,15.000,0.001,55.098,0.004,55.116,0.003,54.976,0.004,55.002,0.004,28.082,0.006,28.076,0.006,28.078,0.007,28.078,0.006,25.780,0.021,26.520,0.022,25.657,0.021,25.704,0.021,25.808,0.021,28.539,0.016,23.472,0.056,27.623,0.224
11000,15.002,0.001,55.100,0.004,55.114,0.004,54.974,0.004,55.002,0.004,28.082,0.006,28.076,0.006,28.078,0.007,28.078,0.006,25.781,0.021,26.522,0.022,25.658,0.021,25.705,0.021,25.808,0.021,28.540,0.016,23.548,0.057,27.622,0.225
12000,15.001,0.001,55.098,0.004,55.116,0.003,54.974,0.004,55.000,0.004,28.082,0.006,28.076,0.006,28.078,0.007,28.078,0.007,25.783,0.021,26.522,0.022,25.657,0.021,25.705,0.021,25.810,0.021,28.541,0.016,23.456,0.057,27.658,0.225
13000,15.000,0.001,55.098,0.004,55.114,0.004,54.978,0.004,55.004,0.003,28.082,0.006,28.078,0.007,28.078,0.007,28.078,0.007,25.782,0.021,26.523,0.022,25.659,0.021,25.705,0.021,25.809,0.021,28.541,0.016,23.451,0.057,27.692,0.226
14000,14.999,0.001,55.100,0.004,55.114,0.004,54.976,0.004,55.002,0.003,28.082,0.006,28.076,0.007,28.078,0.007,28.078,0.007,25.783,0.021,26.523,0.022,25.660,0.021,25.706,0.021,25.810,0.021,28.541,0.016,23.395,0.057,27.717,0.226
15000,15.000,0.001,55.102,0.004,55.114,0.004,54.976,0.004,55.002,0.003,28.082,0.006,28.076,0.006,28.078,0.007,28.078,0.007,25.783,0.021,26.524,0.022,25.660,0.021,25.707,0.021,25.811,0.021,28.541,0.016,23.426,0.057,27.728,0.225
16000,15.000,0.001,55.100,0.004,55.116,0.003,54.974,0.004,55.002,0.003,28.082,0.006,28.076,0.007,28.078,0.007,28.078,0.007,25.785,0.021,26.525,0.022,25.659,0.021,25.707,0.021,25.812,0.021,28.541,0.016,23.410,0.057,27.729,0.226
17000,14.999,0.001,55.100,0.004,55.116,0.003,54.974,0.004,55.000,0.003,28.084,0.006,28.078,0.007,28.078,0.007,28.080,0.007,25.784,0.021,26.525,0.022,25.661,0.021,25.708,0.021,25.811,0.021,28.541,0.016,23.383,0.057,27.727,0.226
18000,14.999,0.001,55.098,0.004,55.112,0.004,54.974,0.004,55.000,0.003,28.082,0.006,28.078,0.007,28.078,0.007,28.078,0.007,25.784,0.021,26.525,0.022,25.661,0.021,25.708,0.021,25.812,0.021,28.540,0.016,23.399,0.056,27.729,0.225
19000,15.000,0.001,55.100,0.004,55.114,0.003,54.972,0.004,55.000,0.003,28.084,0.006,28.078,0.007,28.078,0.007,28.080,0.007,25.785,0.021,26.527,0.022,25.662,0.021,25.708,0.021,25.813,0.021,28.541,0.016,23.424,0.056,27.735,0.225
20000,15.001,0.001,55.098,0.004,55.112,0.003,54.974,0.004,55.000,0.003,28.084,0.006,28.078,0.007,28.078,0.007,28.080,0.007,25.787,0.021,26.528,0.022,25.662,0.021,25.709,0.021,25.813,0.021,28.540,0.016,23.407,0.056,27.746,0.225
21000,14.999,0.001,55.100,0.003,55.114,0.003,54.974,0.004,55.002,0.003,28.084,0.006,28.078,0.007,28.078,0.007,28.080,0.007,25.787,0.021,26.528,0.022,25.663,0.021,25.710,0.021,25.814,0.021,28.540,0.016,23.403,0.055,27.751,0.225
22000,15.000,0.001,55.098,0.004,55.114,0.003,54.974,0.004,55.000,0.004,28.084,0.006,28.078,0.007,28.078,0.007,28.080,0.007,25.788,0.021,26.529,0.022,25.663,0.021,25.711,0.021,25.815,0.021,28.540,0.016,23.471,0.053,27.761,0.225
23000,15.000,0.001,55.100,0.003,55.114,0.003,54.974,0.004,55.002,0.003,28.084,0.006,28.078,0.007,28.080,0.007,28.080,0.007,25.788,0.021,26.529,0.023,25.665,0.021,25.712,0.021,25.814,0.021,28.540,0.016,23.601,0.055,27.770,0.225
24000,15.000,0.001,55.100,0.003,55.114,0.003,54.974,0.004,55.000,0.003,28.084,0.006,28.078,0.007,28.080,0.007,28.080,0.007,25.789,0.021,26.531,0.023,25.667,0.021,25.712,0.021,25.815,0.021,28.540,0.016,23.603,0.055,27.776,0.225
25000,15.002,0.001,55.098,0.003,55.112,0.003,54.974,0.004,55.000,0.004,28.084,0.006,28.078,0.007,28.080,0.007,28.080,0.007,25.789,0.021,26.532,0.023,25.666,0.021,25.713,0.021,25.815,0.021,28.541,0.016,23.548,0.055,27.776,0.224
26000,15.002,0.001,55.098,0.003,55.112,0.003,54.974,0.004,55.000,0.004,28.086,0.006,28.078,0.007,28.080,0.007,28.080,0.007,25.791,0.021,26.532,0.023,25.667,0.021,25.713,0.021,25.816,0.021,28.543,0.016,23.507,0.054,27.776,0.224
27001,15.001,0.001,55.098,0.003,55.114,0.003,54.974,0.004,55.000,0.004,28.086,0.006,28.080,0.007,28.080,0.007,28.080,0.007,25.790,0.021,26.532,0.023,25.667,0.021,25.713,0.021,25.818,0.021,28.544,0.016,23.445,0.054,27.782,0.224
28001,15.000,0.001,55.098,0.004,55.112,0.003,54.974,0.004,55.000,0.004,28.086,0.006,28.078,0.007,28.080,0.007,28.080,0.007,25.792,0.021,26.534,0.023,25.668,0.021,25.714,0.021,25.818,0.021,28.543,0.016,23.481,0.054,27.787,0.224
29001,14.998,0.001,55.098,0.003,55.116,0.003,54.974,0.004,55.000,0.004,28.086,0.007,28.080,0.007,28.080,0.007,28.080,0.007,25.792,0.021,26.534,0.023,25.668,0.021,25.716,0.021,25.818,0.021,28.543,0.016,23.430,0.054,27.788,0.224
30001,14.998,0.001,55.096,0.004,55.114,0.003,54.976,0.004,55.002,0.003,28.086,0.007,28.080,0.007,28.080,0.007,28.082,0.007,25.793,0.021,26.535,0.023,25.669,0.021,25.715,0.021,25.820,0.021,28.542,0.016,23.453,0.054,27.791,0.224
31001,14.999,0.001,55.098,0.004,55.114,0.003,54.974,0.004,55.000,0.003,28.086,0.007,28.080,0.007,28.082,0.007,28.082,0.007,25.794,0.021,26.535,0.023,25.669,0.021,25.716,0.021,25.820,0.021,28.544,0.016,23.526,0.054,27.804,0.224
32001,15.001,0.001,55.098,0.004,55.116,0.003,54.974,0.004,55.000,0.003,28.086,0.007,28.080,0.007,28.082,0.007,28.082,0.007,25.795,0.021,26.536,0.023,25.670,0.021,25.715,0.021,25.821,0.021,28.543,0.016,23.476,0.053,27.803,0.224
33001,15.002,0.001,55.098,0.004,55.114,0.003,54.974,0.004,55.000,0.003,28.086,0.007,28.080,0.007,28.082,0.007,28.082,0.007,25.794,0.021,26.537,0.023,25.670,0.021,25.718,0.021,25.821,0.021,28.544,0.016,23.482,0.053,27.797,0.223
34001,15.001,0.001,55.098,0.004,55.114,0.003,54.972,0.004,55.000,0.003,28.086,0.007,28.080,0.007,28.082,0.007,28.082,0.007,25.795,0.021,26.538,0.023,25.671,0.021,25.718,0.021,25.822,0.021,28.544,0.017,23.460,0.053,27.784,0.223
35001,15.001,0.001,55.096,0.004,55.112,0.003,54.970,0.004,54.998,0.004,28.086,0.007,28.082,0.007,28.082,0.007,28.082,0.007,25.795,0.021,26.538,0.023,25.671,0.021,25.718,0.021,25.822,0.021,28.546,0.017,23.532,0.053,27.767,0.222
36001,15.002,0.001,55.100,0.004,55.112,0.003,54.972,0.004,54.998,0.003,28.086,0.007,28.080,0.007,28.082,0.007,28.082,0.007,25.796,0.021,26.539,0.023,25.672,0.021,25.719,0.021,25.823,0.021,28.546,0.017,23.581,0.054,27.797,0.222
37001,15.002,0.001,55.096,0.004,55.116,0.003,54.974,0.004,55.000,0.003,28.086,0.006,28.082,0.007,28.082,0.007,28.082,0.007,25.797,0.021,26.540,0.023,25.673,0.021,25.719,0.021,25.823,0.021,28.547,0.017,23.538,0.054,27.810,0.222
38001,15.001,0.001,55.098,0.004,55.114,0.003,54.978,0.004,55.004,0.003,28.088,0.006,28.082,0.007,28.082,0.007,28.082,0.007,25.797,0.021,26.540,0.023,25.674,0.021,25.721,0.021,25.823,0.021,28.548,0.017,23.596,0.055,27.827,0.222
39001,15.001,0.001,55.096,0.004,55.110,0.003,54.972,0.004,54.998,0.003,28.088,0.007,28.082,0.007,28.082,0.007,28.084,0.007,25.798,0.021,26.541,0.023,25.674,0.021,25.722,0.021,25.824,0.021,28.550,0.017,23.600,0.056,27.843,0.222
40001,15.000,0.001,55.098,0.004,55.110,0.003,54.972,0.004,54.998,0.003,28.088,0.007,28.080,0.007,28.082,0.007,28.082,0.007,25.798,0.021,26.541,0.023,25.675,0.021,25.721,0.021,25.825,0.021,28.551,0.017,23.431,0.056,27.842,0.223
41001,15.002,0.001,55.098,0.004,55.112,0.003,54.972,0.004,54.998,0.003,28.088,0.007,28.082,0.007,28.082,0.007,28.084,0.007,25.800,0.021,26.542,0.023,25.675,0.021,25.721,0.021,25.826,0.021,28.551,0.017,23.488,0.056,27.838,0.223
42001,14.999,0.001,55.096,0.004,55.112,0.003,54.972,0.004,54.998,0.004,28.088,0.007,28.082,0.007,28.082,0.007,28.084,0.007,25.800,0.021,26.544,0.023,25.676,0.021,25.723,0.021,25.827,0.021,28.552,0.017,23.501,0.056,27.831,0.223
43001,15.000,0.001,55.098,0.004,55.112,0.003,54.972,0.004,54.998,0.004,28.088,0.007,28.082,0.007,28.084,0.007,28.084,0.007,25.801,0.021,26.544,0.023,25.677,0.021,25.723,0.021,25.827,0.021,28.551,0.017,23.528,0.056,27.846,0.223
44001,14.999,0.001,55.098,0.004,55.110,0.003,54.974,0.004,55.000,0.003,28.088,0.007,28.082,0.007,28.084,0.007,28.084,0.007,25.801,0.021,26.544,0.023,25.677,0.021,25.724,0.021,25.828,0.021,28.553,0.017,23.412,0.057,27.856,0.222
45001,15.000,0.001,55.096,0.004,55.110,0.003,54.972,0.004,54.998,0.003,28.088,0.007,28.082,0.007,28.082,0.007,28.084,0.007,25.801,0.021,26.544,0.023,25.677,0.021,25.724,0.021,25.828,0.021,28.553,0.017,23.412,0.057,27.856,0.222
46001,15.000,0.001,55.096,0.004,55.112,0.003,54.972,0.004,54.998,0.003,28.088,0.007,28.084,0.007,28.084,0.007,28.084,0.007,25.801,0.021,26.545,0.023,25.678,0.021,25.724,0.021,25.828,0.021,28.553,0.017,23.430,0.056,27.865,0.221
47001,15.000,0.001,55.098,0.004,55.110,0.003,54.972,0.004,54.998,0.003,28.088,0.007,28.084,0.007,28.084,0.007,28.084,0.007,25.802,0.021,26.546,0.023,25.679,0.021,25.725,0.021,25.829,0.021,28.552,0.017,23.431,0.055,27.865,0.218
48001,15.001,0.001,55.096,0.004,55.112,0.003,54.970,0.004,54.996,0.003,28.088,0.007,28.082,0.007,28.084,0.007,28.084,0.007,25.803,0.021,26.547,0.023,25.679,0.021,25.726,0.021,25.830,0.021,28.553,0.017,23.414,0.055,27.872,0.215
49001,15.001,0.001,55.096,0.004,55.112,0.003,54.972,0.004,54.998,0.003,28.088,0.007,28.084,0.007,28.084,0.007,28.084,0.007,25.803,0.021,26.547,0.023,25.680,0.021,25.726,0.021,25.830,0.021,28.553,0.017,23.425,0.055,27.879,0.213
50001,15.000,0.001,55.098,0.004,55.112,0.003,54.970,0.004,54.998,0.003,28.090,0.007,28.084,0.007,28.084,0.007,28.084,0.007,25.805,0.021,26.548,0.023,25.680,0.021,25.727,0.021,25.830,0.021,28.554,0.017,23.466,0.055,27.886,0.210
51001,15.000,0.001,55.096,0.004,55.114,0.003,54.972,0.004,55.000,0.003,28.090,0.007,28.084,0.007,28.084,0.007,28.084,0.007,25.804,0.021,26.548,0.023,25.681,0.021,25.727,0.021,25.831,0.020,28.555,0.017,23.424,0.055,27.897,0.209
52001,15.001,0.001,55.094,0.004,55.110,0.003,54.972,0.004,54.998,0.003,28.090,0.007,28.084,0.007,28.084,0.007,28.084,0.007,25.805,0.021,26.550,0.023,25.681,0.021,25.728,0.021,25.832,0.021,28.555,0.016,23.410,0.055,27.906,0.208
53001,15.001,0.001,55.096,0.004,55.108,0.003,54.972,0.004,54.998,0.003,28.090,0.007,28.084,0.007,28.084,0.007,28.086,0.007,25.807,0.021,26.550,0.024,25.681,0.021,25.728,0.021,25.832,0.021,28.555,0.016,23.415,0.055,27.918,0.208
54001,15.000,0.001,55.100,0.003,55.112,0.003,54.972,0.004,55.000,0.003,28.090,0.007,28.084,0.007,28.086,0.007,28.086,0.007,25.807,0.021,26.549,0.024,25.682,0.021,25.729,0.021,25.833,0.021,28.555,0.016,23.385,0.055,27.916,0.208
55001,15.000,0.001,55.096,0.003,55.112,0.003,54.970,0.004,54.998,0.003,28.090,0.007,28.084,0.007,28.086,0.007,28.086,0.007,25.808,0.021,26.550,0.024,25.684,0.021,25.729,0.021,25.834,0.020,28.556,0.016,23.398,0.055,27.919,0.209
56002,15.000,0.001,55.096,0.003,55.110,0.003,54.970,0.004,54.996,0.003,28.090,0.007,28.084,0.007,28.086,0.007,28.086,0.007,25.807,0.021,26.551,0.024,25.684,0.021,25.730,0.021,25.834,0.020,28.555,0.016,23.433,0.055,27.914,0.209
57002,15.001,0.001,55.098,0.003,55.110,0.003,54.972,0.004,55.000,0.003,28.090,0.007,28.084,0.007,28.086,0.007,28.086,0.007,25.809,0.021,26.553,0.024,25.684,0.021,25.730,0.021,25.835,0.020,28.556,0.016,23.424,0.055,27.903,0.209
58002,15.001,0.001,55.094,0.004,55.112,0.003,54.970,0.004,54.998,0.003,28.090,0.007,28.084,0.007,28.086,0.007,28.086,0.007,25.809,0.021,26.553,0.024,25.684,0.021,25.732,0.021,25.835,0.020,28.556,0.016,23.368,0.056,27.892,0.210
59002,15.001,0.001,55.098,0.003,55.110,0.003,54.972,0.004,54.998,0.003,28.090,0.006,28.086,0.007,28.086,0.007,28.086,0.007,25.809,0.021,26.553,0.024,25.685,0.021,25.732,0.021,25.836,0.020,28.556,0.016,23.368,0.056,27.884,0.210
60002,15.000,0.001,55.098,0.003,55.112,0.003,54.972,0.004,54.998,0.003,28.092,0.006,28.086,0.007,28.086,0.007,28.086,0.007,25.810,0.021,26.555,0.024,25.686,0.021,25.733,0.021,25.836,0.020,28.557,0.016,23.401,0.056,27.889,0.211
61002,15.000,0.001,55.096,0.003,55.112,0.003,54.972,0.004,54.998,0.003,28.090,0.006,28.086,0.007,28.086,0.007,28.086,0.007,25.811,0.021,26.555,0.024,25.687,0.021,25.734,0.021,25.837,0.020,28.557,0.016,23.512,0.057,27.885,0.211
62002,14.999,0.001,55.096,0.003,55.112,0.003,54.972,0.004,54.998,0.003,28.092,0.006,28.086,0.007,28.086,0.007,28.088,0.007,25.811,0.021,26.556,0.024,25.688,0.021,25.734,0.021,25.838,0.020,28.559,0.016,23.405,0.057,27.891,0.211
63002,15.000,0.001,55.098,0.003,55.112,0.003,54.972,0.003,54.998,0.003,28.092,0.007,28.086,0.007,28.086,0.007,28.088,0.007,25.811,0.021,26.557,0.024,25.688,0.021,25.734,0.021,25.839,0.020,28.558,0.016,23.443,0.057,27.930,0.212
64002,15.000,0.001,55.094,0.003,55.110,0.003,54.970,0.003,54.996,0.003,28.092,0.007,28.086,0.007,28.088,0.007,28.088,0.007,25.812,0.021,26.558,0.024,25.689,0.021,25.735,0.021,25.839,0.020,28.558,0.016,23.424,0.057,27.942,0.212
65002,15.001,0.001,55.098,0.003,55.112,0.003,54.970,0.003,54.996,0.003,28.092,0.007,28.086,0.007,28.088,0.007,28.088,0.007,25.813,0.021,26.558,0.024,25.689,0.021,25.735,0.021,25.840,0.020,28.556,0.016,23.414,0.056,27.930,0.212
66002,15.001,0.001,55.094,0.003,55.110,0.003,54.974,0.003,54.998,0.003,28.092,0.007,28.086,0.007,28.088,0.007,28.088,0.007,25.813,0.021,26.558,0.024,25.690,0.021,25.736,0.021,25.840,0.020,28.557,0.016,23.488,0.056,27.913,0.212
67002,15.000,0.001,55.094,0.003,55.108,0.003,54.968,0.003,54.994,0.003,28.092,0.007,28.086,0.007,28.088,0.007,28.088,0.007,25.815,0.021,26.559,0.024,25.690,0.021,25.736,0.020,25.840,0.020,28.555,0.016,23.500,0.056,27.911,0.210
68002,15.000,0.001,55.096,0.003,55.110,0.003,54.970,0.003,54.998,0.003,28.094,0.007,28.086,0.007,28.088,0.007,28.088,0.007,25.815,0.021,26.560,0.024,25.691,0.021,25.737,0.020,25.841,0.020,28.554,0.016,23.464,0.056,27.921,0.209
69002,15.000,0.001,55.094,0.003,55.110,0.003,54.968,0.003,54.996,0.003,28.092,0.007,28.088,0.007,28.088,0.007,28.088,0.007,25.815,0.021,26.561,0.024,25.691,0.021,25.739,0.020,25.842,0.020,28.553,0.016,23.516,0.055,27.927,0.207
70002,15.000,0.001,55.096,0.003,55.110,0.003,54.972,0.003,54.998,0.003,28.094,0.007,28.088,0.007,28.088,0.007,28.088,0.007,25.816,0.021,26.560,0.024,25.692,0.021,25.739,0.020,25.842,0.020,28.552,0.016,23.364,0.056,27.920,0.204
71002,15.000,0.001,55.096,0.003,55.110,0.003,54.972,0.003,54.998,0.003,28.094,0.007,28.088,0.007,28.088,0.007,28.088,0.007,25.817,0.021,26.562,0.024,25.693,0.021,25.739,0.020,25.843,0.020,28.551,0.016,23.953,0.072,27.918,0.202
72002,15.000,0.001,55.096,0.003,55.110,0.003,54.970,0.003,54.996,0.003,28.094,0.007,28.088,0.007,28.088,0.007,28.088,0.007,25.817,0.021,26.562,0.024,25.693,0.021,25.739,0.020,25.843,0.020,28.550,0.016,23.687,0.075,27.928,0.200
73002,15.002,0.001,55.096,0.003,55.108,0.003,54.972,0.003,54.998,0.003,28.094,0.007,28.088,0.007,28.088,0.007,28.088,0.007,25.818,0.021,26.564,0.024,25.694,0.021,25.741,0.020,25.844,0.020,28.548,0.016,23.467,0.075,27.908,0.199
74002,15.000,0.001,55.096,0.003,55.110,0.003,54.970,0.003,54.996,0.003,28.094,0.007,28.088,0.007,28.088,0.007,28.088,0.007,25.818,0.021,26.563,0.024,25.694,0.021,25.741,0.020,25.846,0.020,28.549,0.016,23.674,0.077,27.861,0.199
75002,15.000,0.001,55.096,0.003,55.112,0.003,54.970,0.003,54.996,0.003,28.094,0.007,28.088,0.007,28.088,0.007,28.088,0.006,25.818,0.021,26.564,0.024,25.695,0.021,25.742,0.020,25.845,0.020,28.549,0.016,23.837,0.085,27.830,0.198
76002,15.000,0.001,55.098,0.003,55.108,0.003,54.970,0.003,54.996,0.003,28.094,0.007,28.088,0.007,28.088,0.006,28.088,0.006,25.819,0.021,26.565,0.024,25.695,0.021,25.742,0.020,25.846,0.020,28.550,0.016,23.901,0.094,27.868,0.198
77002,14.999,0.001,55.094,0.003,55.110,0.003,54.968,0.003,54.996,0.003,28.094,0.007,28.088,0.007,28.088,0.006,28.090,0.006,25.821,0.021,26.565,0.024,25.696,0.021,25.743,0.020,25.847,0.020,28.551,0.016,23.722,0.096,27.905,0.199
78002,15.001,0.001,55.096,0.003,55.110,0.003,54.968,0.003,54.994,0.003,28.094,0.007,28.088,0.007,28.090,0.006,28.090,0.006,25.821,0.021,26.567,0.024,25.697,0.021,25.744,0.020,25.847,0.020,28.552,0.016,23.643,0.098,27.924,0.200
79002,15.002,0.001,55.092,0.003,55.110,0.003,54.968,0.003,54.996,0.003,28.094,0.007,28.088,0.007,28.090,0.006,28.090,0.006,25.820,0.021,26.568,0.024,25.697,0.021,25.745,0.020,25.848,0.020,28.552,0.016,23.630,0.099,27.938,0.201
80002,15.002,0.001,55.096,0.003,55.110,0.003,54.968,0.003,54.996,0.003,28.094,0.007,28.090,0.007,28.090,0.006,28.090,0.006,25.822,0.021,26.568,0.024,25.697,0.021,25.745,0.020,25.848,0.020,28.555,0.016,23.618,0.099,27.952,0.202
81002,15.001,0.001,55.096,0.003,55.110,0.003,54.970,0.003,54.996,0.003,28.094,0.006,28.090,0.007,28.090,0.006,28.090,0.006,25.824,0.021,26.567,0.024,25.699,0.021,25.745,0.020,25.849,0.020,28.556,0.016,23.599,0.100,27.960,0.204
82002,15.000,0.001,55.094,0.003,55.110,0.003,54.970,0.003,54.996,0.003,28.094,0.006,28.090,0.007,28.090,0.006,28.090,0.006,25.822,0.021,26.570,0.024,25.699,0.021,25.745,0.020,25.849,0.020,28.557,0.015,23.643,0.101,27.962,0.205
83002,15.000,0.001,55.094,0.003,55.110,0.003,54.972,0.003,54.998,0.003,28.096,0.006,28.090,0.007,28.090,0.006,28.090,0.006,25.824,0.021,26.569,0.024,25.700,0.021,25.746,0.020,25.850,0.020,28.557,0.015,23.714,0.103,27.967,0.206
84002,15.001,0.001,55.094,0.003,55.110,0.003,54.968,0.003,54.994,0.003,28.096,0.007,28.090,0.007,28.090,0.006,28.090,0.006,25.824,0.021,26.571,0.024,25.701,0.021,25.747,0.020,25.850,0.020,28.558,0.015,23.604,0.103,27.967,0.208
85003,15.002,0.001,55.094,0.003,55.108,0.003,54.970,0.003,54.996,0.003,28.096,0.007,28.090,0.007,28.090,0.006,28.090,0.006,25.825,0.021,26.570,0.024,25.702,0.021,25.747,0.020,25.851,0.020,28.558,0.015,23.365,0.104,27.968,0.209
86003,15.000,0.001,55.094,0.003,55.108,0.003,54.968,0.003,54.994,0.003,28.096,0.007,28.090,0.007,28.090,0.006,28.090,0.006,25.826,0.021,26.573,0.024,25.702,0.021,25.747,0.020,25.851,0.020,28.559,0.015,23.456,0.104,27.966,0.209
87003,15.000,0.001,55.092,0.003,55.110,0.003,54.970,0.003,54.996,0.003,28.096,0.007,28.090,0.007,28.090,0.006,28.092,0.006,25.827,0.021,26.573,0.024,25.704,0.021,25.749,0.020,25.853,0.020,28.559,0.014,23.533,0.103,27.950,0.210
88003,15.000,0.001,55.094,0.003,55.110,0.003,54.968,0.003,54.996,0.003,28.096,0.007,28.090,0.007,28.092,0.006,28.092,0.006,25.827,0.021,26.573,0.024,25.703,0.021,25.749,0.020,25.854,0.020,28.561,0.014,23.712,0.105,27.933,0.210
89003,15.000,0.001,55.094,0.003,55.108,0.003,54.968,0.003,54.994,0.003,28.096,0.007,28.090,0.007,28.092,0.006,28.092,0.006,25.827,0.021,26.573,0.024,25.703,0.021,25.749,0.020,25.853,0.020,28.562,0.014,23.704,0.107,27.909,0.210
90003,14.999,0.001,55.094,0.003,55.110,0.003,54.970,0.003,54.996,0.003,28.096,0.007,28.090,0.007,28.092,0.006,28.092,0.006,25.829,0.021,26.574,0.024,25.703,0.021,25.751,0.020,25.854,0.020,28.563,0.014,23.779,0.110,27.902,0.210
91003,14.999,0.001,55.096,0.003,55.110,0.003,54.968,0.003,54.996,0.003,28.096,0.007,28.092,0.007,28.092,0.006,28.092,0.006,25.828,0.021,26.574,0.024,25.705,0.021,25.751,0.020,25.854,0.020,28.564,0.013,23.788,0.113,27.894,0.210
92003,15.003,0.001,55.094,0.003,55.108,0.003,54.968,0.003,54.994,0.003,28.096,0.007,28.090,0.007,28.092,0.006,28.092,0.006,25.829,0.021,26.576,0.024,25.705,0.021,25.751,0.020,25.855,0.020,28.565,0.013,23.743,0.115,27.888,0.209
93003,15.002,0.001,55.094,0.003,55.108,0.003,54.966,0.003,54.994,0.003,28.098,0.007,28.090,0.006,28.092,0.006,28.092,0.006,25.830,0.021,26.575,0.024,25.706,0.021,25.752,0.020,25.856,0.020,28.566,0.013,23.727,0.117,27.879,0.207
94003,15.000,0.001,55.096,0.003,55.110,0.003,54.968,0.003,54.994,0.003,28.096,0.006,28.092,0.006,28.092,0.006,28.092,0.006,25.831,0.021,26.576,0.024,25.707,0.021,25.753,0.020,25.857,0.020,28.566,0.012,23.766,0.120,27.871,0.205
95003,14.998,0.001,55.096,0.003,55.108,0.003,54.966,0.003,54.992,0.003,28.098,0.006,28.092,0.006,28.092,0.006,28.092,0.006,25.831,0.021,26.576,0.024,25.707,0.021,25.754,0.020,25.856,0.020,28.568,0.012,23.541,0.120,27.872,0.204
96003,14.998,0.001,55.094,0.003,55.108,0.003,54.970,0.003,54.996,0.003,28.098,0.007,28.092,0.006,28.092,0.006,28.092,0.006,25.831,0.021,26.577,0.024,25.708,0.021,25.754,0.020,25.858,0.020,28.568,0.011,23.563,0.120,27.881,0.202
97003,14.999,0.001,55.094,0.003,55.112,0.003,54.970,0.003,54.996,0.003,28.098,0.006,28.092,0.006,28.094,0.006,28.094,0.006,25.831,0.021,26.577,0.024,25.708,0.021,25.754,0.020,25.858,0.020,28.570,0.011,23.597,0.120,27.886,0.202
98003,14.999,0.001,55.096,0.003,55.110,0.003,54.970,0.003,54.996,0.003,28.098,0.007,28.092,0.006,28.094,0.006,28.094,0.006,25.831,0.021,26.578,0.024,25.709,0.021,25.755,0.020,25.858,0.020,28.570,0.011,23.611,0.121,27.899,0.202
99003,15.000,0.001,55.094,0.003,55.108,0.003,54.966,0.003,54.992,0.003,28.098,0.007,28.092,0.006,28.094,0.006,28.094,0.006,25.833,0.021,26.579,0.024,25.709,0.021,25.755,0.020,25.859,0.020,28.570,0.010,23.658,0.121,27.912,0.203
100003,15.000,0.001,55.096,0.003,55.110,0.003,54.966,0.003,54.994,0.003,28.100,0.007,28.092,0.006,28.094,0.006,28.094,0.006,25.833,0.021,26.579,0.024,25.710,0.021,25.756,0.020,25.860,0.020,28.571,0.010,23.700,0.123,27.920,0.203
101003,15.000,0.001,55.096,0.003,55.110,0.003,54.968,0.003,54.996,0.003,28.098,0.007,28.092,0.006,28.094,0.006,28.094,0.006,25.836,0.021,26.580,0.024,25.710,0.021,25.757,0.020,25.860,0.020,28.571,0.010,23.720,0.124,27.927,0.204
102003,15.001,0.001,55.096,0.003,55.110,0.003,54.968,0.003,54.996,0.003,28.098,0.006,28.094,0.006,28.092,0.006,28.094,0.006,25.835,0.021,26.582,0.024,25.711,0.021,25.757,0.020,25.861,0.020,28.572,0.010,23.682,0.125,27.931,0.205
103003,15.000,0.001,55.096,0.003,55.112,0.003,54.966,0.003,54.994,0.003,28.098,0.006,28.092,0.006,28.094,0.006,28.094,0.006,25.837,0.021,26.581,0.024,25.712,0.021,25.758,0.020,25.861,0.020,28.573,0.010,23.727,0.127,27.932,0.205
104003,15.000,0.001,55.096,0.003,55.110,0.003,54.968,0.003,54.996,0.003,28.098,0.006,28.092,0.006,28.092,0.006,28.094,0.006,25.836,0.021,26.581,0.024,25.712,0.021,25.759,0.020,25.862,0.020,28.573,0.010,23.740,0.128,27.927,0.204
105003,15.000,0.001,55.096,0.003,55.110,0.003,54.966,0.003,54.994,0.003,28.100,0.006,28.094,0.006,28.094,0.006,28.096,0.006,25.837,0.021,26.583,0.023,25.713,0.021,25.760,0.020,25.863,0.020,28.574,0.010,23.656,0.129,27.924,0.203
106003,15.001,0.001,55.096,0.003,55.110,0.003,54.968,0.003,54.996,0.003,28.100,0.006,28.094,0.006,28.094,0.006,28.094,0.006,25.836,0.021,26.583,0.023,25.713,0.021,25.759,0.020,25.863,0.020,28.574,0.010,23.561,0.129,27.916,0.201
107003,15.001,0.001,55.094,0.003,55.110,0.003,54.970,0.003,54.996,0.003,28.100,0.006,28.094,0.006,28.094,0.006,28.094,0.006,25.838,0.021,26.583,0.023,25.714,0.021,25.760,0.020,25.864,0.020,28.577,0.010,23.662,0.129,27.896,0.198
108003,15.001,0.001,55.096,0.002,55.108,0.003,54.966,0.003,54.994,0.003,28.100,0.006,28.094,0.006,28.094,0.006,28.096,0.006,25.838,0.021,26.584,0.023,25.714,0.021,25.761,0.020,25.865,0.020,28.577,0.010,23.621,0.129,27.894,0.195
109003,15.000,0.001,55.094,0.002,55.110,0.003,54.968,0.003,54.994,0.003,28.100,0.006,28.094,0.006,28.094,0.006,28.094,0.006,25.839,0.021,26.585,0.023,25.715,0.021,25.761,0.020,25.865,0.020,28.580,0.011,23.376,0.130,27.905,0.191
110003,15.000,0.001,55.096,0.002,55.110,0.003,54.968,0.003,54.996,0.003,28.100,0.006,28.094,0.006,28.094,0.006,28.094,0.006,25.841,0.021,26.586,0.023,25.715,0.021,25.761,0.020,25.866,0.020,28.582,0.011,23.546,0.130,27.922,0.187
111003,15.000,0.001,55.094,0.002,55.110,0.003,54.968,0.003,54.994,0.003,28.100,0.006,28.094,0.006,28.096,0.006,28.096,0.006,25.840,0.021,26.586,0.023,25.717,0.021,25.763,0.020,25.866,0.020,28.582,0.011,23.526,0.129,27.932,0.183
112003,15.000,0.001,55.094,0.002,55.106,0.003,54.968,0.003,54.994,0.003,28.100,0.006,28.096,0.006,28.094,0.006,28.096,0.006,25.841,0.021,26.586,0.023,25.717,0.021,25.763,0.020,25.866,0.020,28.583,0.012,23.473,0.129,27.949,0.179
113003,15.000,0.001,55.094,0.002,55.108,0.003,54.966,0.003,54.994,0.003,28.100,0.006,28.094,0.006,28.096,0.006,28.096,0.006,25.842,0.021,26.587,0.023,25.718,0.021,25.764,0.020,25.867,0.020,28.585,0.012,23.460,0.129,27.966,0.174
114004,15.000,0.001,55.092,0.002,55.108,0.003,54.966,0.003,54.994,0.003,28.100,0.006,28.096,0.006,28.096,0.006,28.096,0.006,25.841,0.021,26.587,0.023,25.719,0.021,25.764,0.020,25.868,0.020,28.587,0.012,23.576,0.128,27.979,0.170
115003,15.000,0.001,55.094,0.002,55.110,0.003,54.970,0.003,54.996,0.003,28.100,0.006,28.096,0.006,28.096,0.006,28.096,0.006,25.843,0.021,26.588,0.023,25.720,0.021,25.765,0.020,25.868,0.020,28.587,0.013,23.696,0.129,27.985,0.167
116004,15.003,0.001,55.094,0.002,55.108,0.003,54.968,0.003,54.994,0.003,28.100,0.006,28.096,0.007,28.096,0.006,28.096,0.006,25.843,0.021,26.589,0.023,25.719,0.021,25.765,0.020,25.869,0.020,28.587,0.013,23.671,0.129,27.982,0.163
117004,15.000,0.001,55.094,0.002,55.110,0.003,54.966,0.003,54.994,0.003,28.102,0.006,28.096,0.007,28.096,0.006,28.096,0.006,25.844,0.021,26.589,0.023,25.721,0.021,25.766,0.020,25.870,0.020,28.589,0.013,23.609,0.128,27.978,0.160
118004,15.001,0.001,55.094,0.002,55.108,0.003,54.966,0.003,54.994,0.003,28.102,0.006,28.096,0.007,28.096,0.006,28.098,0.006,25.844,0.021,26.589,0.023,25.721,0.021,25.766,0.020,25.870,0.020,28.589,0.013,23.609,0.128,27.978,0.160
119004,15.000,0.001,55.094,0.002,55.110,0.003,54.968,0.003,54.994,0.003,28.102,0.006,28.096,0.007,28.096,0.006,28.096,0.006,25.844,0.021,26.589,0.023,25.720,0.021,25.767,0.020,25.871,0.020,28.590,0.014,23.607,0.127,27.964,0.157
120004,15.000,0.001,55.094,0.002,55.108,0.003,54.966,0.003,54.994,0.003,28.102,0.006,28.096,0.007,28.098,0.006,28.098,0.006,25.844,0.021,26.590,0.023,25.721,0.021,25.767,0.020,25.871,0.020,28.588,0.014,23.952,0.133,27.953,0.154
121004,15.000,0.001,55.096,0.002,55.108,0.003,54.966,0.003,54.994,0.003,28.102,0.006,28.096,0.007,28.098,0.006,28.098,0.006,25.846,0.021,26.591,0.023,25.722,0.021,25.768,0.020,25.871,0.020,28.590,0.014,23.984,0.139,27.941,0.152
122004,15.000,0.001,55.094,0.002,55.108,0.003,54.970,0.003,54.996,0.003,28.102,0.006,28.096,0.007,28.096,0.006,28.096,0.006,25.846,0.021,26.591,0.023,25.722,0.021,25.768,0.020,25.872,0.020,28.589,0.014,24.021,0.145,27.927,0.149
123004,15.001,0.001,55.094,0.002,55.108,0.003,54.966,0.003,54.994,0.003,28.102,0.006,28.096,0.006,28.096,0.006,28.098,0.006,25.847,0.021,26.592,0.023,25.722,0.021,25.770,0.020,25.872,0.020,28.590,0.015,24.105,0.154,27.915,0.146
124004,15.001,0.001,55.094,0.002,55.110,0.002,54.966,0.003,54.994,0.003,28.102,0.006,28.096,0.006,28.098,0.006,28.098,0.006,25.847,0.021,26.593,0.023,25.724,0.021,25.769,0.020,25.873,0.020,28.591,0.015,24.059,0.160,27.905,0.143
125004,15.000,0.001,55.094,0.002,55.108,0.002,54.966,0.003,54.992,0.003,28.102,0.006,28.096,0.006,28.098,0.006,28.098,0.006,25.848,0.021,26.592,0.022,25.724,0.021,25.771,0.020,25.874,0.020,28.591,0.015,24.080,0.167,27.897,0.140
126004,14.999,0.001,55.092,0.002,55.110,0.002,54.970,0.003,54.996,0.003,28.104,0.006,28.096,0.006,28.098,0.006,28.098,0.006,25.849,0.021,26.594,0.022,25.724,0.021,25.771,0.020,25.874,0.020,28.591,0.015,24.155,0.175,27.900,0.138
127004,14.998,0.001,55.092,0.002,55.110,0.002,54.966,0.003,54.994,0.003,28.102,0.006,28.098,0.006,28.098,0.006,28.098,0.006,25.850,0.021,26.594,0.022,25.726,0.021,25.771,0.020,25.875,0.020,28.593,0.016,24.139,0.182,27.897,0.137
128004,14.999,0.001,55.094,0.002,55.108,0.002,54.968,0.003,54.994,0.003,28.104,0.006,28.098,0.006,28.098,0.006,28.098,0.006,25.849,0.021,26.595,0.022,25.726,0.021,25.771,0.020,25.876,0.020,28.593,0.016,24.108,0.188,27.889,0.134
129004,15.000,0.001,55.094,0.002,55.110,0.002,54.968,0.003,54.994,0.003,28.104,0.006,28.098,0.006,28.098,0.006,28.098,0.006,25.852,0.021,26.595,0.022,25.727,0.021,25.773,0.020,25.876,0.020,28.593,0.016,24.108,0.193,27.882,0.131
130004,15.002,0.001,55.096,0.002,55.110,0.002,54.966,0.003,54.994,0.003,28.102,0.006,28.098,0.006,28.098,0.006,28.100,0.006,25.852,0.021,26.596,0.022,25.727,0.021,25.774,0.020,25.877,0.020,28.594,0.016,24.039,0.197,27.883,0.128
131004,15.002,0.001,55.094,0.002,55.108,0.002,54.968,0.003,54.996,0.003,28.104,0.006,28.098,0.006,28.098,0.006,28.098,0.006,25.852,0.021,26.597,0.022,25.728,0.021,25.774,0.020,25.877,0.020,28.594,0.016,24.084,0.201,27.885,0.123
132004,15.000,0.001,55.094,0.002,55.108,0.002,54.964,0.003,54.992,0.003,28.104,0.006,28.098,0.006,28.100,0.006,28.100,0.006,25.851,0.021,26.597,0.022,25.729,0.021,25.774,0.020,25.877,0.020,28.595,0.016,24.139,0.207,27.894,0.118
133004,15.001,0.001,55.094,0.002,55.110,0.002,54.966,0.003,54.994,0.003,28.104,0.006,28.098,0.006,28.098,0.006,28.100,0.006,25.853,0.021,26.597,0.022,25.729,0.021,25.775,0.020,25.878,0.020,28.595,0.017,24.273,0.216,27.908,0.112
134004,15.000,0.001,55.094,0.002,55.108,0.002,54.966,0.003,54.992,0.003,28.104,0.006,28.098,0.006,28.100,0.006,28.100,0.006,25.853,0.021,26.598,0.022,25.730,0.021,25.775,0.020,25.880,0.020,28.595,0.017,24.266,0.223,27.925,0.108
135004,15.000,0.001,55.094,0.002,55.106,0.002,54.966,0.003,54.994,0.003,28.104,0.006,28.100,0.006,28.100,0.006,28.100,0.006,25.854,0.021,26.599,0.022,25.730,0.021,25.775,0.020,25.879,0.020,28.597,0.017,24.232,0.230,27.943,0.105
136004,15.000,0.001,55.094,0.002,55.110,0.002,54.966,0.003,54.994,0.003,28.104,0.006,28.100,0.006,28.100,0.006,28.100,0.006,25.854,0.021,26.600,0.022,25.731,0.021,25.777,0.020,25.880,0.020,28.597,0.017,24.257,0.236,27.956,0.103
137004,15.000,0.001,55.094,0.002,55.108,0.002,54.966,0.003,54.994,0.003,28.104,0.006,28.098,0.006,28.100,0.006,28.100,0.006,25.855,0.021,26.600,0.022,25.730,0.021,25.777,0.020,25.880,0.020,28.600,0.017,24.171,0.241,27.978,0.101
138004,15.000,0.001,55.096,0.002,55.110,0.002,54.968,0.003,54.994,0.003,28.106,0.006,28.100,0.006,28.100,0.006,28.100,0.006,25.855,0.021,26.601,0.022,25.732,0.021,25.778,0.020,25.881,0.020,28.602,0.018,24.146,0.244,28.007,0.100
139004,15.001,0.001,55.094,0.002,55.110,0.002,54.968,0.003,54.994,0.003,28.106,0.006,28.100,0.006,28.100,0.006,28.102,0.006,25.856,0.021,26.601,0.022,25.733,0.021,25.778,0.020,25.882,0.020,28.604,0.018,24.115,0.247,28.050,0.100
140004,15.000,0.001,55.094,0.002,55.106,0.002,54.966,0.003,54.992,0.003,28.106,0.006,28.100,0.006,28.100,0.006,28.100,0.006,25.856,0.021,26.602,0.022,25.733,0.021,25.779,0.020,25.882,0.020,28.607,0.018,24.109,0.249,28.097,0.101
141004,14.999,0.001,55.094,0.002,55.106,0.002,54.966,0.003,54.992,0.003,28.106,0.006,28.100,0.006,28.100,0.006,28.100,0.006,25.857,0.021,26.604,0.022,25.734,0.021,25.780,0.020,25.883,0.020,28.609,0.019,24.013,0.251,28.158,0.106
142004,15.000,0.001,55.094,0.002,55.108,0.002,54.968,0.003,54.994,0.002,28.106,0.006,28.100,0.006,28.100,0.006,28.102,0.006,25.858,0.021,26.603,0.022,25.734,0.021,25.780,0.020,25.884,0.020,28.610,0.019,24.014,0.252,28.210,0.113
143005,15.000,0.001,55.094,0.002,55.108,0.002,54.968,0.003,54.994,0.002,28.106,0.006,28.100,0.006,28.100,0.006,28.102,0.006,25.858,0.021,26.604,0.022,25.735,0.021,25.780,0.020,25.884,0.020,28.611,0.019,24.011,0.253,28.241,0.121
144005,14.999,0.001,55.096,0.002,55.110,0.002,54.966,0.003,54.994,0.002,28.106,0.006,28.100,0.006,28.100,0.006,28.102,0.006,25.859,0.021,26.605,0.022,25.736,0.021,25.782,0.020,25.885,0.020,28.613,0.019,23.747,0.252,28.254,0.129
145005,14.999,0.001,55.094,0.002,55.108,0.002,54.966,0.003,54.994,0.002,28.106,0.006,28.100,0.006,28.100,0.006,28.102,0.006,25.860,0.021,26.604,0.021,25.736,0.021,25.782,0.020,25.886,0.020,28.616,0.020,23.840,0.253,28.241,0.136
146005,15.000,0.001,55.096,0.002,55.110,0.002,54.964,0.003,54.992,0.002,28.106,0.006,28.102,0.006,28.102,0.006,28.102,0.006,25.860,0.021,26.605,0.021,25.737,0.021,25.783,0.020,25.887,0.020,28.617,0.020,23.819,0.253,28.238,0.142
147005,15.000,0.001,55.096,0.002,55.110,0.002,54.966,0.003,54.994,0.002,28.106,0.006,28.100,0.006,28.102,0.006,28.102,0.006,25.862,0.021,26.606,0.021,25.737,0.021,25.783,0.020,25.887,0.020,28.619,0.021,23.868,0.253,28.243,0.148
148005,15.001,0.001,55.092,0.002,55.110,0.002,54.964,0.003,54.992,0.002,28.108,0.006,28.102,0.006,28.102,0.006,28.102,0.006,25.862,0.021,26.606,0.021,25.738,0.021,25.784,0.020,25.888,0.020,28.621,0.021,23.838,0.253,28.252,0.154
149005,15.001,0.001,55.094,0.002,55.108,0.002,54.966,0.003,54.992,0.002,28.108,0.006,28.100,0.006,28.102,0.006,28.102,0.006,25.862,0.021,26.607,0.021,25.738,0.021,25.784,0.020,25.888,0.020,28.622,0.021,23.864,0.253,28.266,0.161
150005,15.001,0.001,55.096,0.002,55.106,0.002,54.964,0.003,54.992,0.002,28.108,0.006,28.102,0.006,28.102,0.006,28.102,0.006,25.864,0.021,26.608,0.021,25.738,0.021,25.785,0.020,25.889,0.020,28.624,0.022,24.047,0.254,28.265,0.166
151005,15.000,0.001,55.096,0.002,55.110,0.002,54.968,0.003,54.994,0.002,28.108,0.006,28.102,0.006,28.102,0.006,28.102,0.006,25.864,0.021,26.609,0.021,25.740,0.021,25.785,0.020,25.889,0.020,28.625,0.022,23.923,0.254,28.259,0.172
152005,15.000,0.001,55.096,0.002,55.108,0.002,54.966,0.003,54.994,0.002,28.108,0.006,28.102,0.006,28.102,0.006,28.104,0.006,25.863,0.021,26.609,0.021,25.740,0.021,25.785,0.020,25.890,0.020,28.626,0.023,23.993,0.255,28.253,0.176
153005,15.000,0.001,55.094,0.002,55.106,0.002,54.966,0.003,54.994,0.002,28.108,0.006,28.102,0.006,28.102,0.006,28.102,0.006,25.865,0.021,26.609,0.021,25.741,0.021,25.787,0.020,25.890,0.020,28.628,0.023,23.989,0.256,28.254,0.181
154005,15.000,0.001,55.092,0.002,55.110,0.002,54.966,0.003,54.992,0.002,28.108,0.006,28.102,0.006,28.104,0.006,28.104,0.006,25.866,0.021,26.610,0.021,25.742,0.021,25.787,0.020,25.892,0.020,28.629,0.023,24.173,0.258,28.249,0.185
155005,15.000,0.001,55.094,0.002,55.108,0.002,54.966,0.003,54.992,0.002,28.108,0.006,28.102,0.006,28.104,0.006,28.104,0.006,25.866,0.021,26.611,0.021,25.742,0.021,25.788,0.020,25.892,0.020,28.629,0.024,24.178,0.261,28.244,0.188
156005,15.000,0.001,55.096,0.002,55.106,0.002,54.966,0.003,54.992,0.002,28.108,0.006,28.102,0.006,28.104,0.006,28.104,0.006,25.866,0.021,26.611,0.021,25.743,0.021,25.788,0.020,25.892,0.020,28.631,0.024,24.211,0.264,28.241,0.191
157005,15.001,0.001,55.096,0.002,55.110,0.002,54.966,0.003,54.994,0.002,28.108,0.006,28.102,0.006,28.104,0.006,28.104,0.006,25.867,0.021,26.612,0.021,25.743,0.021,25.789,0.020,25.893,0.020,28.631,0.024,24.299,0.269,28.234,0.193
158005,15.000,0.001,55.094,0.002,55.112,0.002,54.966,0.003,54.992,0.002,28.108,0.006,28.102,0.006,28.102,0.006,28.104,0.006,25.868,0.021,26.612,0.021,25.743,0.021,25.790,0.020,25.893,0.020,28.632,0.025,24.049,0.270,28.225,0.196
159005,15.001,0.001,55.094,0.002,55.108,0.002,54.968,0.003,54.994,0.002,28.110,0.006,28.104,0.006,28.104,0.006,28.104,0.006,25.868,0.021,26.612,0.021,25.744,0.021,25.790,0.020,25.894,0.020,28.633,0.025,23.977,0.271,28.215,0.198
160005,15.000,0.001,55.094,0.002,55.108,0.002,54.964,0.002,54.992,0.002,28.110,0.006,28.102,0.006,28.104,0.006,28.104,0.006,25.868,0.021,26.613,0.021,25.744,0.021,25.792,0.020,25.895,0.020,28.634,0.026,23.747,0.270,28.188,0.199
161005,15.000,0.001,55.096,0.002,55.106,0.002,54.964,0.002,54.992,0.002,28.110,0.006,28.104,0.006,28.104,0.006,28.104,0.006,25.869,0.021,26.613,0.021,25.745,0.021,25.792,0.020,25.895,0.020,28.635,0.026,23.760,0.270,28.159,0.200
162005,15.002,0.001,55.094,0.002,55.108,0.002,54.964,0.002,54.992,0.002,28.110,0.006,28.104,0.006,28.104,0.006,28.104,0.006,25.870,0.021,26.614,0.021,25.747,0.021,25.792,0.020,25.895,0.020,28.637,0.026,23.962,0.269,28.125,0.201
163005,15.000,0.001,55.094,0.002,55.110,0.002,54.966,0.002,54.994,0.002,28.110,0.006,28.104,0.006,28.104,0.006,28.106,0.006,25.870,0.021,26.614,0.021,25.746,0.021,25.793,0.020,25.897,0.020,28.637,0.027,23.866,0.269,28.091,0.200
164005,15.000,0.001,55.096,0.002,55.110,0.002,54.966,0.002,54.994,0.002,28.110,0.006,28.104,0.006,28.106,0.006,28.106,0.006,25.871,0.021,26.615,0.021,25.747,0.021,25.793,0.020,25.897,0.020,28.640,0.027,23.733,0.268,28.049,0.199
165005,15.003,0.001,55.092,0.002,55.110,0.002,54.968,0.002,54.994,0.002,28.110,0.006,28.104,0.006,28.104,0.006,28.106,0.006,25.870,0.021,26.617,0.021,25.747,0.021,25.794,0.020,25.898,0.020,28.641,0.028,23.647,0.267,28.005,0.199
166005,15.000,0.001,55.094,0.002,55.108,0.002,54.968,0.002,54.994,0.002,28.110,0.006,28.104,0.006,28.104,0.006,28.106,0.006,25.873,0.021,26.616,0.021,25.748,0.021,25.795,0.020,25.898,0.020,28.643,0.028,23.661,0.266,27.968,0.198
167005,14.999,0.001,55.094,0.002,55.108,0.002,54.964,0.002,54.992,0.002,28.110,0.006,28.104,0.006,28.106,0.006,28.106,0.006,25.875,0.021,26.617,0.021,25.749,0.021,25.795,0.020,25.899,0.020,28.643,0.028,23.647,0.264,27.937,0.197
168005,14.999,0.001,55.094,0.002,55.110,0.002,54.964,0.002,54.992,0.002,28.110,0.006,28.104,0.006,28.106,0.006,28.106,0.006,25.873,0.021,26.617,0.021,25.749,0.021,25.796,0.020,25.900,0.020,28.645,0.029,23.657,0.263,27.902,0.197
169005,14.999,0.001,55.096,0.001,55.110,0.002,54.964,0.002,54.992,0.002,28.110,0.006,28.106,0.006,28.106,0.006,28.106,0.006,25.875,0.021,26.618,0.020,25.750,0.021,25.797,0.020,25.900,0.020,28.646,0.029,23.640,0.261,27.871,0.197
170005,15.000,0.001,55.096,0.001,55.108,0.002,54.966,0.002,54.994,0.002,28.110,0.006,28.104,0.006,28.106,0.006,28.106,0.006,25.874,0.021,26.619,0.020,25.751,0.021,25.797,0.020,25.901,0.020,28.648,0.030,23.645,0.260,27.845,0.197
171005,15.000,0.001,55.092,0.001,55.110,0.002,54.966,0.002,54.994,0.002,28.110,0.006,28.104,0.006,28.106,0.006,28.106,0.006,25.876,0.021,26.620,0.020,25.751,0.021,25.797,0.020,25.901,0.020,28.650,0.030,23.637,0.259,27.852,0.198
172005,15.000,0.001,55.098,0.001,55.108,0.002,54.964,0.002,54.992,0.002,28.112,0.006,28.106,0.006,28.106,0.006,28.106,0.006,25.876,0.021,26.620,0.020,25.752,0.021,25.798,0.020,25.903,0.020,28.650,0.031,23.637,0.257,27.855,0.198
173005,15.001,0.001,55.094,0.001,55.108,0.002,54.968,0.002,54.994,0.002,28.112,0.006,28.106,0.006,28.106,0.006,28.106,0.006,25.877,0.021,26.620,0.020,25.752,0.021,25.799,0.020,25.902,0.020,28.651,0.031,23.589,0.256,27.876,0.198
174006,15.000,0.001,55.096,0.001,55.108,0.002,54.964,0.002,54.992,0.002,28.110,0.006,28.106,0.006,28.106,0.006,28.106,0.006,25.877,0.021,26.621,0.020,25.752,0.020,25.799,0.020,25.903,0.020,28.651,0.031,23.610,0.254,27.887,0.199
175006,15.001,0.001,55.094,0.001,55.106,0.002,54.968,0.002,54.994,0.002,28.112,0.006,28.106,0.006,28.106,0.006,28.108,0.006,25.877,0.021,26.621,0.020,25.754,0.020,25.799,0.020,25.904,0.020,28.652,0.032,23.582,0.252,27.902,0.199
176006,15.000,0.001,55.094,0.001,55.110,0.002,54.964,0.002,54.992,0.002,28.112,0.006,28.106,0.006,28.106,0.006,28.106,0.006,25.877,0.021,26.622,0.020,25.755,0.021,25.800,0.020,25.905,0.020,28.654,0.032,23.578,0.251,27.904,0.199
177006,15.000,0.001,55.094,0.001,55.108,0.001,54.966,0.002,54.992,0.002,28.112,0.006,28.106,0.006,28.108,0.006,28.108,0.006,25.879,0.021,26.623,0.020,25.754,0.020,25.801,0.020,25.905,0.020,28.656,0.032,23.611,0.249,27.898,0.199
178006,15.000,0.001,55.096,0.001,55.108,0.001,54.964,0.002,54.992,0.002,28.112,0.006,28.106,0.006,28.106,0.006,28.108,0.006,25.880,0.021,26.623,0.020,25.755,0.020,25.802,0.020,25.907,0.020,28.657,0.033,23.589,0.248,27.901,0.199
179006,15.000,0.001,55.096,0.001,55.106,0.002,54.966,0.002,54.994,0.002,28.112,0.006,28.106,0.006,28.108,0.006,28.108,0.006,25.878,0.021,26.622,0.020,25.756,0.020,25.802,0.020,25.907,0.020,28.658,0.033,23.547,0.246,27.894,0.199
180006,15.000,0.001,55.096,0.001,55.110,0.002,54.968,0.002,54.994,0.002,28.112,0.006,28.106,0.006,28.108,0.006,28.108,0.006,25.881,0.021,26.625,0.020,25.757,0.020,25.804,0.020,25.907,0.020,28.659,0.034,23.587,0.244,27.898,0.199
181006,14.999,0.001,55.094,0.001,55.108,0.002,54.966,0.002,54.994,0.002,28.112,0.006,28.108,0.006,28.108,0.006,28.108,0.006,25.882,0.021,26.624,0.020,25.756,0.020,25.803,0.020,25.907,0.020,28.660,0.034,23.525,0.242,27.908,0.199
182006,14.999,0.001,55.096,0.001,55.108,0.001,54.964,0.002,54.992,0.002,28.114,0.006,28.108,0.006,28.108,0.006,28.108,0.006,25.882,0.021,26.626,0.020,25.758,0.020,25.803,0.020,25.908,0.020,28.662,0.034,23.466,0.243,27.918,0.198
183006,14.999,0.001,55.098,0.001,55.110,0.001,54.966,0.002,54.994,0.002,28.112,0.006,28.108,0.006,28.108,0.006,28.110,0.006,25.883,0.021,26.625,0.020,25.758,0.020,25.804,0.020,25.909,0.020,28.663,0.035,23.518,0.242,27.919,0.198
184006,14.999,0.001,55.096,0.001,55.110,0.001,54.964,0.002,54.992,0.002,28.114,0.006,28.108,0.006,28.108,0.006,28.110,0.006,25.883,0.021,26.626,0.020,25.759,0.020,25.805,0.020,25.909,0.020,28.664,0.035,23.520,0.241,27.938,0.198
185006,15.000,0.001,55.096,0.001,55.108,0.001,54.966,0.002,54.994,0.002,28.114,0.006,28.108,0.006,28.108,0.006,28.108,0.006,25.885,0.021,26.626,0.020,25.759,0.020,25.805,0.020,25.910,0.021,28.666,0.035,23.498,0.240,27.950,0.198
186006,15.001,0.001,55.096,0.001,55.108,0.001,54.966,0.002,54.994,0.002,28.114,0.006,28.108,0.006,28.110,0.006,28.110,0.006,25.885,0.021,26.626,0.020,25.760,0.020,25.806,0.020,25.911,0.021,28.665,0.036,23.574,0.239,27.974,0.198
187006,15.001,0.001,55.092,0.001,55.110,0.001,54.968,0.002,54.994,0.002,28.114,0.006,28.108,0.006,28.110,0.006,28.110,0.006,25.885,0.021,26.628,0.020,25.760,0.020,25.807,0.020,25.912,0.021,28.665,0.036,23.561,0.238,27.986,0.198
188006,15.000,0.001,55.096,0.001,55.108,0.001,54.964,0.002,54.992,0.002,28.114,0.006,28.108,0.006,28.110,0.006,28.110,0.006,25.886,0.021,26.629,0.020,25.760,0.020,25.807,0.020,25.912,0.021,28.665,0.036,23.534,0.238,28.000,0.197
189006,15.000,0.001,55.094,0.001,55.110,0.001,54.966,0.002,54.992,0.002,28.114,0.006,28.108,0.006,28.110,0.006,28.110,0.006,25.886,0.021,26.628,0.020,25.762,0.020,25.808,0.020,25.912,0.021,28.663,0.037,23.507,0.237,28.005,0.197
190006,15.000,0.001,55.094,0.001,55.108,0.001,54.966,0.002,54.992,0.002,28.114,0.006,28.110,0.006,28.110,0.006,28.110,0.006,25.887,0.021,26.630,0.020,25.763,0.020,25.809,0.020,25.913,0.021,28.663,0.037,23.567,0.237,28.009,0.197
191006,15.000,0.001,55.096,0.001,55.110,0.001,54.964,0.002,54.992,0.002,28.114,0.006,28.110,0.006,28.110,0.006,28.110,0.006,25.887,0.021,26.630,0.020,25.763,0.020,25.809,0.020,25.913,0.021,28.663,0.037,23.567,0.237,28.009,0.197
192006,15.000,0.001,55.094,0.001,55.110,0.001,54.966,0.002,54.992,0.002,28.116,0.006,28.108,0.006,28.110,0.006,28.110,0.006,25.888,0.021,26.629,0.020,25.763,0.020,25.810,0.020,25.913,0.021,28.664,0.037,23.659,0.234,28.010,0.197
193006,15.001,0.001,55.094,0.001,55.108,0.001,54.966,0.002,54.992,0.002,28.114,0.006,28.110,0.006,28.110,0.006,28.110,0.006,25.888,0.021,26.631,0.020,25.764,0.020,25.809,0.020,25.914,0.021,28.665,0.037,23.640,0.234,28.024,0.197
194006,15.001,0.001,55.096,0.001,55.110,0.001,54.966,0.002,54.992,0.001,28.116,0.006,28.110,0.006,28.110,0.006,28.110,0.006,25.889,0.021,26.632,0.020,25.764,0.020,25.810,0.020,25.915,0.021,28.664,0.037,23.758,0.234,28.051,0.197
195006,15.002,0.001,55.094,0.001,55.110,0.001,54.966,0.002,54.994,0.001,28.116,0.006,28.110,0.006,28.110,0.006,28.110,0.006,25.889,0.021,26.631,0.020,25.764,0.020,25.811,0.020,25.914,0.021,28.664,0.037,23.656,0.232,28.079,0.197
196006,15.001,0.001,55.098,0.001,55.108,0.001,54.966,0.002,54.992,0.001,28.116,0.006,28.110,0.006,28.112,0.006,28.112,0.006,25.890,0.021,26.632,0.020,25.765,0.020,25.811,0.020,25.916,0.021,28.664,0.037,23.741,0.232,28.102,0.197
197006,15.000,0.001,55.098,0.001,55.108,0.001,54.966,0.002,54.994,0.001,28.116,0.006,28.110,0.006,28.112,0.006,28.112,0.006,25.891,0.021,26.633,0.020,25.767,0.020,25.813,0.020,25.917,0.021,28.664,0.037,23.756,0.232,28.116,0.196
198006,15.000,0.001,55.096,0.001,55.108,0.001,54.964,0.002,54.992,0.001,28.116,0.006,28.110,0.006,28.112,0.006,28.112,0.006,25.892,0.021,26.633,0.020,25.767,0.020,25.813,0.020,25.917,0.021,28.665,0.037,23.721,0.232,28.121,0.196
199006,15.000,0.001,55.094,0.001,55.108,0.001,54.966,0.002,54.992,0.001,28.116,0.006,28.110,0.006,28.112,0.006,28.112,0.006,25.892,0.021,26.634,0.020,25.767,0.020,25.813,0.020,25.917,0.021,28.664,0.037,23.641,0.232,28.133,0.197
200006,15.000,0.001,55.096,0.001,55.110,0.001,54.968,0.002,54.994,0.001,28.116,0.006,28.110,0.006,28.110,0.006,28.112,0.006,25.892,0.021,26.634,0.020,25.768,0.020,25.814,0.020,25.919,0.021,28.665,0.037,23.670,0.232,28.140,0.198
201006,15.000,0.001,55.096,0.001,55.110,0.001,54.964,0.002,54.992,0.001,28.118,0.006,28.112,0.006,28.110,0.006,28.112,0.006,25.893,0.021,26.635,0.020,25.768,0.020,25.814,0.020,25.919,0.021,28.665,0.037,23.719,0.232,28.149,0.199
202006,15.000,0.001,55.096,0.001,55.108,0.001,54.964,0.002,54.992,0.001,28.118,0.006,28.110,0.006,28.112,0.006,28.112,0.006,25.893,0.021,26.634,0.019,25.769,0.020,25.815,0.020,25.920,0.021,28.667,0.037,23.699,0.231,28.153,0.200
203007,15.000,0.001,55.096,0.001,55.110,0.001,54.964,0.002,54.992,0.001,28.118,0.006,28.112,0.006,28.112,0.006,28.112,0.006,25.894,0.021,26.635,0.019,25.770,0.020,25.817,0.020,25.920,0.021,28.668,0.037,23.632,0.231,28.153,0.201
204007,15.001,0.001,55.096,0.001,55.110,0.001,54.966,0.002,54.994,0.001,28.118,0.006,28.112,0.006,28.114,0.006,28.114,0.006,25.894,0.021,26.637,0.019,25.770,0.020,25.816,0.020,25.920,0.021,28.670,0.037,23.702,0.231,28.156,0.202
205007,15.000,0.001,55.096,0.001,55.110,0.001,54.966,0.002,54.992,0.001,28.118,0.006,28.112,0.006,28.112,0.006,28.112,0.006,25.895,0.021,26.637,0.019,25.771,0.020,25.817,0.020,25.921,0.021,28.671,0.037,23.704,0.231,28.155,0.203
206007,15.000,0.001,55.096,0.001,55.110,0.001,54.966,0.002,54.994,0.001,28.118,0.006,28.112,0.006,28.112,0.006,28.114,0.006,25.896,0.021,26.637,0.019,25.771,0.020,25.817,0.020,25.922,0.021,28.673,0.037,23.676,0.231,28.149,0.204
207007,15.000,0.001,55.096,0.001,55.108,0.001,54.962,0.002,54.990,0.001,28.118,0.006,28.112,0.006,28.112,0.006,28.112,0.006,25.897,0.021,26.637,0.019,25.772,0.020,25.818,0.020,25.923,0.021,28.675,0.037,23.679,0.228,28.157,0.205
208007,15.000,0.001,55.096,0.001,55.110,0.001,54.968,0.002,54.994,0.001,28.118,0.006,28.112,0.006,28.112,0.006,28.114,0.006,25.897,0.021,26.638,0.019,25.773,0.020,25.819,0.020,25.923,0.021,28.675,0.036,23.678,0.226,28.146,0.206
209007,15.000,0.001,55.096,0.001,55.108,0.001,54.968,0.002,54.994,0.001,28.118,0.006,28.112,0.006,28.114,0.006,28.114,0.006,25.897,0.021,26.639,0.019,25.773,0.020,25.820,0.020,25.923,0.021,28.675,0.036,23.704,0.225,28.113,0.206
210007,15.000,0.001,55.096,0.001,55.110,0.001,54.966,0.002,54.992,0.001,28.118,0.006,28.112,0.006,28.112,0.006,28.114,0.006,25.899,0.021,26.640,0.019,25.774,0.020,25.819,0.020,25.924,0.021,28.675,0.036,23.734,0.225,28.117,0.206
211007,15.000,0.001,55.098,0.001,55.110,0.001,54.968,0.002,54.994,0.001,28.118,0.006,28.112,0.006,28.114,0.006,28.114,0.006,25.899,0.021,26.640,0.019,25.775,0.020,25.820,0.020,25.926,0.021,28.675,0.036,23.760,0.225,28.115,0.206
212007,15.001,0.001,55.098,0.001,55.112,0.001,54.966,0.002,54.994,0.001,28.118,0.006,28.114,0.006,28.114,0.006,28.114,0.006,25.900,0.021,26.641,0.019,25.775,0.020,25.821,0.020,25.926,0.021,28.675,0.036,23.667,0.225,28.100,0.206
213007,15.001,0.001,55.098,0.001,55.110,0.001,54.964,0.002,54.992,0.001,28.118,0.006,28.112,0.006,28.114,0.006,28.114,0.006,25.901,0.021,26.641,0.019,25.776,0.020,25.822,0.020,25.926,0.021,28.674,0.036,23.627,0.225,28.083,0.205
214007,15.000,0.001,55.096,0.001,55.110,0.001,54.966,0.002,54.994,0.001,28.120,0.006,28.112,0.006,28.114,0.006,28.114,0.006,25.900,0.021,26.642,0.019,25.775,0.020,25.822,0.020,25.927,0.021,28.675,0.036,23.623,0.226,28.031,0.205
215007,15.000,0.001,55.100,0.001,55.108,0.001,54.966,0.002,54.994,0.001,28.120,0.006,28.114,0.006,28.114,0.006,28.116,0.006,25.902,0.021,26.642,0.019,25.776,0.020,25.823,0.020,25.928,0.021,28.674,0.036,23.640,0.226,27.988,0.204
216007,15.000,0.001,55.100,0.001,55.108,0.001,54.966,0.002,54.994,0.001,28.120,0.006,28.114,0.006,28.114,0.006,28.116,0.006,25.902,0.021,26.643,0.019,25.777,0.020,25.823,0.020,25.928,0.021,28.673,0.036,23.636,0.227,27.982,0.203
217007,15.000,0.001,55.096,0.001,55.112,0.001,54.964,0.002,54.992,0.001,28.120,0.006,28.114,0.006,28.114,0.006,28.116,0.007,25.901,0.021,26.644,0.019,25.778,0.020,25.824,0.021,25.929,0.021,28.674,0.036,23.693,0.226,27.989,0.201
218007,15.000,0.001,55.100,0.002,55.110,0.001,54.966,0.002,54.994,0.001,28.120,0.006,28.114,0.006,28.114,0.006,28.114,0.006,25.904,0.021,26.644,0.019,25.778,0.020,25.824,0.020,25.929,0.021,28.674,0.035,23.709,0.225,27.984,0.200
219007,15.000,0.001,55.098,0.002,55.110,0.001,54.966,0.002,54.994,0.001,28.120,0.006,28.114,0.006,28.114,0.006,28.116,0.007,25.904,0.021,26.646,0.019,25.779,0.020,25.825,0.020,25.930,0.021,28.674,0.035,23.717,0.224,27.964,0.200
220007,15.000,0.001,55.096,0.002,55.106,0.001,54.966,0.002,54.992,0.001,28.120,0.006,28.114,0.006,28.116,0.007,28.116,0.007,25.903,0.021,26.646,0.019,25.780,0.020,25.825,0.020,25.930,0.021,28.675,0.035,23.697,0.224,27.940,0.199
221007,15.000,0.001,55.098,0.002,55.108,0.001,54.964,0.002,54.992,0.001,28.120,0.006,28.114,0.006,28.116,0.007,28.116,0.007,25.906,0.021,26.647,0.019,25.780,0.020,25.826,0.020,25.931,0.021,28.676,0.035,23.706,0.224,27.918,0.199
222007,15.000,0.001,55.100,0.002,55.110,0.001,54.964,0.002,54.992,0.001,28.120,0.007,28.116,0.006,28.116,0.007,28.116,0.007,25.904,0.021,26.648,0.019,25.781,0.020,25.826,0.020,25.932,0.021,28.678,0.035,23.680,0.224,27.912,0.199
223007,15.000,0.001,55.096,0.002,55.108,0.001,54.966,0.002,54.994,0.001,28.122,0.007,28.114,0.006,28.116,0.007,28.116,0.007,25.905,0.021,26.647,0.019,25.782,0.020,25.827,0.020,25.932,0.021,28.678,0.035,23.674,0.224,27.923,0.199
224007,15.000,0.001,55.096,0.002,55.112,0.001,54.968,0.002,54.994,0.001,28.122,0.007,28.114,0.006,28.116,0.007,28.116,0.007,25.907,0.021,26.648,0.019,25.782,0.020,25.828,0.020,25.933,0.021,28.680,0.034,23.661,0.224,27.918,0.199
225007,15.001,0.001,55.098,0.002,55.108,0.001,54.968,0.002,54.994,0.001,28.122,0.007,28.114,0.006,28.116,0.007,28.116,0.007,25.908,0.021,26.650,0.019,25.783,0.020,25.829,0.020,25.934,0.021,28.682,0.034,23.664,0.224,27.882,0.200
226007,15.001,0.001,55.096,0.002,55.110,0.001,54.962,0.002,54.990,0.001,28.122,0.007,28.116,0.006,28.116,0.007,28.116,0.007,25.907,0.021,26.649,0.019,25.783,0.020,25.830,0.020,25.933,0.021,28.683,0.034,23.665,0.224,27.846,0.201
227007,15.000,0.001,55.098,0.002,55.110,0.001,54.968,0.002,54.994,0.001,28.122,0.007,28.116,0.006,28.116,0.007,28.116,0.007,25.908,0.021,26.650,0.019,25.784,0.020,25.830,0.021,25.935,0.021,28.686,0.034,23.684,0.224,27.814,0.203
228007,15.001,0.001,55.096,0.002,55.112,0.001,54.966,0.002,54.992,0.001,28.122,0.007,28.116,0.006,28.116,0.007,28.116,0.007,25.909,0.021,26.650,0.019,25.784,0.020,25.831,0.021,25.935,0.021,28.687,0.034,23.699,0.224,27.791,0.205
229007,15.001,0.001,55.094,0.002,55.112,0.001,54.966,0.002,54.992,0.001,28.122,0.007,28.116,0.006,28.116,0.007,28.118,0.007,25.910,0.021,26.652,0.019,25.783,0.020,25.831,0.020,25.936,0.021,28.689,0.034,23.689,0.223,27.791,0.207
230007,15.000,0.001,55.098,0.002,55.108,0.001,54.968,0.002,54.994,0.001,28.122,0.007,28.116,0.006,28.118,0.007,28.118,0.007,25.910,0.021,26.652,0.019,25.786,0.020,25.831,0.020,25.936,0.021,28.689,0.033,23.688,0.223,27.804,0.208
231007,15.000,0.001,55.098,0.002,55.114,0.002,54.968,0.002,54.996,0.001,28.122,0.007,28.116,0.006,28.118,0.007,28.118,0.007,25.910,0.021,26.653,0.019,25.786,0.020,25.833,0.021,25.938,0.021,28.690,0.033,23.697,0.220,27.818,0.210
232007,15.000,0.001,55.100,0.002,55.112,0.002,54.966,0.002,54.994,0.001,28.122,0.007,28.116,0.006,28.118,0.007,28.118,0.007,25.911,0.021,26.654,0.019,25.787,0.020,25.834,0.021,25.937,0.021,28.691,0.033,23.690,0.219,27.813,0.211
233007,15.000,0.001,55.098,0.002,55.110,0.002,54.964,0.002,54.992,0.001,28.122,0.007,28.118,0.006,28.116,0.007,28.118,0.007,25.911,0.021,26.654,0.019,25.787,0.020,25.835,0.021,25.938,0.021,28.692,0.033,23.727,0.218,27.796,0.213
234008,15.001,0.001,55.098,0.002,55.112,0.002,54.966,0.002,54.994,0.001,28.122,0.007,28.116,0.006,28.116,0.007,28.118,0.007,25.912,0.021,26.654,0.019,25.788,0.020,25.834,0.021,25.938,0.021,28.695,0.033,23.797,0.216,27.787,0.216
235008,15.002,0.001,55.098,0.002,55.110,0.002,54.968,0.002,54.994,0.001,28.122,0.007,28.118,0.006,28.118,0.007,28.118,0.007,25.914,0.021,26.656,0.019,25.789,0.020,25.834,0.021,25.939,0.021,28.699,0.033,23.734,0.214,27.796,0.218
236008,15.001,0.001,55.100,0.002,55.112,0.002,54.966,0.002,54.994,0.001,28.122,0.007,28.118,0.006,28.118,0.007,28.118,0.007,25.914,0.021,26.656,0.019,25.790,0.020,25.835,0.021,25.939,0.021,28.701,0.033,23.690,0.213,27.818,0.220
237008,15.000,0.001,55.100,0.002,55.114,0.002,54.966,0.002,54.994,0.001,28.124,0.007,28.116,0.006,28.118,0.007,28.120,0.007,25.915,0.021,26.656,0.019,25.789,0.020,25.836,0.021,25.940,0.021,28.704,0.033,23.712,0.213,27.840,0.221
238008,15.000,0.001,55.098,0.002,55.110,0.002,54.968,0.002,54.996,0.001,28.124,0.007,28.118,0.006,28.118,0.007,28.118,0.007,25.915,0.021,26.658,0.019,25.790,0.020,25.837,0.021,25.941,0.021,28.705,0.033,23.756,0.213,27.856,0.222
239008,15.000,0.001,55.102,0.002,55.114,0.002,54.970,0.002,54.998,0.001,28.124,0.007,28.118,0.006,28.118,0.007,28.120,0.007,25.915,0.021,26.658,0.019,25.791,0.020,25.837,0.021,25.941,0.021,28.706,0.033,23.751,0.212,27.854,0.223
240008,14.999,0.001,55.098,0.002,55.112,0.002,54.964,0.002,54.992,0.001,28.124,0.007,28.118,0.007,28.118,0.007,28.120,0.007,25.917,0.021,26.659,0.019,25.791,0.020,25.838,0.021,25.942,0.021,28.707,0.033,23.818,0.212,27.845,0.224
241008,14.999,0.001,55.098,0.002,55.112,0.002,54.968,0.002,54.996,0.001,28.124,0.007,28.118,0.007,28.118,0.006,28.118,0.007,25.916,0.021,26.660,0.019,25.792,0.020,25.839,0.021,25.943,0.021,28.706,0.033,23.715,0.211,27.860,0.225
242008,15.000,0.001,55.098,0.002,55.114,0.002,54.966,0.002,54.994,0.001,28.124,0.007,28.118,0.007,28.120,0.007,28.120,0.007,25.917,0.021,26.659,0.019,25.793,0.020,25.840,0.021,25.943,0.021,28.707,0.033,23.766,0.211,27.880,0.226
243008,15.000,0.001,55.098,0.002,55.110,0.002,54.966,0.002,54.994,0.001,28.124,0.007,28.120,0.007,28.118,0.007,28.120,0.007,25.918,0.021,26.659,0.019,25.793,0.020,25.840,0.021,25.944,0.021,28.707,0.033,23.725,0.210,27.908,0.226
244008,15.000,0.001,55.100,0.002,55.112,0.002,54.966,0.002,54.994,0.001,28.124,0.007,28.120,0.007,28.118,0.006,28.120,0.007,25.918,0.021,26.661,0.019,25.794,0.020,25.841,0.021,25.945,0.021,28.707,0.033,23.735,0.208,27.925,0.226
245008,15.000,0.001,55.098,0.002,55.114,0.002,54.966,0.002,54.994,0.001,28.124,0.007,28.120,0.007,28.120,0.006,28.120,0.007,25.918,0.021,26.662,0.019,25.794,0.020,25.841,0.021,25.945,0.021,28.707,0.033,23.751,0.206,27.893,0.226
246008,15.001,0.001,55.100,0.002,55.112,0.002,54.966,0.002,54.994,0.001,28.126,0.007,28.118,0.007,28.120,0.006,28.120,0.007,25.920,0.021,26.663,0.019,25.796,0.020,25.841,0.021,25.946,0.021,28.708,0.033,23.766,0.204,27.830,0.227
247008,15.000,0.001,55.098,0.002,55.112,0.002,54.966,0.002,54.994,0.001,28.126,0.007,28.120,0.007,28.120,0.006,28.120,0.007,25.921,0.021,26.661,0.019,25.795,0.020,25.843,0.021,25.945,0.021,28.707,0.032,23.727,0.202,27.807,0.228
248008,14.999,0.001,55.102,0.002,55.114,0.002,54.966,0.001,54.994,0.001,28.126,0.007,28.118,0.006,28.120,0.006,28.120,0.007,25.921,0.021,26.663,0.019,25.796,0.020,25.842,0.021,25.947,0.021,28.706,0.032,23.738,0.199,27.781,0.230
249008,15.000,0.001,55.100,0.002,55.110,0.002,54.968,0.001,54.996,0.001,28.126,0.007,28.120,0.007,28.120,0.006,28.120,0.007,25.922,0.021,26.664,0.020,25.797,0.020,25.843,0.021,25.948,0.021,28.706,0.032,23.749,0.197,27.757,0.232
250008,15.000,0.001,55.098,0.002,55.110,0.002,54.968,0.001,54.996,0.001,28.126,0.007,28.120,0.007,28.120,0.006,28.122,0.007,25.923,0.021,26.665,0.020,25.797,0.020,25.844,0.021,25.949,0.021,28.706,0.032,23.870,0.195,27.707,0.235
251008,15.000,0.001,55.100,0.002,55.112,0.002,54.966,0.001,54.994,0.001,28.126,0.007,28.120,0.007,28.120,0.006,28.120,0.006,25.921,0.021,26.665,0.020,25.798,0.020,25.844,0.021,25.949,0.021,28.705,0.031,23.811,0.193,27.675,0.239
252008,15.000,0.001,55.098,0.002,55.110,0.002,54.966,0.001,54.994,0.001,28.126,0.007,28.120,0.007,28.120,0.006,28.122,0.007,25.922,0.021,26.665,0.020,25.798,0.020,25.845,0.021,25.949,0.021,28.703,0.031,23.832,0.191,27.636,0.244
253008,15.001,0.001,55.098,0.002,55.112,0.002,54.970,0.002,54.996,0.001,28.126,0.007,28.120,0.007,28.120,0.006,28.122,0.007,25.924,0.021,26.666,0.020,25.799,0.020,25.846,0.021,25.950,0.021,28.703,0.031,23.849,0.188,27.645,0.249
254008,15.001,0.001,55.102,0.002,55.112,0.002,54.968,0.002,54.996,0.001,28.126,0.007,28.120,0.006,28.122,0.006,28.122,0.007,25.925,0.021,26.666,0.020,25.800,0.020,25.846,0.021,25.951,0.021,28.703,0.031,23.789,0.182,27.674,0.253
255008,15.000,0.001,55.098,0.002,55.110,0.002,54.966,0.002,54.994,0.001,28.126,0.007,28.120,0.006,28.122,0.006,28.122,0.007,25.926,0.021,26.668,0.020,25.800,0.020,25.847,0.021,25.951,0.021,28.701,0.030,23.822,0.176,27.702,0.256
256008,15.000,0.001,55.102,0.002,55.114,0.002,54.968,0.002,54.996,0.001,28.126,0.007,28.120,0.006,28.122,0.006,28.122,0.007,25.927,0.021,26.669,0.020,25.802,0.020,25.847,0.021,25.952,0.021,28.700,0.030,23.804,0.171,27.712,0.259
257008,15.001,0.001,55.100,0.002,55.110,0.002,54.970,0.002,54.996,0.001,28.128,0.007,28.120,0.006,28.122,0.006,28.122,0.007,25.926,0.021,26.668,0.020,25.802,0.020,25.848,0.021,25.952,0.021,28.700,0.029,23.804,0.165,27.711,0.262
258008,15.000,0.001,55.102,0.002,55.114,0.002,54.970,0.002,54.996,0.001,28.128,0.007,28.122,0.006,28.122,0.006,28.122,0.007,25.927,0.021,26.669,0.020,25.803,0.020,25.849,0.021,25.953,0.021,28.700,0.029,23.779,0.160,27.671,0.266
259008,15.000,0.001,55.100,0.002,55.114,0.002,54.968,0.002,54.996,0.001,28.128,0.007,28.122,0.006,28.122,0.006,28.122,0.006,25.928,0.021,26.670,0.020,25.803,0.020,25.849,0.021,25.953,0.021,28.698,0.028,23.803,0.156,27.664,0.270
260008,15.000,0.001,55.100,0.002,55.112,0.002,54.968,0.002,54.996,0.001,28.128,0.007,28.122,0.006,28.122,0.006,28.122,0.006,25.928,0.021,26.670,0.020,25.804,0.020,25.850,0.021,25.955,0.021,28.698,0.028,23.785,0.152,27.647,0.274
261008,15.000,0.001,55.100,0.002,55.112,0.002,54.968,0.002,54.996,0.001,28.128,0.007,28.122,0.007,28.122,0.006,28.122,0.006,25.929,0.021,26.671,0.020,25.804,0.020,25.850,0.021,25.954,0.021,28.698,0.028,23.752,0.148,27.608,0.279
262009,15.000,0.001,55.102,0.002,55.116,0.002,54.970,0.002,54.998,0.001,28.128,0.007,28.122,0.007,28.124,0.006,28.124,0.006,25.928,0.021,26.672,0.020,25.804,0.020,25.851,0.021,25.955,0.021,28.697,0.027,23.776,0.146,27.557,0.284
263009,15.000,0.001,55.100,0.002,55.114,0.002,54.970,0.002,54.996,0.001,28.128,0.007,28.122,0.007,28.124,0.006,28.124,0.006,25.928,0.021,26.672,0.020,25.804,0.020,25.851,0.021,25.955,0.021,28.697,0.027,23.776,0.146,27.557,0.284
