MS Elapsed,Bolo T,stddev,BB HBB Top,stddev,BB HBB Bottom,stddev,BB HBB Apex,stddev,BB HBB Avg,stddev,BB ABB Top,stddev,BB ABB Bottom,stddev,BB ABB Apex,stddev,BB ABB Avg,stddev,T Ch0,stddev,T Ch1,stddev,T Ch2,stddev,T Ch3,stddev,T Ch4,stddev,T Ch5,stddev,T Ch6,stddev,RH% Ch7,stddev
0,14.998,0.001,55.086,0.003,55.102,0.003,54.962,0.004,54.988,0.003,28.262,0.005,28.258,0.005,28.258,0.005,28.258,0.005,26.362,0.017,27.078,0.016,26.239,0.017,26.273,0.016,26.380,0.016,28.552,0.012,23.953,0.124,27.608,0.191
999,14.998,0.001,55.086,0.003,55.100,0.003,54.962,0.004,54.988,0.003,28.262,0.005,28.258,0.005,28.258,0.005,28.258,0.005,26.363,0.017,27.078,0.016,26.240,0.017,26.274,0.016,26.379,0.016,28.553,0.011,23.909,0.123,27.610,0.189
2000,14.996,0.001,55.088,0.003,55.096,0.003,54.960,0.004,54.986,0.003,28.262,0.005,28.258,0.005,28.260,0.005,28.260,0.005,26.363,0.017,27.079,0.016,26.240,0.017,26.274,0.016,26.380,0.016,28.552,0.011,24.037,0.123,27.589,0.188
3000,14.998,0.001,55.084,0.003,55.100,0.003,54.962,0.004,54.988,0.003,28.262,0.005,28.256,0.005,28.258,0.005,28.258,0.005,26.364,0.017,27.080,0.017,26.240,0.017,26.274,0.016,26.381,0.016,28.554,0.010,23.912,0.123,27.547,0.188
4000,15.003,0.001,55.084,0.003,55.100,0.003,54.962,0.004,54.988,0.003,28.264,0.005,28.258,0.005,28.258,0.005,28.258,0.005,26.365,0.017,27.080,0.017,26.242,0.017,26.275,0.016,26.382,0.016,28.552,0.010,24.180,0.125,27.484,0.190
5000,15.001,0.001,55.088,0.003,55.100,0.003,54.962,0.003,54.988,0.003,28.264,0.005,28.258,0.005,28.258,0.005,28.260,0.005,26.366,0.017,27.080,0.017,26.241,0.017,26.275,0.016,26.381,0.016,28.551,0.009,24.011,0.125,27.430,0.193
6000,15.003,0.001,55.086,0.003,55.100,0.003,54.960,0.003,54.986,0.003,28.264,0.005,28.258,0.005,28.260,0.005,28.260,0.005,26.365,0.017,27.081,0.017,26.241,0.017,26.276,0.016,26.382,0.016,28.550,0.009,23.972,0.124,27.422,0.197
7000,15.002,0.001,55.088,0.003,55.100,0.003,54.964,0.003,54.990,0.003,28.264,0.005,28.260,0.005,28.260,0.005,28.260,0.005,26.366,0.017,27.082,0.017,26.242,0.017,26.277,0.016,26.382,0.016,28.549,0.009,23.974,0.124,27.479,0.199
8000,15.002,0.001,55.084,0.003,55.098,0.003,54.960,0.003,54.986,0.003,28.264,0.005,28.258,0.005,28.260,0.005,28.260,0.005,26.366,0.017,27.082,0.017,26.242,0.017,26.277,0.016,26.383,0.016,28.546,0.008,23.975,0.124,27.553,0.199
9000,15.001,0.001,55.082,0.003,55.104,0.003,54.960,0.003,54.986,0.003,28.262,0.005,28.258,0.005,28.260,0.005,28.260,0.005,26.368,0.017,27.082,0.017,26.242,0.017,26.278,0.016,26.383,0.016,28.544,0.008,23.948,0.124,27.616,0.196
10000,15.000,0.001,55.088,0.003,55.104,0.003,54.960,0.003,54.988,0.003,28.264,0.005,28.258,0.005,28.260,0.005,28.260,0.005,26.367,0.017,27.082,0.017,26.244,0.017,26.277,0.016,26.384,0.016,28.544,0.008,23.942,0.124,27.673,0.193
11000,15.000,0.001,55.086,0.003,55.100,0.003,54.960,0.003,54.986,0.003,28.264,0.005,28.258,0.005,28.260,0.005,28.260,0.005,26.367,0.017,27.083,0.017,26.244,0.017,26.279,0.016,26.384,0.016,28.543,0.007,23.876,0.124,27.710,0.188
12000,15.000,0.001,55.086,0.003,55.100,0.003,54.962,0.003,54.988,0.003,28.264,0.005,28.260,0.005,28.260,0.005,28.260,0.005,26.367,0.017,27.082,0.017,26.244,0.017,26.279,0.016,26.386,0.016,28.541,0.007,23.876,0.124,27.743,0.182
13000,14.998,0.001,55.086,0.003,55.098,0.003,54.960,0.003,54.986,0.003,28.264,0.005,28.260,0.005,28.260,0.005,28.260,0.005,26.368,0.017,27.083,0.017,26.244,0.017,26.279,0.016,26.385,0.016,28.540,0.007,23.943,0.124,27.761,0.176
14000,14.999,0.001,55.086,0.003,55.100,0.003,54.962,0.003,54.988,0.003,28.264,0.005,28.260,0.005,28.260,0.005,28.260,0.005,26.370,0.017,27.085,0.017,26.245,0.017,26.280,0.016,26.386,0.016,28.539,0.007,23.994,0.124,27.773,0.170
15000,15.000,0.001,55.090,0.003,55.100,0.003,54.962,0.003,54.988,0.003,28.266,0.005,28.260,0.005,28.260,0.005,28.260,0.005,26.371,0.017,27.084,0.017,26.247,0.017,26.279,0.016,26.387,0.016,28.537,0.007,24.052,0.123,27.780,0.164
16000,15.001,0.001,55.086,0.003,55.098,0.003,54.958,0.003,54.986,0.003,28.264,0.005,28.260,0.005,28.260,0.005,28.262,0.005,26.371,0.017,27.084,0.017,26.247,0.017,26.279,0.016,26.387,0.016,28.537,0.007,24.052,0.123,27.780,0.164
17000,15.001,0.001,55.086,0.003,55.098,0.003,54.960,0.003,54.986,0.003,28.264,0.005,28.260,0.005,28.260,0.005,28.260,0.005,26.370,0.017,27.085,0.017,26.247,0.017,26.282,0.016,26.387,0.016,28.536,0.007,24.079,0.123,27.778,0.161
18000,15.002,0.001,55.088,0.003,55.098,0.003,54.960,0.003,54.986,0.003,28.266,0.005,28.260,0.005,28.260,0.005,28.260,0.005,26.371,0.016,27.087,0.017,26.247,0.017,26.281,0.016,26.387,0.016,28.536,0.007,24.134,0.124,27.792,0.159
19000,15.003,0.001,55.088,0.003,55.098,0.003,54.960,0.003,54.986,0.003,28.264,0.005,28.260,0.005,28.260,0.005,28.260,0.005,26.371,0.016,27.088,0.017,26.248,0.017,26.282,0.016,26.388,0.016,28.536,0.008,24.186,0.125,27.804,0.158
20000,15.000,0.001,55.086,0.003,55.098,0.003,54.960,0.003,54.986,0.003,28.264,0.005,28.260,0.005,28.260,0.005,28.262,0.005,26.371,0.016,27.086,0.017,26.247,0.017,26.282,0.016,26.388,0.016,28.536,0.008,24.133,0.125,27.813,0.159
21000,15.003,0.001,55.086,0.003,55.102,0.003,54.960,0.003,54.986,0.003,28.266,0.005,28.260,0.005,28.260,0.005,28.262,0.005,26.372,0.016,27.087,0.017,26.248,0.017,26.283,0.016,26.389,0.016,28.537,0.008,24.082,0.125,27.818,0.159
22000,15.001,0.001,55.086,0.003,55.098,0.003,54.962,0.003,54.988,0.003,28.266,0.005,28.260,0.005,28.262,0.005,28.262,0.005,26.373,0.016,27.087,0.017,26.248,0.017,26.283,0.016,26.389,0.016,28.536,0.008,24.108,0.125,27.814,0.160
23000,14.999,0.001,55.086,0.003,55.098,0.003,54.958,0.003,54.984,0.003,28.266,0.005,28.260,0.005,28.262,0.005,28.262,0.005,26.374,0.016,27.088,0.017,26.248,0.017,26.282,0.016,26.389,0.016,28.539,0.008,24.080,0.125,27.810,0.159
24000,15.002,0.001,55.088,0.003,55.100,0.003,54.962,0.003,54.988,0.003,28.266,0.005,28.260,0.005,28.260,0.005,28.262,0.005,26.374,0.016,27.089,0.017,26.250,0.017,26.283,0.016,26.389,0.016,28.541,0.008,24.026,0.125,27.797,0.158
25000,15.000,0.001,55.088,0.003,55.100,0.003,54.958,0.003,54.986,0.003,28.266,0.005,28.262,0.005,28.262,0.005,28.262,0.005,26.375,0.016,27.089,0.017,26.250,0.017,26.285,0.016,26.390,0.016,28.543,0.008,24.013,0.124,27.790,0.157
26000,14.998,0.001,55.086,0.003,55.100,0.003,54.960,0.003,54.988,0.003,28.266,0.005,28.260,0.005,28.262,0.005,28.262,0.005,26.374,0.016,27.089,0.017,26.250,0.017,26.285,0.016,26.391,0.016,28.544,0.008,24.004,0.123,27.793,0.155
27000,14.999,0.001,55.086,0.003,55.100,0.003,54.960,0.003,54.986,0.003,28.266,0.005,28.260,0.005,28.262,0.005,28.262,0.005,26.375,0.016,27.090,0.017,26.251,0.017,26.284,0.016,26.390,0.016,28.546,0.008,24.054,0.123,27.779,0.153
28000,14.999,0.001,55.086,0.003,55.102,0.003,54.962,0.003,54.988,0.003,28.266,0.005,28.260,0.005,28.262,0.005,28.262,0.005,26.375,0.016,27.090,0.017,26.251,0.017,26.286,0.016,26.391,0.016,28.547,0.008,24.055,0.122,27.767,0.152
29000,15.000,0.001,55.086,0.003,55.100,0.003,54.958,0.003,54.986,0.003,28.266,0.005,28.260,0.005,28.262,0.005,28.262,0.005,26.376,0.016,27.090,0.017,26.251,0.017,26.286,0.016,26.392,0.016,28.547,0.008,24.035,0.121,27.751,0.151
30000,15.000,0.001,55.086,0.003,55.100,0.003,54.962,0.003,54.988,0.003,28.266,0.005,28.262,0.005,28.262,0.005,28.262,0.005,26.377,0.016,27.092,0.017,26.253,0.016,26.286,0.016,26.392,0.016,28.548,0.008,24.019,0.121,27.734,0.149
31001,14.998,0.001,55.086,0.003,55.100,0.003,54.960,0.003,54.988,0.003,28.266,0.005,28.262,0.005,28.262,0.005,28.264,0.005,26.376,0.016,27.091,0.017,26.254,0.016,26.286,0.016,26.393,0.016,28.549,0.008,24.272,0.122,27.728,0.148
32001,15.003,0.001,55.086,0.003,55.100,0.003,54.960,0.003,54.986,0.003,28.268,0.005,28.262,0.005,28.262,0.005,28.262,0.005,26.377,0.016,27.092,0.017,26.253,0.016,26.287,0.016,26.394,0.016,28.549,0.008,24.287,0.124,27.735,0.147
33001,15.003,0.001,55.084,0.003,55.098,0.003,54.960,0.003,54.986,0.003,28.266,0.005,28.262,0.005,28.262,0.005,28.264,0.005,26.378,0.016,27.091,0.017,26.254,0.016,26.287,0.016,26.393,0.016,28.550,0.008,24.296,0.126,27.738,0.147
34001,15.002,0.001,55.084,0.003,55.098,0.003,54.956,0.003,54.984,0.003,28.266,0.005,28.262,0.005,28.264,0.005,28.264,0.005,26.377,0.016,27.094,0.017,26.254,0.016,26.288,0.016,26.394,0.016,28.549,0.008,24.410,0.130,27.735,0.146
35001,15.005,0.001,55.088,0.003,55.102,0.003,54.958,0.003,54.984,0.003,28.268,0.005,28.262,0.005,28.264,0.005,28.264,0.005,26.378,0.016,27.094,0.017,26.255,0.016,26.289,0.016,26.395,0.016,28.549,0.008,24.420,0.134,27.733,0.146
36001,15.003,0.001,55.086,0.003,55.098,0.003,54.962,0.003,54.988,0.003,28.268,0.005,28.262,0.005,28.262,0.005,28.264,0.005,26.379,0.016,27.093,0.017,26.255,0.016,26.289,0.016,26.395,0.016,28.549,0.008,24.438,0.138,27.731,0.146
37001,14.999,0.001,55.086,0.003,55.100,0.003,54.960,0.003,54.986,0.003,28.266,0.005,28.262,0.005,28.264,0.005,28.264,0.005,26.379,0.016,27.094,0.017,26.256,0.016,26.289,0.016,26.395,0.016,28.549,0.008,24.219,0.138,27.734,0.146
38001,14.997,0.001,55.084,0.003,55.094,0.003,54.960,0.003,54.986,0.003,28.268,0.005,28.262,0.005,28.262,0.005,28.264,0.005,26.379,0.016,27.095,0.017,26.257,0.016,26.290,0.016,26.396,0.016,28.549,0.008,24.396,0.141,27.761,0.146
39001,14.998,0.001,55.086,0.003,55.096,0.003,54.960,0.003,54.986,0.003,28.268,0.005,28.262,0.005,28.264,0.005,28.264,0.005,26.380,0.016,27.095,0.017,26.256,0.016,26.290,0.016,26.396,0.016,28.549,0.008,24.399,0.143,27.789,0.146
40001,14.999,0.001,55.086,0.003,55.100,0.003,54.960,0.003,54.986,0.003,28.268,0.005,28.262,0.005,28.264,0.005,28.264,0.005,26.382,0.016,27.095,0.017,26.257,0.016,26.291,0.016,26.398,0.016,28.548,0.008,24.318,0.144,27.819,0.146
41001,14.999,0.001,55.084,0.003,55.100,0.003,54.960,0.003,54.986,0.003,28.268,0.005,28.262,0.005,28.264,0.005,28.264,0.005,26.382,0.016,27.095,0.017,26.258,0.016,26.291,0.016,26.398,0.016,28.549,0.008,24.278,0.145,27.852,0.146
42001,15.000,0.001,55.084,0.003,55.100,0.003,54.960,0.003,54.986,0.003,28.268,0.005,28.264,0.005,28.264,0.005,28.264,0.005,26.383,0.016,27.095,0.017,26.257,0.016,26.291,0.016,26.398,0.016,28.549,0.009,24.231,0.145,27.878,0.147
43001,15.000,0.001,55.084,0.003,55.098,0.003,54.956,0.003,54.984,0.003,28.268,0.005,28.262,0.005,28.264,0.005,28.264,0.005,26.382,0.016,27.096,0.017,26.259,0.016,26.292,0.016,26.399,0.016,28.549,0.009,24.205,0.146,27.887,0.148
44001,15.000,0.001,55.084,0.003,55.100,0.003,54.958,0.003,54.984,0.003,28.268,0.005,28.262,0.005,28.264,0.005,28.264,0.005,26.383,0.016,27.096,0.017,26.259,0.016,26.292,0.016,26.399,0.016,28.550,0.009,24.225,0.146,27.897,0.149
45001,15.000,0.001,55.084,0.003,55.098,0.003,54.962,0.003,54.988,0.003,28.268,0.005,28.264,0.005,28.264,0.005,28.264,0.005,26.383,0.016,27.096,0.017,26.259,0.016,26.293,0.016,26.399,0.016,28.550,0.009,24.225,0.146,27.901,0.150
46001,15.001,0.001,55.086,0.003,55.096,0.003,54.958,0.003,54.984,0.003,28.268,0.005,28.264,0.005,28.264,0.005,28.264,0.005,26.384,0.016,27.096,0.017,26.260,0.016,26.294,0.016,26.400,0.016,28.551,0.009,24.236,0.147,27.908,0.152
47001,14.998,0.002,55.084,0.003,55.096,0.003,54.958,0.003,54.984,0.003,28.268,0.005,28.264,0.005,28.264,0.005,28.266,0.005,26.384,0.016,27.097,0.017,26.260,0.016,26.295,0.016,26.401,0.016,28.550,0.009,24.174,0.146,27.913,0.155
48001,15.000,0.002,55.088,0.003,55.098,0.003,54.958,0.003,54.984,0.003,28.268,0.005,28.264,0.005,28.264,0.005,28.266,0.005,26.384,0.016,27.097,0.017,26.259,0.016,26.294,0.016,26.402,0.016,28.551,0.009,24.007,0.146,27.920,0.158
49001,15.001,0.002,55.086,0.003,55.100,0.003,54.958,0.003,54.986,0.003,28.268,0.005,28.264,0.005,28.264,0.005,28.264,0.005,26.385,0.016,27.097,0.017,26.261,0.016,26.295,0.016,26.401,0.016,28.552,0.009,24.059,0.144,27.924,0.160
50001,15.001,0.002,55.084,0.003,55.098,0.003,54.958,0.003,54.986,0.003,28.268,0.005,28.264,0.005,28.264,0.005,28.264,0.005,26.386,0.016,27.098,0.017,26.261,0.016,26.295,0.016,26.402,0.016,28.552,0.009,24.075,0.143,27.927,0.163
51001,15.001,0.002,55.084,0.003,55.102,0.003,54.960,0.003,54.986,0.003,28.268,0.005,28.264,0.005,28.264,0.005,28.264,0.005,26.386,0.016,27.099,0.017,26.262,0.016,26.296,0.016,26.403,0.016,28.550,0.009,24.045,0.141,27.929,0.166
52001,15.001,0.002,55.086,0.003,55.098,0.003,54.960,0.003,54.986,0.003,28.270,0.005,28.264,0.005,28.266,0.005,28.266,0.005,26.386,0.016,27.099,0.017,26.262,0.016,26.296,0.016,26.402,0.016,28.551,0.009,24.027,0.140,27.931,0.168
53001,15.000,0.002,55.084,0.003,55.098,0.003,54.960,0.003,54.986,0.003,28.270,0.005,28.264,0.005,28.264,0.005,28.266,0.005,26.386,0.016,27.100,0.017,26.263,0.016,26.297,0.016,26.404,0.016,28.550,0.009,23.992,0.140,27.930,0.170
54001,15.000,0.002,55.084,0.003,55.098,0.003,54.958,0.003,54.984,0.003,28.270,0.005,28.264,0.005,28.266,0.005,28.266,0.005,26.387,0.016,27.100,0.017,26.263,0.016,26.296,0.016,26.404,0.016,28.551,0.009,23.990,0.139,27.933,0.173
55001,15.001,0.002,55.086,0.003,55.098,0.003,54.958,0.003,54.984,0.003,28.268,0.005,28.264,0.005,28.266,0.005,28.266,0.005,26.387,0.016,27.100,0.017,26.264,0.016,26.298,0.016,26.404,0.016,28.550,0.009,24.007,0.139,27.904,0.175
56001,15.000,0.002,55.084,0.003,55.096,0.003,54.956,0.003,54.984,0.003,28.270,0.005,28.264,0.005,28.264,0.005,28.266,0.005,26.388,0.016,27.100,0.017,26.264,0.016,26.298,0.016,26.405,0.016,28.551,0.009,23.981,0.139,27.826,0.175
57001,14.999,0.002,55.086,0.003,55.098,0.003,54.958,0.003,54.986,0.003,28.270,0.005,28.264,0.005,28.266,0.005,28.266,0.005,26.388,0.016,27.101,0.016,26.265,0.016,26.298,0.016,26.405,0.016,28.552,0.009,24.014,0.137,27.773,0.175
58001,15.002,0.002,55.084,0.003,55.098,0.003,54.958,0.003,54.984,0.003,28.270,0.005,28.264,0.005,28.266,0.005,28.266,0.005,26.388,0.016,27.101,0.016,26.264,0.016,26.300,0.016,26.405,0.016,28.551,0.009,24.179,0.137,27.751,0.175
59002,15.000,0.002,55.084,0.003,55.098,0.003,54.960,0.003,54.986,0.003,28.270,0.005,28.264,0.005,28.266,0.005,28.266,0.005,26.390,0.016,27.101,0.016,26.266,0.016,26.299,0.016,26.406,0.016,28.551,0.008,24.135,0.136,27.738,0.175
60002,14.999,0.002,55.084,0.003,55.100,0.003,54.958,0.003,54.984,0.003,28.270,0.005,28.264,0.005,28.266,0.005,28.266,0.005,26.389,0.016,27.102,0.016,26.266,0.016,26.300,0.016,26.406,0.016,28.551,0.008,24.137,0.135,27.731,0.175
61002,14.999,0.002,55.084,0.003,55.098,0.003,54.956,0.003,54.984,0.003,28.270,0.005,28.264,0.005,28.266,0.005,28.266,0.005,26.390,0.016,27.103,0.016,26.267,0.016,26.300,0.016,26.407,0.016,28.551,0.008,24.109,0.134,27.734,0.175
62002,15.000,0.002,55.082,0.003,55.100,0.003,54.958,0.003,54.984,0.003,28.270,0.005,28.266,0.005,28.266,0.005,28.266,0.005,26.392,0.016,27.104,0.016,26.268,0.016,26.300,0.016,26.407,0.016,28.550,0.008,24.168,0.134,27.739,0.175
63002,15.000,0.002,55.086,0.003,55.096,0.003,54.958,0.003,54.984,0.003,28.270,0.005,28.266,0.005,28.266,0.005,28.266,0.005,26.392,0.016,27.104,0.016,26.267,0.016,26.302,0.016,26.408,0.016,28.551,0.008,24.037,0.133,27.744,0.174
64002,15.000,0.002,55.084,0.003,55.098,0.003,54.958,0.003,54.984,0.003,28.270,0.005,28.264,0.005,28.266,0.005,28.266,0.005,26.392,0.016,27.103,0.016,26.268,0.016,26.302,0.016,26.408,0.016,28.551,0.008,24.081,0.132,27.754,0.174
65002,15.000,0.002,55.084,0.002,55.100,0.003,54.958,0.003,54.986,0.003,28.272,0.005,28.266,0.005,28.266,0.005,28.268,0.005,26.393,0.016,27.103,0.016,26.268,0.016,26.302,0.016,26.409,0.016,28.551,0.008,24.091,0.131,27.754,0.173
66002,15.000,0.002,55.084,0.002,55.100,0.003,54.958,0.003,54.986,0.003,28.270,0.005,28.266,0.005,28.266,0.005,28.266,0.005,26.393,0.016,27.103,0.016,26.269,0.016,26.303,0.016,26.408,0.016,28.552,0.008,24.053,0.130,27.743,0.173
67002,15.001,0.002,55.084,0.002,55.098,0.003,54.960,0.003,54.986,0.003,28.270,0.005,28.266,0.005,28.266,0.005,28.268,0.005,26.393,0.016,27.103,0.016,26.269,0.016,26.302,0.016,26.410,0.016,28.554,0.008,24.118,0.129,27.737,0.172
68002,15.000,0.002,55.086,0.002,55.100,0.003,54.956,0.003,54.984,0.003,28.272,0.005,28.266,0.005,28.266,0.005,28.266,0.005,26.394,0.016,27.105,0.016,26.269,0.016,26.303,0.016,26.409,0.016,28.553,0.008,24.110,0.129,27.727,0.172
69002,15.000,0.002,55.088,0.002,55.098,0.002,54.956,0.003,54.984,0.003,28.270,0.005,28.266,0.005,28.266,0.005,28.268,0.005,26.394,0.016,27.106,0.016,26.270,0.016,26.304,0.016,26.410,0.016,28.554,0.008,24.148,0.129,27.717,0.172
70002,15.000,0.002,55.086,0.002,55.100,0.002,54.958,0.003,54.984,0.003,28.272,0.005,28.266,0.005,28.268,0.005,28.268,0.005,26.395,0.016,27.105,0.016,26.270,0.016,26.305,0.016,26.411,0.016,28.555,0.008,24.088,0.129,27.722,0.172
71002,15.002,0.001,55.086,0.002,55.096,0.002,54.956,0.003,54.984,0.003,28.272,0.005,28.266,0.005,28.268,0.005,28.268,0.005,26.396,0.016,27.105,0.016,26.272,0.016,26.304,0.016,26.412,0.016,28.555,0.008,24.197,0.130,27.742,0.172
72002,15.000,0.001,55.088,0.002,55.100,0.002,54.958,0.003,54.986,0.003,28.272,0.005,28.266,0.005,28.268,0.005,28.268,0.005,26.395,0.016,27.106,0.016,26.271,0.016,26.305,0.016,26.412,0.016,28.556,0.008,24.020,0.128,27.738,0.172
73002,15.000,0.001,55.084,0.002,55.098,0.002,54.956,0.003,54.984,0.003,28.272,0.005,28.268,0.005,28.268,0.005,28.268,0.005,26.396,0.016,27.105,0.015,26.272,0.016,26.305,0.016,26.412,0.016,28.558,0.008,24.015,0.128,27.732,0.172
74002,15.000,0.001,55.084,0.002,55.096,0.002,54.954,0.003,54.982,0.003,28.272,0.005,28.266,0.005,28.268,0.005,28.268,0.005,26.396,0.016,27.105,0.015,26.272,0.016,26.306,0.016,26.412,0.016,28.560,0.008,24.086,0.128,27.737,0.172
75002,15.000,0.001,55.084,0.002,55.098,0.002,54.958,0.003,54.984,0.003,28.272,0.005,28.266,0.005,28.268,0.005,28.268,0.005,26.395,0.016,27.107,0.015,26.273,0.016,26.306,0.016,26.414,0.016,28.559,0.008,24.079,0.127,27.725,0.172
76002,14.999,0.001,55.084,0.002,55.100,0.002,54.958,0.003,54.986,0.003,28.272,0.005,28.266,0.005,28.268,0.005,28.268,0.005,26.396,0.016,27.106,0.015,26.273,0.016,26.307,0.016,26.413,0.016,28.560,0.008,24.044,0.127,27.681,0.172
77002,15.000,0.001,55.086,0.002,55.098,0.002,54.958,0.003,54.984,0.003,28.272,0.005,28.266,0.005,28.268,0.005,28.268,0.005,26.397,0.016,27.107,0.015,26.274,0.016,26.306,0.015,26.414,0.016,28.561,0.008,23.931,0.127,27.688,0.172
78002,15.001,0.001,55.082,0.002,55.098,0.002,54.958,0.003,54.984,0.003,28.272,0.005,28.268,0.005,28.268,0.005,28.268,0.005,26.399,0.016,27.106,0.015,26.274,0.016,26.308,0.015,26.414,0.016,28.561,0.008,23.893,0.127,27.714,0.172
79002,15.000,0.001,55.084,0.002,55.098,0.002,54.956,0.003,54.984,0.003,28.272,0.005,28.266,0.005,28.268,0.005,28.268,0.005,26.398,0.016,27.107,0.015,26.274,0.016,26.308,0.015,26.415,0.016,28.561,0.008,23.945,0.128,27.702,0.171
80002,15.000,0.001,55.084,0.002,55.098,0.002,54.960,0.003,54.986,0.003,28.272,0.005,28.268,0.005,28.268,0.005,28.268,0.005,26.398,0.016,27.106,0.015,26.276,0.016,26.308,0.015,26.415,0.016,28.562,0.008,24.001,0.127,27.668,0.171
81002,15.000,0.001,55.084,0.002,55.100,0.002,54.956,0.003,54.982,0.003,28.272,0.005,28.268,0.005,28.268,0.005,28.270,0.005,26.398,0.016,27.108,0.015,26.276,0.016,26.309,0.015,26.416,0.016,28.563,0.008,23.931,0.128,27.643,0.170
82002,15.001,0.001,55.086,0.002,55.096,0.002,54.956,0.003,54.984,0.003,28.272,0.005,28.268,0.005,28.268,0.005,28.268,0.005,26.399,0.016,27.108,0.015,26.276,0.016,26.310,0.015,26.416,0.016,28.564,0.008,23.892,0.128,27.625,0.170
83002,15.001,0.001,55.084,0.002,55.098,0.002,54.956,0.003,54.982,0.003,28.274,0.005,28.268,0.005,28.268,0.005,28.268,0.005,26.400,0.016,27.108,0.015,26.277,0.016,26.310,0.015,26.416,0.016,28.564,0.008,23.829,0.130,27.582,0.170
84002,14.998,0.001,55.082,0.002,55.098,0.002,54.956,0.003,54.984,0.003,28.272,0.005,28.268,0.005,28.268,0.005,28.268,0.005,26.401,0.016,27.108,0.014,26.276,0.016,26.310,0.015,26.417,0.016,28.564,0.008,23.743,0.133,27.579,0.171
85002,14.997,0.002,55.084,0.002,55.098,0.002,54.954,0.003,54.982,0.003,28.274,0.005,28.268,0.005,28.270,0.005,28.270,0.005,26.401,0.016,27.109,0.014,26.278,0.016,26.311,0.015,26.417,0.016,28.565,0.008,23.763,0.136,27.557,0.173
86002,14.998,0.002,55.086,0.002,55.096,0.002,54.956,0.003,54.982,0.003,28.274,0.005,28.268,0.005,28.268,0.005,28.268,0.005,26.402,0.016,27.109,0.014,26.278,0.016,26.311,0.015,26.418,0.016,28.566,0.008,23.666,0.141,27.536,0.175
87002,14.999,0.002,55.084,0.002,55.098,0.002,54.958,0.003,54.984,0.002,28.274,0.005,28.268,0.005,28.270,0.005,28.270,0.005,26.403,0.016,27.109,0.014,26.279,0.016,26.311,0.015,26.419,0.016,28.566,0.008,23.631,0.146,27.526,0.177
88002,15.000,0.002,55.086,0.002,55.096,0.002,54.956,0.003,54.982,0.002,28.274,0.005,28.268,0.005,28.270,0.005,28.270,0.005,26.403,0.016,27.109,0.014,26.279,0.016,26.312,0.015,26.418,0.016,28.566,0.008,23.684,0.150,27.514,0.179
89003,15.001,0.002,55.086,0.002,55.098,0.002,54.954,0.003,54.982,0.002,28.274,0.005,28.268,0.005,28.270,0.005,28.270,0.005,26.403,0.016,27.109,0.014,26.279,0.016,26.312,0.015,26.418,0.016,28.566,0.008,23.684,0.150,27.514,0.179
90003,15.000,0.002,55.084,0.002,55.096,0.002,54.956,0.003,54.984,0.002,28.274,0.005,28.268,0.004,28.270,0.005,28.270,0.005,26.402,0.016,27.110,0.014,26.279,0.016,26.313,0.015,26.419,0.016,28.567,0.008,23.648,0.155,27.512,0.182
91003,15.002,0.002,55.084,0.002,55.096,0.002,54.956,0.003,54.982,0.002,28.274,0.005,28.268,0.004,28.270,0.005,28.270,0.005,26.402,0.016,27.110,0.014,26.281,0.016,26.313,0.015,26.420,0.016,28.566,0.008,23.678,0.159,27.489,0.185
92003,15.002,0.002,55.084,0.002,55.096,0.002,54.954,0.003,54.982,0.002,28.274,0.005,28.268,0.004,28.270,0.005,28.270,0.005,26.403,0.016,27.110,0.014,26.280,0.016,26.313,0.015,26.421,0.016,28.567,0.008,23.843,0.160,27.481,0.188
93003,15.002,0.002,55.086,0.002,55.098,0.002,54.958,0.003,54.984,0.002,28.274,0.005,28.268,0.004,28.270,0.005,28.270,0.005,26.404,0.016,27.110,0.014,26.281,0.016,26.315,0.015,26.421,0.016,28.566,0.008,23.832,0.162,27.488,0.191
94003,15.002,0.002,55.086,0.002,55.096,0.002,54.956,0.003,54.984,0.002,28.274,0.005,28.268,0.004,28.270,0.005,28.270,0.005,26.405,0.016,27.111,0.014,26.280,0.016,26.314,0.015,26.421,0.016,28.565,0.008,23.867,0.162,27.477,0.195
95003,15.001,0.002,55.084,0.002,55.098,0.002,54.956,0.003,54.982,0.002,28.274,0.005,28.268,0.004,28.270,0.005,28.270,0.005,26.405,0.016,27.110,0.014,26.283,0.016,26.315,0.015,26.422,0.016,28.564,0.008,23.876,0.163,27.470,0.198
96003,15.000,0.002,55.084,0.002,55.098,0.002,54.956,0.003,54.984,0.002,28.274,0.004,28.268,0.004,28.270,0.005,28.270,0.005,26.406,0.016,27.112,0.013,26.281,0.016,26.315,0.015,26.422,0.016,28.563,0.008,23.888,0.164,27.463,0.202
97003,14.999,0.002,55.086,0.002,55.098,0.002,54.958,0.003,54.984,0.002,28.274,0.004,28.270,0.004,28.270,0.005,28.270,0.004,26.406,0.016,27.111,0.013,26.283,0.016,26.316,0.015,26.423,0.016,28.560,0.008,23.791,0.165,27.467,0.205
98003,14.999,0.002,55.086,0.002,55.098,0.002,54.960,0.003,54.986,0.002,28.274,0.004,28.270,0.004,28.270,0.004,28.270,0.004,26.406,0.016,27.112,0.013,26.283,0.016,26.316,0.015,26.422,0.016,28.561,0.008,23.753,0.168,27.472,0.208
99003,15.001,0.002,55.086,0.002,55.098,0.002,54.958,0.003,54.984,0.002,28.276,0.005,28.270,0.004,28.270,0.004,28.272,0.004,26.407,0.016,27.111,0.013,26.284,0.016,26.317,0.015,26.424,0.016,28.558,0.008,23.795,0.169,27.461,0.211
100003,15.001,0.002,55.084,0.002,55.098,0.002,54.956,0.003,54.982,0.002,28.276,0.005,28.270,0.004,28.272,0.005,28.272,0.004,26.407,0.016,27.112,0.013,26.284,0.016,26.317,0.015,26.424,0.016,28.558,0.008,23.852,0.170,27.469,0.214
101003,15.001,0.002,55.082,0.002,55.098,0.002,54.956,0.003,54.984,0.002,28.276,0.005,28.270,0.004,28.272,0.004,28.272,0.004,26.408,0.016,27.112,0.013,26.284,0.016,26.317,0.015,26.424,0.016,28.556,0.008,23.837,0.171,27.517,0.216
102003,15.000,0.002,55.088,0.002,55.096,0.002,54.954,0.003,54.982,0.002,28.274,0.005,28.270,0.004,28.272,0.005,28.272,0.004,26.407,0.016,27.113,0.013,26.284,0.016,26.318,0.015,26.425,0.016,28.554,0.008,23.839,0.173,27.579,0.216
103003,15.000,0.002,55.082,0.002,55.098,0.002,54.954,0.003,54.982,0.002,28.274,0.004,28.270,0.004,28.272,0.005,28.272,0.004,26.409,0.016,27.113,0.013,26.285,0.016,26.318,0.015,26.425,0.016,28.552,0.007,23.842,0.174,27.621,0.215
104003,15.000,0.002,55.084,0.002,55.096,0.002,54.956,0.003,54.984,0.002,28.274,0.004,28.270,0.004,28.272,0.005,28.272,0.004,26.407,0.016,27.114,0.013,26.285,0.016,26.319,0.015,26.426,0.016,28.551,0.007,23.785,0.175,27.651,0.214
105003,15.000,0.001,55.082,0.002,55.094,0.002,54.956,0.003,54.982,0.002,28.276,0.004,28.270,0.004,28.272,0.005,28.272,0.004,26.410,0.016,27.115,0.013,26.286,0.016,26.318,0.015,26.426,0.016,28.550,0.007,23.841,0.176,27.685,0.213
106003,15.000,0.001,55.088,0.002,55.096,0.002,54.954,0.003,54.982,0.002,28.276,0.004,28.270,0.004,28.270,0.005,28.272,0.004,26.411,0.016,27.114,0.013,26.286,0.016,26.320,0.015,26.427,0.016,28.549,0.007,23.863,0.177,27.726,0.211
107003,15.000,0.001,55.084,0.002,55.098,0.002,54.956,0.003,54.984,0.002,28.276,0.004,28.270,0.004,28.272,0.005,28.272,0.004,26.410,0.016,27.115,0.012,26.287,0.016,26.319,0.015,26.427,0.016,28.548,0.007,23.807,0.178,27.775,0.210
108003,15.000,0.001,55.084,0.002,55.098,0.002,54.956,0.003,54.982,0.002,28.276,0.004,28.270,0.004,28.272,0.004,28.272,0.004,26.411,0.016,27.115,0.012,26.287,0.016,26.320,0.015,26.427,0.016,28.547,0.007,23.803,0.179,27.854,0.211
109003,15.000,0.001,55.082,0.002,55.098,0.002,54.958,0.003,54.984,0.002,28.276,0.004,28.270,0.004,28.272,0.004,28.272,0.004,26.410,0.016,27.116,0.012,26.288,0.016,26.321,0.015,26.428,0.016,28.546,0.007,23.796,0.179,27.890,0.212
110003,15.001,0.001,55.084,0.002,55.096,0.002,54.956,0.002,54.982,0.002,28.276,0.004,28.270,0.004,28.272,0.004,28.272,0.004,26.412,0.016,27.116,0.012,26.288,0.016,26.320,0.015,26.428,0.016,28.545,0.008,23.878,0.180,27.936,0.213
111003,15.000,0.001,55.088,0.002,55.098,0.002,54.954,0.002,54.980,0.002,28.276,0.004,28.270,0.004,28.272,0.005,28.272,0.004,26.411,0.016,27.116,0.012,26.288,0.016,26.322,0.015,26.428,0.016,28.543,0.008,23.933,0.180,27.959,0.216
112003,15.000,0.001,55.086,0.002,55.096,0.002,54.956,0.002,54.984,0.002,28.276,0.004,28.272,0.004,28.272,0.004,28.272,0.004,26.411,0.016,27.116,0.012,26.289,0.016,26.321,0.015,26.428,0.016,28.543,0.008,23.779,0.179,27.979,0.219
113003,15.000,0.001,55.084,0.002,55.098,0.002,54.958,0.002,54.984,0.002,28.278,0.004,28.272,0.004,28.272,0.004,28.272,0.004,26.412,0.016,27.116,0.012,26.289,0.016,26.323,0.015,26.429,0.016,28.542,0.008,23.857,0.177,27.988,0.222
114003,15.000,0.001,55.084,0.002,55.098,0.002,54.958,0.002,54.984,0.002,28.278,0.004,28.272,0.004,28.272,0.004,28.272,0.004,26.413,0.016,27.118,0.012,26.290,0.016,26.323,0.015,26.430,0.016,28.544,0.008,23.780,0.176,27.999,0.226
115003,15.000,0.001,55.086,0.002,55.098,0.002,54.956,0.002,54.982,0.002,28.276,0.004,28.272,0.004,28.272,0.004,28.274,0.004,26.414,0.016,27.118,0.012,26.290,0.016,26.323,0.015,26.429,0.016,28.543,0.008,23.756,0.176,28.015,0.230
116003,15.000,0.001,55.084,0.002,55.096,0.002,54.956,0.002,54.984,0.002,28.278,0.004,28.272,0.004,28.272,0.004,28.274,0.004,26.414,0.016,27.118,0.012,26.290,0.016,26.324,0.015,26.431,0.016,28.543,0.008,23.734,0.177,28.045,0.235
117003,15.000,0.001,55.086,0.002,55.096,0.002,54.954,0.002,54.982,0.002,28.276,0.004,28.272,0.004,28.274,0.004,28.274,0.004,26.414,0.016,27.118,0.012,26.291,0.016,26.325,0.015,26.431,0.016,28.543,0.008,23.738,0.177,28.061,0.239
118004,15.000,0.001,55.086,0.002,55.098,0.002,54.954,0.002,54.982,0.002,28.278,0.004,28.272,0.004,28.272,0.004,28.274,0.004,26.414,0.016,27.118,0.012,26.292,0.016,26.324,0.015,26.432,0.016,28.543,0.008,23.744,0.178,28.070,0.243
119004,15.000,0.001,55.086,0.002,55.098,0.002,54.956,0.002,54.984,0.002,28.276,0.004,28.272,0.004,28.272,0.004,28.272,0.004,26.416,0.016,27.120,0.012,26.292,0.016,26.325,0.015,26.432,0.016,28.544,0.008,23.734,0.179,28.091,0.247
120004,15.001,0.001,55.086,0.002,55.098,0.002,54.954,0.002,54.982,0.002,28.278,0.004,28.272,0.004,28.272,0.004,28.274,0.004,26.417,0.016,27.119,0.012,26.292,0.016,26.325,0.015,26.432,0.016,28.545,0.008,23.715,0.181,28.128,0.253
121004,15.000,0.001,55.086,0.002,55.098,0.002,54.954,0.002,54.982,0.002,28.278,0.004,28.272,0.004,28.274,0.004,28.274,0.004,26.417,0.016,27.119,0.012,26.294,0.016,26.325,0.015,26.433,0.016,28.544,0.008,23.691,0.183,28.163,0.260
122004,15.000,0.001,55.084,0.002,55.096,0.002,54.956,0.002,54.982,0.002,28.278,0.004,28.272,0.004,28.274,0.004,28.274,0.004,26.417,0.016,27.121,0.012,26.293,0.016,26.326,0.015,26.433,0.016,28.545,0.008,23.686,0.185,28.173,0.266
123004,15.000,0.001,55.084,0.002,55.096,0.002,54.956,0.002,54.984,0.002,28.278,0.004,28.272,0.004,28.274,0.004,28.274,0.004,26.417,0.016,27.121,0.012,26.294,0.016,26.327,0.015,26.434,0.016,28.546,0.008,23.714,0.187,28.175,0.272
124004,15.000,0.001,55.086,0.002,55.100,0.002,54.956,0.002,54.984,0.002,28.278,0.004,28.272,0.004,28.274,0.004,28.274,0.004,26.418,0.016,27.121,0.011,26.294,0.016,26.328,0.015,26.434,0.016,28.546,0.008,23.717,0.188,28.147,0.277
125004,15.000,0.001,55.084,0.002,55.098,0.002,54.954,0.002,54.982,0.002,28.278,0.004,28.272,0.004,28.274,0.004,28.274,0.004,26.419,0.016,27.122,0.011,26.294,0.016,26.327,0.015,26.436,0.016,28.547,0.008,23.753,0.189,28.108,0.280
126004,15.000,0.001,55.084,0.002,55.098,0.002,54.956,0.002,54.982,0.002,28.278,0.004,28.272,0.004,28.274,0.004,28.274,0.004,26.420,0.016,27.122,0.011,26.296,0.016,26.328,0.015,26.435,0.016,28.547,0.008,23.745,0.190,28.090,0.281
127004,15.000,0.001,55.086,0.002,55.100,0.002,54.958,0.002,54.984,0.002,28.278,0.004,28.274,0.004,28.274,0.004,28.274,0.004,26.419,0.016,27.123,0.011,26.295,0.016,26.328,0.015,26.435,0.016,28.547,0.008,23.720,0.191,28.076,0.281
128004,15.000,0.001,55.086,0.002,55.098,0.002,54.954,0.002,54.982,0.002,28.278,0.004,28.272,0.004,28.274,0.004,28.274,0.004,26.420,0.016,27.123,0.011,26.296,0.016,26.328,0.015,26.436,0.016,28.548,0.008,23.751,0.192,28.061,0.279
129004,15.000,0.001,55.086,0.002,55.098,0.002,54.956,0.002,54.984,0.002,28.278,0.004,28.272,0.004,28.274,0.004,28.274,0.004,26.421,0.016,27.123,0.011,26.296,0.016,26.329,0.015,26.437,0.016,28.549,0.008,23.722,0.194,28.049,0.279
130004,15.000,0.001,55.086,0.002,55.100,0.002,54.952,0.002,54.980,0.002,28.278,0.004,28.272,0.004,28.274,0.004,28.274,0.004,26.421,0.016,27.123,0.011,26.296,0.016,26.330,0.015,26.437,0.016,28.549,0.008,23.727,0.195,28.040,0.279
131004,15.000,0.001,55.086,0.002,55.098,0.002,54.952,0.002,54.980,0.002,28.278,0.004,28.274,0.004,28.274,0.004,28.274,0.004,26.420,0.016,27.124,0.011,26.298,0.016,26.331,0.015,26.438,0.016,28.550,0.008,23.756,0.196,28.037,0.281
132004,15.000,0.001,55.084,0.002,55.098,0.002,54.956,0.002,54.982,0.002,28.278,0.004,28.272,0.004,28.274,0.004,28.276,0.004,26.421,0.016,27.125,0.011,26.299,0.016,26.331,0.015,26.439,0.016,28.551,0.008,23.697,0.198,28.036,0.282
133004,15.000,0.001,55.086,0.002,55.096,0.002,54.956,0.002,54.984,0.002,28.278,0.004,28.274,0.004,28.274,0.004,28.274,0.004,26.422,0.015,27.125,0.011,26.299,0.016,26.331,0.015,26.438,0.016,28.551,0.008,23.713,0.199,28.036,0.284
134004,15.000,0.001,55.086,0.002,55.098,0.002,54.956,0.002,54.984,0.002,28.278,0.004,28.274,0.004,28.274,0.004,28.274,0.004,26.422,0.015,27.126,0.011,26.299,0.016,26.332,0.015,26.439,0.016,28.553,0.008,23.728,0.200,28.043,0.287
135004,15.000,0.001,55.084,0.002,55.096,0.002,54.956,0.002,54.982,0.002,28.278,0.004,28.274,0.004,28.276,0.004,28.276,0.004,26.422,0.015,27.125,0.011,26.299,0.016,26.331,0.015,26.440,0.016,28.554,0.008,23.706,0.201,28.059,0.289
136004,15.001,0.001,55.084,0.002,55.096,0.002,54.958,0.002,54.984,0.002,28.278,0.004,28.274,0.004,28.276,0.004,28.276,0.004,26.423,0.015,27.126,0.011,26.300,0.016,26.332,0.015,26.439,0.016,28.554,0.008,23.737,0.202,28.081,0.292
137004,15.000,0.001,55.084,0.001,55.098,0.002,54.956,0.002,54.984,0.002,28.278,0.004,28.274,0.004,28.276,0.004,28.276,0.004,26.423,0.015,27.128,0.011,26.299,0.016,26.332,0.015,26.439,0.016,28.556,0.008,23.715,0.203,28.120,0.295
138004,15.000,0.001,55.086,0.001,55.098,0.002,54.956,0.002,54.982,0.002,28.280,0.004,28.274,0.004,28.276,0.004,28.276,0.004,26.424,0.015,27.126,0.011,26.301,0.016,26.333,0.015,26.440,0.016,28.557,0.007,23.683,0.205,28.151,0.300
139004,15.000,0.001,55.088,0.002,55.096,0.002,54.956,0.002,54.984,0.002,28.278,0.004,28.274,0.004,28.276,0.004,28.276,0.004,26.423,0.015,27.128,0.011,26.301,0.016,26.333,0.015,26.441,0.016,28.560,0.007,23.681,0.205,28.179,0.304
140004,15.000,0.001,55.086,0.001,55.100,0.002,54.954,0.002,54.982,0.002,28.278,0.004,28.274,0.004,28.276,0.004,28.276,0.004,26.423,0.015,27.127,0.011,26.302,0.016,26.334,0.015,26.441,0.016,28.561,0.007,23.699,0.206,28.196,0.309
141004,15.000,0.001,55.082,0.001,55.096,0.002,54.954,0.002,54.980,0.002,28.278,0.004,28.274,0.004,28.276,0.004,28.276,0.004,26.425,0.015,27.128,0.011,26.302,0.016,26.335,0.015,26.442,0.016,28.562,0.007,23.626,0.207,28.201,0.314
142004,15.000,0.001,55.086,0.001,55.098,0.002,54.956,0.002,54.982,0.002,28.280,0.004,28.274,0.004,28.276,0.004,28.276,0.004,26.426,0.015,27.129,0.011,26.302,0.016,26.335,0.015,26.442,0.016,28.563,0.007,23.769,0.207,28.213,0.319
143004,14.999,0.001,55.084,0.001,55.098,0.002,54.956,0.002,54.984,0.002,28.280,0.004,28.274,0.004,28.276,0.004,28.276,0.004,26.426,0.015,27.129,0.011,26.302,0.016,26.335,0.015,26.442,0.016,28.564,0.007,23.728,0.208,28.238,0.325
144004,15.000,0.001,55.084,0.001,55.096,0.002,54.956,0.002,54.982,0.002,28.280,0.004,28.276,0.004,28.276,0.004,28.276,0.004,26.426,0.015,27.130,0.011,26.304,0.016,26.336,0.015,26.443,0.016,28.565,0.007,23.654,0.209,28.258,0.331
145004,15.000,0.001,55.086,0.001,55.096,0.002,54.956,0.002,54.984,0.002,28.280,0.004,28.276,0.004,28.276,0.004,28.276,0.004,26.427,0.015,27.129,0.011,26.304,0.016,26.336,0.015,26.444,0.016,28.565,0.007,23.622,0.211,28.271,0.337
146004,15.001,0.001,55.088,0.001,55.100,0.002,54.956,0.002,54.984,0.002,28.280,0.004,28.276,0.004,28.276,0.004,28.276,0.004,26.427,0.015,27.130,0.011,26.304,0.016,26.337,0.015,26.443,0.016,28.566,0.007,23.643,0.212,28.279,0.343
147004,15.000,0.001,55.086,0.001,55.098,0.002,54.956,0.002,54.984,0.002,28.280,0.004,28.276,0.004,28.276,0.004,28.276,0.004,26.428,0.015,27.130,0.011,26.304,0.016,26.337,0.015,26.445,0.016,28.566,0.007,23.632,0.214,28.284,0.349
148005,15.001,0.001,55.086,0.001,55.098,0.002,54.954,0.002,54.982,0.002,28.280,0.004,28.276,0.004,28.276,0.004,28.276,0.004,26.428,0.015,27.131,0.011,26.305,0.016,26.338,0.015,26.445,0.016,28.568,0.007,23.674,0.215,28.290,0.355
149005,15.000,0.001,55.088,0.001,55.100,0.002,54.956,0.002,54.984,0.002,28.280,0.004,28.276,0.004,28.278,0.004,28.278,0.004,26.428,0.015,27.131,0.011,26.305,0.016,26.338,0.015,26.445,0.015,28.567,0.007,23.743,0.215,28.294,0.360
150005,15.000,0.001,55.088,0.002,55.100,0.002,54.956,0.002,54.984,0.002,28.280,0.004,28.276,0.004,28.276,0.004,28.276,0.004,26.429,0.015,27.132,0.011,26.305,0.016,26.337,0.015,26.445,0.015,28.569,0.007,23.716,0.215,28.302,0.366
151005,15.000,0.001,55.084,0.002,55.100,0.002,54.956,0.002,54.982,0.002,28.280,0.004,28.276,0.004,28.276,0.004,28.278,0.004,26.429,0.015,27.131,0.011,26.305,0.015,26.338,0.015,26.446,0.015,28.569,0.007,23.716,0.216,28.306,0.371
152005,15.001,0.001,55.088,0.002,55.100,0.002,54.958,0.002,54.986,0.002,28.282,0.004,28.276,0.004,28.278,0.004,28.278,0.004,26.430,0.015,27.132,0.011,26.306,0.015,26.338,0.015,26.447,0.015,28.568,0.007,23.747,0.214,28.302,0.376
153005,15.000,0.001,55.088,0.002,55.098,0.002,54.956,0.002,54.982,0.002,28.282,0.004,28.276,0.004,28.278,0.004,28.278,0.004,26.430,0.015,27.133,0.011,26.306,0.015,26.339,0.015,26.447,0.015,28.569,0.008,23.599,0.213,28.290,0.381
154005,15.001,0.001,55.084,0.002,55.098,0.002,54.956,0.002,54.984,0.002,28.280,0.004,28.276,0.004,28.278,0.004,28.278,0.004,26.430,0.015,27.132,0.011,26.307,0.015,26.340,0.015,26.447,0.015,28.569,0.008,23.600,0.212,28.275,0.385
155005,15.001,0.001,55.088,0.002,55.100,0.002,54.956,0.002,54.982,0.002,28.280,0.004,28.276,0.004,28.278,0.004,28.278,0.004,26.431,0.015,27.134,0.011,26.308,0.015,26.340,0.015,26.448,0.015,28.570,0.008,23.573,0.209,28.276,0.389
156005,15.001,0.001,55.088,0.002,55.100,0.002,54.958,0.002,54.984,0.002,28.282,0.004,28.276,0.004,28.278,0.004,28.278,0.004,26.431,0.015,27.134,0.011,26.308,0.015,26.341,0.015,26.448,0.015,28.569,0.008,23.496,0.206,28.258,0.392
157005,15.000,0.001,55.086,0.002,55.098,0.001,54.956,0.002,54.982,0.002,28.282,0.004,28.276,0.004,28.278,0.004,28.278,0.004,26.431,0.015,27.132,0.011,26.309,0.015,26.342,0.015,26.449,0.015,28.570,0.008,23.464,0.203,28.224,0.395
158005,15.000,0.001,55.088,0.002,55.098,0.001,54.954,0.002,54.982,0.002,28.282,0.004,28.276,0.004,28.278,0.004,28.278,0.004,26.432,0.015,27.134,0.011,26.310,0.015,26.342,0.015,26.449,0.015,28.571,0.008,23.454,0.204,28.184,0.396
159005,15.000,0.001,55.086,0.002,55.102,0.002,54.956,0.002,54.984,0.002,28.280,0.004,28.276,0.004,28.278,0.004,28.278,0.004,26.432,0.015,27.136,0.011,26.309,0.015,26.342,0.015,26.450,0.015,28.571,0.008,23.580,0.200,28.145,0.398
160005,15.000,0.001,55.086,0.002,55.100,0.001,54.958,0.002,54.984,0.002,28.282,0.004,28.276,0.004,28.278,0.004,28.278,0.004,26.433,0.015,27.135,0.012,26.311,0.015,26.342,0.015,26.449,0.015,28.570,0.008,23.692,0.195,28.118,0.399
161005,15.003,0.001,55.086,0.002,55.096,0.001,54.956,0.002,54.984,0.002,28.282,0.004,28.278,0.004,28.278,0.004,28.278,0.004,26.433,0.015,27.135,0.012,26.311,0.015,26.342,0.015,26.449,0.015,28.570,0.008,23.692,0.195,28.118,0.399
162005,15.002,0.001,55.088,0.002,55.100,0.001,54.956,0.002,54.984,0.001,28.282,0.004,28.278,0.004,28.278,0.004,28.278,0.004,26.433,0.015,27.135,0.012,26.311,0.015,26.343,0.015,26.451,0.015,28.568,0.008,23.717,0.190,28.119,0.400
163005,15.001,0.001,55.088,0.002,55.098,0.001,54.956,0.002,54.982,0.001,28.282,0.004,28.276,0.004,28.278,0.004,28.278,0.004,26.434,0.015,27.135,0.012,26.311,0.015,26.343,0.015,26.451,0.015,28.569,0.008,23.659,0.187,28.135,0.401
164005,14.999,0.001,55.088,0.002,55.100,0.001,54.954,0.002,54.982,0.001,28.282,0.004,28.278,0.004,28.278,0.004,28.278,0.004,26.435,0.015,27.136,0.012,26.311,0.015,26.343,0.015,26.451,0.015,28.569,0.008,23.688,0.184,28.146,0.403
165005,14.999,0.001,55.088,0.002,55.100,0.001,54.956,0.002,54.984,0.001,28.282,0.004,28.278,0.004,28.278,0.004,28.278,0.004,26.435,0.015,27.136,0.012,26.312,0.015,26.344,0.015,26.452,0.015,28.569,0.008,23.555,0.183,28.151,0.404
166005,14.999,0.001,55.086,0.002,55.102,0.002,54.958,0.002,54.984,0.001,28.282,0.004,28.278,0.004,28.278,0.004,28.280,0.004,26.436,0.015,27.136,0.012,26.312,0.015,26.344,0.015,26.452,0.015,28.571,0.009,23.602,0.181,28.130,0.406
167005,15.000,0.001,55.086,0.002,55.098,0.002,54.956,0.002,54.984,0.001,28.282,0.004,28.276,0.004,28.278,0.004,28.280,0.004,26.436,0.015,27.137,0.012,26.313,0.015,26.345,0.015,26.452,0.015,28.570,0.009,23.652,0.178,28.102,0.407
168005,15.000,0.001,55.086,0.002,55.098,0.002,54.954,0.002,54.982,0.001,28.282,0.004,28.278,0.004,28.280,0.004,28.280,0.004,26.435,0.015,27.137,0.012,26.314,0.015,26.346,0.015,26.454,0.015,28.571,0.009,23.645,0.175,28.073,0.407
169005,15.000,0.001,55.088,0.002,55.098,0.002,54.954,0.002,54.982,0.001,28.282,0.004,28.278,0.004,28.278,0.004,28.280,0.004,26.436,0.015,27.137,0.012,26.314,0.015,26.346,0.015,26.452,0.015,28.571,0.009,23.644,0.172,28.026,0.408
170005,14.999,0.001,55.088,0.002,55.098,0.002,54.956,0.002,54.982,0.001,28.282,0.004,28.278,0.004,28.278,0.004,28.278,0.004,26.437,0.015,27.138,0.012,26.313,0.015,26.346,0.015,26.453,0.015,28.572,0.009,23.646,0.172,27.973,0.408
171005,15.000,0.001,55.086,0.002,55.098,0.002,54.954,0.002,54.982,0.001,28.284,0.004,28.278,0.004,28.280,0.004,28.280,0.004,26.437,0.015,27.137,0.012,26.315,0.015,26.347,0.015,26.454,0.015,28.571,0.009,23.641,0.171,27.915,0.408
172005,15.002,0.001,55.088,0.002,55.098,0.001,54.958,0.002,54.986,0.001,28.284,0.004,28.278,0.004,28.280,0.004,28.280,0.004,26.437,0.015,27.138,0.012,26.315,0.015,26.347,0.015,26.455,0.015,28.570,0.009,23.612,0.171,27.862,0.408
173005,15.000,0.001,55.088,0.002,55.098,0.001,54.956,0.002,54.984,0.001,28.284,0.004,28.278,0.004,28.280,0.004,28.280,0.004,26.439,0.015,27.139,0.012,26.315,0.015,26.348,0.015,26.455,0.015,28.569,0.009,23.700,0.170,27.817,0.408
174005,15.001,0.001,55.088,0.002,55.100,0.001,54.956,0.002,54.984,0.001,28.284,0.004,28.278,0.004,28.278,0.004,28.280,0.004,26.438,0.015,27.139,0.012,26.316,0.015,26.348,0.015,26.455,0.015,28.567,0.009,23.718,0.169,27.797,0.408
175005,15.003,0.001,55.086,0.002,55.100,0.001,54.956,0.002,54.984,0.001,28.284,0.004,28.278,0.004,28.280,0.004,28.280,0.004,26.439,0.015,27.140,0.012,26.316,0.015,26.348,0.015,26.456,0.015,28.567,0.009,23.780,0.168,27.780,0.409
176005,15.002,0.001,55.086,0.002,55.098,0.001,54.956,0.002,54.982,0.001,28.284,0.004,28.278,0.004,28.280,0.004,28.280,0.004,26.440,0.015,27.140,0.012,26.318,0.015,26.348,0.015,26.457,0.015,28.567,0.009,23.728,0.167,27.775,0.409
177005,15.001,0.001,55.086,0.002,55.100,0.001,54.956,0.002,54.984,0.001,28.284,0.004,28.278,0.004,28.280,0.004,28.280,0.004,26.440,0.015,27.139,0.012,26.317,0.015,26.349,0.015,26.457,0.015,28.566,0.009,23.774,0.166,27.778,0.410
178005,15.000,0.001,55.088,0.002,55.100,0.001,54.956,0.002,54.982,0.001,28.284,0.004,28.280,0.004,28.280,0.004,28.280,0.004,26.439,0.015,27.141,0.012,26.318,0.015,26.350,0.015,26.457,0.015,28.566,0.009,23.785,0.165,27.773,0.410
179006,14.999,0.001,55.088,0.002,55.100,0.002,54.956,0.002,54.984,0.001,28.284,0.004,28.280,0.004,28.280,0.004,28.280,0.004,26.440,0.015,27.141,0.012,26.317,0.015,26.350,0.015,26.457,0.015,28.565,0.009,23.764,0.164,27.759,0.410
180006,14.998,0.001,55.086,0.002,55.100,0.002,54.958,0.002,54.984,0.001,28.284,0.004,28.280,0.004,28.280,0.004,28.280,0.004,26.441,0.015,27.140,0.012,26.318,0.015,26.351,0.015,26.458,0.015,28.565,0.009,23.676,0.160,27.747,0.410
181006,14.998,0.001,55.088,0.002,55.104,0.002,54.956,0.001,54.984,0.001,28.284,0.004,28.278,0.004,28.280,0.004,28.280,0.004,26.441,0.015,27.142,0.012,26.319,0.015,26.351,0.015,26.459,0.015,28.566,0.009,23.571,0.158,27.736,0.410
182006,15.000,0.001,55.088,0.002,55.100,0.002,54.956,0.001,54.984,0.001,28.284,0.004,28.278,0.004,28.280,0.004,28.280,0.004,26.441,0.015,27.141,0.012,26.319,0.015,26.352,0.015,26.458,0.015,28.564,0.009,23.735,0.155,27.752,0.410
183006,15.001,0.001,55.088,0.002,55.102,0.002,54.954,0.001,54.982,0.001,28.284,0.004,28.280,0.004,28.280,0.004,28.280,0.004,26.443,0.015,27.143,0.012,26.320,0.015,26.351,0.015,26.459,0.015,28.564,0.009,23.713,0.152,27.777,0.410
184006,15.001,0.001,55.086,0.002,55.100,0.002,54.958,0.001,54.986,0.001,28.284,0.004,28.280,0.004,28.280,0.004,28.280,0.004,26.443,0.015,27.143,0.012,26.320,0.015,26.352,0.015,26.459,0.015,28.565,0.009,23.731,0.148,27.807,0.409
185006,14.998,0.001,55.086,0.002,55.100,0.002,54.958,0.001,54.986,0.001,28.284,0.004,28.280,0.004,28.282,0.004,28.282,0.004,26.443,0.015,27.143,0.012,26.321,0.015,26.352,0.015,26.462,0.015,28.563,0.009,23.701,0.146,27.838,0.409
186006,14.998,0.001,55.086,0.002,55.100,0.002,54.958,0.001,54.984,0.001,28.284,0.004,28.280,0.004,28.282,0.004,28.282,0.004,26.443,0.015,27.142,0.012,26.321,0.015,26.353,0.015,26.460,0.015,28.565,0.009,23.597,0.144,27.869,0.408
187006,15.000,0.001,55.086,0.002,55.100,0.002,54.958,0.001,54.984,0.001,28.284,0.004,28.280,0.004,28.282,0.004,28.282,0.004,26.443,0.015,27.144,0.012,26.321,0.015,26.353,0.015,26.461,0.015,28.564,0.009,23.687,0.141,27.883,0.407
188006,15.001,0.001,55.088,0.002,55.102,0.002,54.956,0.001,54.984,0.001,28.284,0.004,28.280,0.004,28.280,0.004,28.282,0.004,26.445,0.015,27.143,0.012,26.323,0.015,26.354,0.015,26.462,0.015,28.565,0.009,23.780,0.138,27.875,0.407
189006,14.999,0.001,55.086,0.002,55.102,0.002,54.956,0.001,54.984,0.001,28.284,0.004,28.280,0.004,28.282,0.004,28.282,0.004,26.445,0.015,27.144,0.012,26.322,0.015,26.354,0.015,26.461,0.015,28.565,0.009,23.640,0.135,27.859,0.406
190006,15.001,0.001,55.090,0.002,55.100,0.002,54.958,0.001,54.984,0.001,28.284,0.004,28.280,0.004,28.282,0.004,28.282,0.004,26.445,0.015,27.145,0.012,26.323,0.015,26.354,0.015,26.463,0.015,28.566,0.009,23.641,0.131,27.861,0.405
191006,15.001,0.001,55.088,0.002,55.098,0.002,54.956,0.001,54.984,0.001,28.286,0.004,28.280,0.004,28.282,0.004,28.282,0.004,26.446,0.015,27.145,0.012,26.324,0.015,26.355,0.015,26.463,0.015,28.567,0.009,23.580,0.127,27.869,0.404
192006,15.001,0.001,55.086,0.002,55.100,0.002,54.956,0.001,54.984,0.001,28.286,0.004,28.280,0.004,28.280,0.004,28.282,0.004,26.446,0.015,27.145,0.012,26.324,0.015,26.355,0.015,26.463,0.015,28.568,0.009,23.664,0.124,27.875,0.404
193006,15.000,0.001,55.088,0.002,55.100,0.002,54.956,0.001,54.984,0.001,28.284,0.004,28.280,0.004,28.282,0.004,28.282,0.004,26.447,0.015,27.146,0.012,26.325,0.015,26.356,0.015,26.464,0.015,28.568,0.009,23.670,0.117,27.877,0.403
194006,15.000,0.001,55.084,0.002,55.100,0.002,54.958,0.001,54.984,0.001,28.286,0.004,28.282,0.004,28.282,0.004,28.282,0.004,26.447,0.015,27.144,0.012,26.325,0.015,26.357,0.015,26.464,0.015,28.569,0.009,23.694,0.114,27.872,0.402
195006,15.001,0.001,55.086,0.002,55.100,0.002,54.956,0.001,54.984,0.001,28.286,0.004,28.280,0.004,28.282,0.004,28.282,0.004,26.446,0.015,27.147,0.012,26.325,0.015,26.357,0.015,26.464,0.015,28.570,0.009,23.637,0.111,27.860,0.401
196006,15.000,0.001,55.088,0.002,55.102,0.002,54.960,0.001,54.986,0.001,28.286,0.004,28.282,0.004,28.282,0.004,28.282,0.004,26.448,0.015,27.147,0.012,26.326,0.015,26.357,0.015,26.466,0.015,28.571,0.009,23.623,0.107,27.849,0.401
197006,15.000,0.001,55.088,0.002,55.102,0.002,54.956,0.001,54.984,0.001,28.286,0.004,28.282,0.004,28.282,0.004,28.282,0.004,26.449,0.015,27.146,0.012,26.326,0.015,26.359,0.015,26.465,0.015,28.572,0.009,23.615,0.103,27.845,0.400
198006,15.000,0.001,55.088,0.002,55.100,0.002,54.958,0.001,54.986,0.001,28.286,0.004,28.280,0.004,28.282,0.004,28.282,0.004,26.449,0.015,27.147,0.012,26.327,0.015,26.358,0.015,26.466,0.015,28.572,0.009,23.595,0.099,27.839,0.398
199006,15.000,0.001,55.090,0.002,55.100,0.002,54.958,0.001,54.986,0.001,28.286,0.004,28.282,0.004,28.282,0.004,28.282,0.004,26.450,0.015,27.149,0.012,26.327,0.015,26.358,0.015,26.467,0.015,28.573,0.009,23.574,0.098,27.844,0.397
200006,15.000,0.001,55.090,0.002,55.104,0.002,54.956,0.001,54.984,0.001,28.286,0.004,28.282,0.004,28.282,0.004,28.282,0.004,26.450,0.015,27.148,0.012,26.327,0.015,26.359,0.015,26.466,0.015,28.573,0.009,23.584,0.098,27.858,0.396
201006,15.000,0.001,55.088,0.002,55.102,0.002,54.960,0.001,54.986,0.001,28.286,0.004,28.282,0.004,28.284,0.004,28.284,0.004,26.450,0.015,27.148,0.012,26.327,0.015,26.359,0.015,26.467,0.015,28.573,0.009,23.534,0.097,27.873,0.395
202006,15.000,0.001,55.086,0.002,55.100,0.002,54.960,0.001,54.986,0.001,28.288,0.004,28.280,0.004,28.282,0.004,28.282,0.004,26.450,0.015,27.149,0.012,26.328,0.015,26.360,0.015,26.468,0.015,28.574,0.010,23.546,0.094,27.877,0.393
203006,15.001,0.001,55.088,0.002,55.100,0.002,54.956,0.001,54.984,0.001,28.286,0.004,28.282,0.004,28.282,0.004,28.284,0.004,26.450,0.015,27.150,0.012,26.328,0.015,26.360,0.015,26.468,0.015,28.575,0.010,23.574,0.093,27.885,0.391
204006,15.000,0.001,55.090,0.002,55.104,0.002,54.956,0.001,54.984,0.001,28.286,0.004,28.282,0.004,28.282,0.004,28.284,0.004,26.451,0.015,27.149,0.012,26.329,0.015,26.360,0.015,26.468,0.015,28.574,0.010,23.594,0.092,27.895,0.389
205006,15.002,0.001,55.090,0.002,55.102,0.002,54.956,0.001,54.984,0.001,28.286,0.004,28.282,0.004,28.284,0.004,28.284,0.004,26.452,0.015,27.151,0.012,26.329,0.015,26.360,0.015,26.469,0.015,28.575,0.010,23.570,0.092,27.909,0.386
206006,15.002,0.001,55.090,0.002,55.102,0.002,54.958,0.002,54.986,0.001,28.288,0.004,28.282,0.004,28.284,0.004,28.284,0.004,26.452,0.015,27.150,0.012,26.329,0.015,26.361,0.015,26.469,0.015,28.576,0.010,23.594,0.092,27.917,0.382
207006,15.000,0.001,55.090,0.002,55.100,0.002,54.958,0.002,54.984,0.001,28.286,0.004,28.282,0.004,28.284,0.004,28.284,0.004,26.452,0.015,27.150,0.012,26.330,0.015,26.362,0.015,26.470,0.015,28.577,0.010,23.536,0.093,27.921,0.378
208007,15.000,0.001,55.090,0.002,55.102,0.002,54.960,0.002,54.986,0.001,28.288,0.004,28.282,0.004,28.284,0.004,28.284,0.004,26.453,0.015,27.151,0.012,26.331,0.015,26.363,0.015,26.469,0.015,28.578,0.010,23.512,0.095,27.931,0.374
209007,15.000,0.001,55.088,0.002,55.100,0.002,54.958,0.002,54.984,0.001,28.288,0.004,28.282,0.004,28.284,0.004,28.284,0.004,26.453,0.015,27.152,0.012,26.331,0.015,26.362,0.015,26.471,0.015,28.579,0.010,23.497,0.096,27.942,0.369
210007,15.000,0.001,55.086,0.002,55.100,0.002,54.958,0.002,54.986,0.001,28.288,0.004,28.284,0.004,28.284,0.004,28.284,0.004,26.455,0.015,27.153,0.013,26.331,0.015,26.364,0.015,26.471,0.015,28.581,0.010,23.524,0.098,27.953,0.364
211007,15.000,0.001,55.088,0.002,55.102,0.002,54.958,0.002,54.986,0.001,28.288,0.004,28.282,0.004,28.284,0.004,28.284,0.004,26.454,0.015,27.153,0.013,26.332,0.015,26.363,0.015,26.471,0.015,28.582,0.010,23.506,0.099,27.958,0.358
212007,15.000,0.001,55.092,0.002,55.102,0.002,54.956,0.002,54.984,0.001,28.288,0.004,28.282,0.004,28.284,0.004,28.284,0.004,26.454,0.015,27.153,0.013,26.332,0.015,26.364,0.015,26.472,0.015,28.583,0.011,23.537,0.100,27.982,0.352
213007,15.000,0.001,55.090,0.002,55.102,0.002,54.958,0.002,54.986,0.001,28.288,0.004,28.282,0.004,28.284,0.004,28.284,0.004,26.456,0.015,27.154,0.013,26.332,0.015,26.364,0.015,26.473,0.015,28.583,0.011,23.524,0.100,27.993,0.345
214007,15.001,0.001,55.086,0.002,55.100,0.002,54.956,0.002,54.984,0.001,28.288,0.004,28.282,0.004,28.284,0.004,28.284,0.004,26.455,0.015,27.153,0.013,26.334,0.015,26.365,0.015,26.473,0.015,28.585,0.011,23.510,0.101,27.994,0.339
215007,15.001,0.001,55.090,0.002,55.100,0.002,54.958,0.002,54.986,0.001,28.288,0.004,28.282,0.004,28.284,0.004,28.284,0.004,26.456,0.015,27.155,0.013,26.335,0.015,26.365,0.015,26.473,0.015,28.585,0.011,23.430,0.102,27.979,0.331
216007,15.001,0.001,55.090,0.002,55.102,0.002,54.958,0.002,54.986,0.001,28.288,0.004,28.282,0.004,28.284,0.004,28.284,0.004,26.455,0.015,27.154,0.013,26.334,0.015,26.365,0.015,26.475,0.015,28.585,0.011,23.512,0.102,27.969,0.323
217007,15.000,0.001,55.090,0.002,55.100,0.002,54.956,0.002,54.984,0.001,28.288,0.004,28.284,0.004,28.286,0.004,28.286,0.004,26.456,0.015,27.155,0.013,26.334,0.015,26.366,0.015,26.474,0.015,28.587,0.012,23.537,0.101,27.967,0.315
218007,15.000,0.001,55.090,0.002,55.104,0.002,54.958,0.002,54.986,0.001,28.288,0.004,28.284,0.004,28.286,0.004,28.286,0.004,26.458,0.015,27.155,0.013,26.335,0.015,26.365,0.015,26.474,0.015,28.587,0.012,23.515,0.101,27.966,0.306
219007,15.000,0.001,55.086,0.002,55.104,0.002,54.958,0.002,54.986,0.001,28.288,0.004,28.284,0.004,28.286,0.004,28.286,0.004,26.458,0.015,27.155,0.013,26.334,0.015,26.366,0.015,26.475,0.015,28.588,0.012,23.543,0.102,27.943,0.297
220007,15.001,0.001,55.092,0.002,55.102,0.002,54.956,0.002,54.984,0.001,28.288,0.004,28.284,0.004,28.284,0.004,28.284,0.004,26.458,0.015,27.157,0.013,26.336,0.015,26.367,0.015,26.475,0.015,28.587,0.012,23.348,0.106,27.922,0.288
221007,15.000,0.001,55.092,0.002,55.100,0.002,54.958,0.002,54.986,0.001,28.290,0.004,28.284,0.004,28.286,0.004,28.286,0.004,26.458,0.015,27.156,0.013,26.336,0.015,26.367,0.015,26.476,0.015,28.589,0.012,23.536,0.105,27.898,0.278
222007,15.000,0.001,55.090,0.002,55.102,0.002,54.958,0.002,54.986,0.001,28.288,0.004,28.284,0.004,28.284,0.004,28.286,0.004,26.459,0.015,27.157,0.013,26.336,0.015,26.368,0.015,26.476,0.015,28.590,0.013,23.537,0.104,27.871,0.270
223007,15.000,0.001,55.090,0.002,55.102,0.002,54.958,0.002,54.986,0.002,28.288,0.004,28.284,0.004,28.284,0.004,28.284,0.004,26.459,0.015,27.157,0.013,26.336,0.015,26.368,0.015,26.477,0.015,28.590,0.013,23.519,0.104,27.848,0.264
224007,15.000,0.001,55.090,0.002,55.104,0.002,54.960,0.002,54.986,0.002,28.290,0.004,28.284,0.004,28.286,0.004,28.286,0.004,26.460,0.015,27.157,0.013,26.337,0.015,26.368,0.015,26.477,0.015,28.591,0.013,23.501,0.104,27.841,0.259
225007,15.000,0.001,55.090,0.002,55.102,0.002,54.958,0.002,54.986,0.002,28.288,0.004,28.284,0.004,28.286,0.004,28.286,0.004,26.460,0.015,27.157,0.013,26.338,0.015,26.370,0.015,26.477,0.015,28.590,0.013,23.481,0.104,27.848,0.255
226007,15.001,0.001,55.088,0.002,55.102,0.002,54.956,0.002,54.984,0.002,28.290,0.004,28.284,0.004,28.286,0.004,28.286,0.004,26.461,0.015,27.157,0.013,26.337,0.015,26.369,0.015,26.478,0.015,28.592,0.013,23.498,0.104,27.847,0.252
227007,15.001,0.001,55.090,0.002,55.102,0.002,54.958,0.002,54.986,0.002,28.288,0.004,28.284,0.004,28.286,0.004,28.286,0.004,26.461,0.015,27.158,0.013,26.338,0.015,26.370,0.015,26.478,0.015,28.592,0.013,23.503,0.103,27.843,0.250
228007,15.001,0.001,55.090,0.002,55.106,0.002,54.956,0.002,54.986,0.002,28.290,0.004,28.284,0.004,28.286,0.004,28.286,0.004,26.461,0.015,27.159,0.013,26.340,0.015,26.371,0.015,26.478,0.015,28.592,0.013,23.513,0.103,27.828,0.249
229007,15.001,0.001,55.090,0.002,55.104,0.002,54.956,0.002,54.984,0.002,28.290,0.004,28.286,0.004,28.286,0.004,28.286,0.004,26.462,0.015,27.160,0.013,26.340,0.015,26.371,0.015,26.479,0.015,28.592,0.014,23.436,0.104,27.833,0.249
230007,15.001,0.001,55.092,0.002,55.104,0.002,54.958,0.002,54.986,0.002,28.290,0.004,28.284,0.004,28.286,0.004,28.286,0.004,26.463,0.015,27.159,0.013,26.341,0.015,26.371,0.015,26.479,0.015,28.594,0.014,23.437,0.105,27.822,0.250
231007,14.999,0.001,55.092,0.002,55.102,0.002,54.960,0.002,54.988,0.002,28.290,0.004,28.284,0.004,28.286,0.004,28.286,0.004,26.462,0.015,27.160,0.013,26.341,0.015,26.372,0.015,26.480,0.015,28.595,0.014,23.456,0.104,27.809,0.252
232007,14.998,0.001,55.092,0.002,55.104,0.002,54.956,0.002,54.984,0.002,28.290,0.004,28.286,0.004,28.286,0.004,28.286,0.004,26.463,0.015,27.160,0.012,26.341,0.015,26.373,0.015,26.480,0.015,28.595,0.014,23.444,0.102,27.798,0.253
233007,14.999,0.001,55.090,0.002,55.104,0.002,54.958,0.002,54.986,0.002,28.290,0.004,28.284,0.004,28.286,0.004,28.286,0.004,26.464,0.015,27.161,0.012,26.341,0.015,26.372,0.015,26.480,0.015,28.595,0.014,23.421,0.103,27.789,0.255
234007,15.000,0.001,55.092,0.002,55.102,0.002,54.958,0.002,54.986,0.002,28.290,0.004,28.286,0.004,28.286,0.004,28.286,0.004,26.464,0.015,27.161,0.012,26.341,0.015,26.372,0.015,26.480,0.015,28.595,0.014,23.421,0.103,27.789,0.255
235007,15.001,0.001,55.088,0.002,55.106,0.002,54.958,0.002,54.986,0.002,28.290,0.004,28.286,0.004,28.286,0.004,28.286,0.004,26.464,0.015,27.162,0.012,26.342,0.015,26.373,0.015,26.481,0.015,28.596,0.014,23.464,0.102,27.787,0.257
236007,15.001,0.001,55.090,0.002,55.102,0.002,54.958,0.002,54.986,0.002,28.290,0.004,28.286,0.004,28.286,0.004,28.288,0.004,26.465,0.015,27.161,0.012,26.342,0.015,26.373,0.015,26.482,0.015,28.596,0.014,23.490,0.101,27.783,0.259
237008,15.000,0.001,55.090,0.002,55.104,0.002,54.960,0.002,54.986,0.002,28.290,0.004,28.284,0.004,28.286,0.004,28.286,0.004,26.465,0.015,27.163,0.013,26.343,0.015,26.373,0.015,26.481,0.015,28.597,0.014,23.486,0.102,27.778,0.261
238008,15.000,0.001,55.092,0.002,55.102,0.002,54.958,0.002,54.986,0.002,28.290,0.004,28.286,0.004,28.288,0.004,28.288,0.004,26.466,0.015,27.163,0.013,26.343,0.015,26.375,0.015,26.482,0.015,28.598,0.014,23.476,0.102,27.781,0.262
239008,15.001,0.001,55.092,0.002,55.102,0.002,54.958,0.002,54.986,0.002,28.290,0.004,28.286,0.004,28.286,0.004,28.288,0.004,26.466,0.015,27.164,0.013,26.343,0.015,26.374,0.015,26.483,0.015,28.599,0.014,23.427,0.103,27.787,0.264
240008,15.001,0.001,55.088,0.002,55.106,0.002,54.960,0.002,54.988,0.002,28.290,0.004,28.286,0.004,28.286,0.004,28.286,0.004,26.466,0.015,27.164,0.013,26.344,0.015,26.376,0.015,26.483,0.015,28.599,0.014,23.482,0.103,27.796,0.265
241008,15.001,0.001,55.092,0.002,55.104,0.002,54.960,0.002,54.988,0.002,28.290,0.004,28.286,0.004,28.288,0.004,28.288,0.004,26.467,0.015,27.165,0.013,26.344,0.015,26.376,0.015,26.485,0.015,28.600,0.014,23.477,0.103,27.806,0.266
242008,15.000,0.001,55.090,0.002,55.106,0.002,54.958,0.002,54.986,0.002,28.290,0.004,28.286,0.004,28.286,0.004,28.288,0.004,26.467,0.015,27.164,0.013,26.345,0.015,26.377,0.015,26.484,0.015,28.601,0.014,23.495,0.103,27.815,0.266
243008,15.001,0.001,55.090,0.002,55.104,0.002,54.960,0.002,54.988,0.002,28.292,0.004,28.286,0.004,28.288,0.004,28.288,0.004,26.467,0.015,27.165,0.013,26.345,0.015,26.377,0.015,26.485,0.015,28.602,0.014,23.418,0.105,27.832,0.265
244008,15.001,0.001,55.090,0.002,55.102,0.002,54.960,0.002,54.986,0.002,28.292,0.004,28.286,0.004,28.288,0.004,28.288,0.004,26.467,0.015,27.164,0.013,26.345,0.015,26.377,0.015,26.485,0.015,28.603,0.014,23.503,0.105,27.848,0.264
245008,15.001,0.001,55.092,0.002,55.104,0.002,54.956,0.002,54.984,0.002,28.292,0.004,28.286,0.004,28.288,0.004,28.288,0.004,26.469,0.015,27.167,0.013,26.347,0.015,26.377,0.015,26.485,0.015,28.604,0.014,23.473,0.105,27.861,0.263
246008,14.999,0.001,55.094,0.002,55.104,0.002,54.956,0.002,54.984,0.002,28.292,0.004,28.288,0.004,28.288,0.004,28.288,0.004,26.467,0.015,27.167,0.013,26.347,0.015,26.378,0.015,26.487,0.015,28.606,0.014,23.518,0.105,27.886,0.263
247008,15.001,0.001,55.092,0.002,55.102,0.002,54.958,0.002,54.986,0.002,28.292,0.004,28.286,0.004,28.288,0.004,28.288,0.004,26.469,0.015,27.167,0.013,26.346,0.015,26.377,0.015,26.487,0.015,28.607,0.014,23.479,0.105,27.912,0.262
248008,15.000,0.001,55.094,0.002,55.104,0.002,54.960,0.002,54.988,0.002,28.292,0.004,28.288,0.004,28.288,0.004,28.288,0.004,26.470,0.015,27.166,0.013,26.346,0.015,26.378,0.015,26.487,0.015,28.608,0.015,23.497,0.104,27.945,0.261
249008,14.999,0.001,55.092,0.002,55.104,0.002,54.960,0.002,54.988,0.002,28.292,0.004,28.286,0.004,28.288,0.004,28.288,0.004,26.470,0.015,27.168,0.013,26.347,0.015,26.379,0.015,26.488,0.015,28.609,0.015,23.634,0.104,27.981,0.261
250008,15.000,0.001,55.090,0.002,55.104,0.002,54.958,0.002,54.986,0.002,28.292,0.004,28.288,0.004,28.288,0.004,28.288,0.004,26.469,0.015,27.168,0.013,26.348,0.015,26.380,0.015,26.488,0.015,28.610,0.015,23.630,0.103,28.010,0.261
251008,15.000,0.001,55.094,0.002,55.106,0.002,54.960,0.002,54.988,0.002,28.292,0.004,28.288,0.004,28.288,0.004,28.288,0.004,26.471,0.015,27.168,0.013,26.348,0.015,26.380,0.015,26.488,0.015,28.611,0.015,23.674,0.103,28.027,0.260
252008,15.000,0.001,55.094,0.003,55.106,0.003,54.956,0.002,54.986,0.002,28.292,0.004,28.288,0.004,28.288,0.004,28.288,0.004,26.471,0.015,27.169,0.013,26.349,0.015,26.380,0.015,26.489,0.015,28.612,0.015,23.676,0.102,28.050,0.261
253008,15.000,0.001,55.092,0.002,55.106,0.003,54.960,0.002,54.988,0.002,28.292,0.004,28.286,0.004,28.288,0.004,28.288,0.004,26.471,0.015,27.168,0.013,26.350,0.015,26.381,0.015,26.489,0.015,28.612,0.015,23.669,0.101,28.060,0.261
254008,15.000,0.001,55.092,0.003,55.106,0.003,54.960,0.002,54.988,0.002,28.292,0.004,28.288,0.004,28.288,0.004,28.288,0.004,26.471,0.015,27.169,0.013,26.350,0.015,26.381,0.015,26.490,0.015,28.613,0.015,23.679,0.101,28.065,0.261
255008,15.001,0.001,55.090,0.003,55.106,0.003,54.960,0.002,54.988,0.002,28.292,0.004,28.288,0.004,28.290,0.004,28.290,0.004,26.473,0.015,27.170,0.013,26.351,0.015,26.382,0.015,26.490,0.015,28.613,0.015,23.602,0.101,28.062,0.261
256008,15.000,0.001,55.094,0.003,55.106,0.003,54.962,0.002,54.988,0.002,28.292,0.004,28.286,0.004,28.288,0.004,28.290,0.004,26.472,0.015,27.171,0.013,26.350,0.015,26.382,0.015,26.490,0.015,28.613,0.016,23.631,0.100,28.063,0.261
257008,14.999,0.001,55.096,0.003,55.104,0.003,54.960,0.002,54.988,0.002,28.292,0.004,28.288,0.004,28.290,0.004,28.290,0.004,26.473,0.015,27.171,0.013,26.351,0.015,26.381,0.015,26.491,0.015,28.612,0.016,23.624,0.100,28.066,0.261
258008,14.999,0.001,55.094,0.003,55.106,0.003,54.958,0.002,54.988,0.002,28.292,0.004,28.288,0.004,28.290,0.004,28.290,0.004,26.473,0.015,27.171,0.013,26.352,0.015,26.383,0.015,26.492,0.015,28.612,0.016,23.752,0.100,28.066,0.261
259008,15.001,0.001,55.094,0.003,55.106,0.003,54.958,0.002,54.988,0.002,28.292,0.004,28.288,0.004,28.290,0.004,28.290,0.004,26.473,0.015,27.172,0.013,26.352,0.015,26.383,0.015,26.492,0.015,28.612,0.016,23.762,0.100,28.084,0.261
260008,15.000,0.001,55.092,0.003,55.106,0.003,54.960,0.002,54.988,0.002,28.292,0.004,28.288,0.004,28.288,0.004,28.288,0.004,26.474,0.015,27.172,0.013,26.352,0.015,26.383,0.015,26.491,0.015,28.612,0.016,23.821,0.102,28.090,0.260
261008,14.998,0.001,55.092,0.003,55.106,0.003,54.960,0.002,54.988,0.002,28.292,0.004,28.288,0.004,28.290,0.004,28.290,0.004,26.474,0.015,27.172,0.013,26.353,0.015,26.384,0.015,26.492,0.015,28.613,0.016,23.531,0.102,28.092,0.259
262008,14.999,0.001,55.090,0.003,55.104,0.003,54.960,0.002,54.988,0.002,28.294,0.004,28.288,0.004,28.288,0.004,28.288,0.004,26.476,0.015,27.172,0.013,26.353,0.015,26.384,0.015,26.492,0.015,28.613,0.016,23.535,0.102,28.077,0.257
