MS Elapsed,Bolo T,stddev,BB HBB Top,stddev,BB HBB Bottom,stddev,BB HBB Apex,stddev,BB HBB Avg,stddev,BB ABB Top,stddev,BB ABB Bottom,stddev,BB ABB Apex,stddev,BB ABB Avg,stddev,T Ch0,stddev,T Ch1,stddev,T Ch2,stddev,T Ch3,stddev,T Ch4,stddev,T Ch5,stddev,T Ch6,stddev,RH% Ch7,stddev
0,15.000,0.001,55.098,0.002,55.114,0.002,54.970,0.002,54.996,0.002,28.128,0.007,28.124,0.007,28.122,0.006,28.124,0.006,25.929,0.021,26.674,0.020,25.806,0.021,25.852,0.021,25.956,0.021,28.696,0.026,23.778,0.142,27.495,0.294
1000,15.000,0.001,55.102,0.002,55.112,0.002,54.966,0.002,54.994,0.002,28.128,0.007,28.122,0.007,28.124,0.006,28.124,0.006,25.929,0.021,26.674,0.020,25.806,0.021,25.852,0.021,25.956,0.021,28.696,0.026,23.778,0.142,27.495,0.294
2000,14.999,0.001,55.098,0.002,55.112,0.002,54.968,0.002,54.996,0.002,28.128,0.007,28.122,0.007,28.124,0.006,28.124,0.006,25.930,0.021,26.674,0.020,25.806,0.021,25.852,0.021,25.957,0.021,28.696,0.026,23.695,0.142,27.468,0.299
3000,15.000,0.001,55.100,0.002,55.114,0.002,54.970,0.002,54.996,0.002,28.130,0.007,28.124,0.007,28.122,0.006,28.124,0.006,25.931,0.021,26.674,0.020,25.806,0.021,25.853,0.021,25.957,0.021,28.697,0.026,23.708,0.142,27.472,0.304
4000,15.000,0.001,55.100,0.002,55.114,0.002,54.970,0.002,54.996,0.002,28.130,0.007,28.124,0.007,28.124,0.006,28.124,0.006,25.932,0.021,26.675,0.020,25.807,0.021,25.853,0.021,25.959,0.021,28.696,0.025,23.694,0.141,27.477,0.309
5000,15.000,0.001,55.102,0.002,55.112,0.002,54.968,0.002,54.996,0.002,28.130,0.007,28.124,0.007,28.124,0.006,28.124,0.006,25.933,0.021,26.676,0.020,25.808,0.021,25.855,0.021,25.958,0.021,28.695,0.025,23.703,0.141,27.491,0.312
6000,15.000,0.001,55.100,0.002,55.114,0.002,54.968,0.002,54.996,0.002,28.130,0.007,28.122,0.007,28.124,0.006,28.124,0.006,25.934,0.021,26.676,0.020,25.808,0.020,25.854,0.021,25.959,0.021,28.694,0.024,23.647,0.141,27.503,0.315
7000,15.001,0.001,55.102,0.003,55.112,0.002,54.970,0.002,54.998,0.002,28.130,0.007,28.124,0.007,28.124,0.006,28.124,0.006,25.933,0.021,26.677,0.020,25.810,0.021,25.856,0.021,25.960,0.021,28.694,0.024,23.634,0.140,27.523,0.316
8000,15.001,0.001,55.100,0.003,55.114,0.002,54.966,0.002,54.994,0.002,28.130,0.007,28.124,0.007,28.124,0.006,28.124,0.006,25.933,0.021,26.677,0.020,25.809,0.020,25.857,0.021,25.961,0.021,28.694,0.024,23.650,0.137,27.547,0.317
9000,15.000,0.001,55.100,0.003,55.114,0.002,54.968,0.002,54.996,0.002,28.130,0.007,28.124,0.007,28.126,0.006,28.126,0.006,25.935,0.021,26.678,0.020,25.811,0.021,25.857,0.021,25.961,0.021,28.695,0.023,23.679,0.136,27.584,0.316
10000,14.999,0.001,55.100,0.003,55.114,0.002,54.968,0.002,54.996,0.002,28.130,0.007,28.124,0.007,28.124,0.006,28.126,0.006,25.937,0.021,26.679,0.020,25.810,0.020,25.857,0.021,25.962,0.021,28.696,0.023,23.601,0.134,27.610,0.315
11000,15.000,0.001,55.102,0.003,55.114,0.002,54.968,0.002,54.996,0.002,28.130,0.007,28.124,0.007,28.126,0.006,28.126,0.006,25.936,0.021,26.680,0.020,25.812,0.020,25.858,0.021,25.962,0.021,28.696,0.023,23.543,0.133,27.655,0.313
12000,15.000,0.001,55.102,0.003,55.116,0.002,54.968,0.002,54.996,0.002,28.130,0.007,28.124,0.007,28.126,0.006,28.126,0.006,25.937,0.021,26.682,0.020,25.812,0.021,25.859,0.021,25.963,0.021,28.693,0.022,23.654,0.126,27.673,0.311
13000,15.000,0.001,55.100,0.003,55.112,0.002,54.970,0.002,54.998,0.002,28.132,0.007,28.126,0.007,28.126,0.006,28.126,0.006,25.937,0.021,26.681,0.020,25.812,0.021,25.858,0.021,25.964,0.021,28.689,0.022,23.724,0.118,27.673,0.308
14000,15.000,0.001,55.098,0.003,55.114,0.002,54.968,0.002,54.996,0.002,28.132,0.007,28.124,0.007,28.126,0.006,28.126,0.006,25.939,0.021,26.681,0.020,25.814,0.021,25.860,0.021,25.965,0.021,28.687,0.022,23.726,0.109,27.667,0.305
15000,14.999,0.001,55.100,0.003,55.114,0.002,54.970,0.002,54.998,0.002,28.130,0.007,28.124,0.006,28.126,0.006,28.126,0.006,25.938,0.021,26.682,0.020,25.813,0.021,25.859,0.021,25.965,0.021,28.685,0.021,23.688,0.094,27.656,0.303
16000,15.000,0.001,55.102,0.003,55.112,0.002,54.968,0.002,54.996,0.002,28.132,0.007,28.126,0.007,28.126,0.006,28.126,0.006,25.939,0.021,26.683,0.021,25.815,0.021,25.860,0.021,25.966,0.021,28.684,0.021,23.683,0.088,27.637,0.301
17000,15.001,0.001,55.100,0.003,55.114,0.002,54.968,0.002,54.996,0.002,28.132,0.007,28.124,0.006,28.126,0.006,28.126,0.006,25.940,0.021,26.684,0.021,25.815,0.021,25.861,0.021,25.966,0.021,28.682,0.020,23.681,0.084,27.614,0.299
18000,15.002,0.001,55.100,0.003,55.112,0.002,54.968,0.002,54.996,0.002,28.132,0.007,28.126,0.006,28.128,0.006,28.128,0.006,25.940,0.021,26.685,0.021,25.816,0.021,25.861,0.021,25.966,0.021,28.680,0.020,23.644,0.084,27.590,0.298
19000,15.001,0.001,55.100,0.003,55.114,0.002,54.968,0.002,54.994,0.002,28.132,0.007,28.126,0.006,28.126,0.006,28.128,0.006,25.941,0.021,26.686,0.021,25.816,0.021,25.862,0.021,25.967,0.021,28.678,0.019,23.672,0.084,27.596,0.298
20000,15.000,0.001,55.100,0.003,55.114,0.002,54.970,0.002,54.998,0.002,28.132,0.007,28.126,0.006,28.126,0.006,28.128,0.006,25.941,0.021,26.685,0.021,25.817,0.021,25.864,0.021,25.968,0.021,28.677,0.019,23.678,0.080,27.605,0.297
21000,15.000,0.001,55.102,0.003,55.116,0.002,54.970,0.002,54.998,0.002,28.132,0.007,28.126,0.006,28.126,0.006,28.128,0.006,25.942,0.021,26.687,0.021,25.817,0.021,25.863,0.021,25.968,0.021,28.675,0.019,23.752,0.079,27.622,0.297
22000,15.002,0.001,55.102,0.003,55.112,0.002,54.970,0.002,54.998,0.002,28.132,0.007,28.126,0.006,28.128,0.006,28.128,0.006,25.943,0.021,26.688,0.021,25.819,0.021,25.864,0.021,25.969,0.021,28.674,0.018,23.621,0.079,27.644,0.297
23000,15.000,0.001,55.100,0.003,55.116,0.002,54.970,0.002,54.996,0.002,28.132,0.007,28.126,0.006,28.126,0.006,28.128,0.006,25.944,0.021,26.687,0.021,25.819,0.021,25.864,0.021,25.969,0.021,28.673,0.018,23.670,0.079,27.670,0.297
24000,15.000,0.001,55.104,0.003,55.114,0.002,54.968,0.002,54.996,0.002,28.132,0.007,28.126,0.006,28.128,0.006,28.128,0.006,25.943,0.021,26.689,0.021,25.820,0.021,25.865,0.021,25.969,0.021,28.671,0.018,23.684,0.079,27.688,0.298
25000,15.000,0.001,55.100,0.003,55.112,0.002,54.968,0.002,54.996,0.002,28.134,0.007,28.126,0.006,28.128,0.006,28.128,0.006,25.945,0.021,26.689,0.021,25.820,0.021,25.866,0.021,25.970,0.021,28.669,0.017,23.653,0.079,27.699,0.298
26000,15.000,0.001,55.100,0.003,55.112,0.002,54.968,0.002,54.996,0.002,28.134,0.007,28.126,0.006,28.128,0.006,28.128,0.006,25.944,0.021,26.689,0.021,25.820,0.021,25.867,0.021,25.971,0.021,28.668,0.017,23.761,0.079,27.708,0.299
27000,15.002,0.001,55.100,0.003,55.114,0.002,54.970,0.002,54.998,0.002,28.134,0.007,28.128,0.006,28.128,0.006,28.128,0.006,25.945,0.021,26.690,0.021,25.822,0.021,25.867,0.021,25.972,0.021,28.667,0.017,23.774,0.079,27.718,0.299
28000,14.999,0.001,55.100,0.003,55.110,0.002,54.970,0.002,54.998,0.002,28.134,0.007,28.128,0.006,28.128,0.006,28.128,0.006,25.946,0.021,26.690,0.021,25.822,0.021,25.867,0.021,25.972,0.021,28.665,0.017,23.753,0.079,27.729,0.300
29001,15.002,0.001,55.102,0.002,55.116,0.002,54.970,0.002,54.998,0.002,28.134,0.007,28.128,0.006,28.128,0.006,28.128,0.006,25.947,0.021,26.692,0.021,25.822,0.021,25.869,0.021,25.972,0.021,28.663,0.016,23.752,0.079,27.737,0.300
30001,15.000,0.001,55.100,0.002,55.114,0.002,54.970,0.002,54.996,0.002,28.134,0.007,28.128,0.006,28.128,0.006,28.130,0.006,25.948,0.021,26.693,0.021,25.822,0.021,25.869,0.021,25.973,0.021,28.663,0.016,23.823,0.080,27.747,0.300
31001,15.000,0.001,55.102,0.002,55.116,0.002,54.968,0.002,54.996,0.002,28.134,0.007,28.128,0.006,28.128,0.006,28.130,0.006,25.949,0.021,26.693,0.021,25.824,0.021,25.869,0.021,25.974,0.021,28.662,0.016,23.983,0.084,27.755,0.300
32001,15.000,0.001,55.100,0.002,55.114,0.002,54.970,0.002,54.998,0.002,28.134,0.007,28.128,0.006,28.128,0.006,28.130,0.006,25.948,0.021,26.693,0.021,25.824,0.021,25.870,0.021,25.975,0.021,28.660,0.016,23.873,0.085,27.754,0.300
33001,14.999,0.001,55.100,0.002,55.116,0.002,54.970,0.002,54.998,0.002,28.134,0.007,28.128,0.006,28.128,0.006,28.130,0.006,25.949,0.021,26.694,0.021,25.824,0.021,25.870,0.020,25.974,0.021,28.659,0.016,23.819,0.085,27.763,0.300
34001,15.000,0.001,55.102,0.002,55.114,0.002,54.966,0.002,54.996,0.002,28.136,0.007,28.128,0.006,28.130,0.006,28.130,0.006,25.951,0.021,26.695,0.021,25.825,0.021,25.871,0.020,25.975,0.021,28.657,0.016,23.785,0.085,27.783,0.300
35001,15.000,0.001,55.102,0.002,55.114,0.002,54.970,0.002,54.998,0.002,28.134,0.007,28.128,0.006,28.130,0.006,28.130,0.006,25.950,0.021,26.695,0.021,25.826,0.021,25.871,0.020,25.976,0.021,28.656,0.016,23.774,0.085,27.800,0.300
36001,15.000,0.001,55.100,0.002,55.112,0.002,54.974,0.002,55.000,0.002,28.134,0.007,28.128,0.006,28.130,0.006,28.130,0.006,25.951,0.021,26.697,0.021,25.826,0.021,25.872,0.020,25.977,0.021,28.655,0.016,23.757,0.084,27.818,0.300
37001,14.999,0.001,55.100,0.002,55.116,0.002,54.970,0.002,54.996,0.002,28.136,0.007,28.130,0.006,28.130,0.006,28.130,0.006,25.951,0.021,26.697,0.021,25.826,0.021,25.872,0.020,25.978,0.021,28.654,0.016,23.729,0.083,27.880,0.300
38001,14.999,0.001,55.104,0.002,55.116,0.002,54.968,0.002,54.996,0.002,28.136,0.007,28.130,0.006,28.130,0.006,28.130,0.006,25.952,0.021,26.697,0.021,25.827,0.021,25.874,0.020,25.978,0.021,28.655,0.016,23.719,0.083,27.959,0.300
39001,14.999,0.001,55.100,0.002,55.114,0.002,54.970,0.002,54.998,0.002,28.136,0.007,28.130,0.006,28.130,0.006,28.130,0.006,25.952,0.021,26.697,0.021,25.828,0.020,25.873,0.020,25.979,0.020,28.652,0.016,23.742,0.081,28.007,0.301
40001,14.999,0.001,55.102,0.002,55.116,0.002,54.970,0.002,54.998,0.002,28.136,0.007,28.130,0.006,28.130,0.006,28.132,0.006,25.952,0.020,26.698,0.022,25.829,0.020,25.875,0.020,25.979,0.020,28.650,0.016,23.719,0.078,28.033,0.302
41001,15.000,0.001,55.100,0.002,55.116,0.002,54.972,0.002,55.000,0.002,28.136,0.007,28.130,0.006,28.130,0.006,28.132,0.006,25.955,0.021,26.698,0.022,25.829,0.020,25.875,0.020,25.980,0.020,28.651,0.017,23.646,0.076,28.047,0.304
42001,15.000,0.001,55.100,0.002,55.114,0.002,54.970,0.002,54.998,0.002,28.136,0.007,28.130,0.006,28.130,0.006,28.132,0.006,25.953,0.020,26.699,0.022,25.830,0.020,25.876,0.020,25.980,0.020,28.649,0.017,23.663,0.074,28.052,0.305
43001,15.000,0.001,55.104,0.002,55.116,0.002,54.970,0.002,54.998,0.002,28.136,0.007,28.130,0.006,28.132,0.006,28.132,0.006,25.956,0.021,26.701,0.022,25.831,0.020,25.877,0.020,25.981,0.020,28.646,0.017,23.798,0.072,28.067,0.306
44001,15.001,0.001,55.104,0.003,55.114,0.002,54.970,0.002,54.998,0.002,28.136,0.007,28.130,0.006,28.132,0.006,28.132,0.006,25.956,0.021,26.701,0.022,25.832,0.021,25.877,0.020,25.981,0.020,28.644,0.017,23.670,0.071,28.068,0.308
45001,15.001,0.001,55.102,0.002,55.114,0.002,54.968,0.002,54.996,0.002,28.136,0.007,28.130,0.006,28.132,0.006,28.132,0.007,25.957,0.021,26.702,0.022,25.831,0.020,25.877,0.020,25.982,0.020,28.643,0.018,23.750,0.070,28.084,0.309
46001,15.000,0.001,55.100,0.002,55.116,0.002,54.972,0.002,54.998,0.002,28.136,0.007,28.132,0.006,28.132,0.006,28.132,0.007,25.957,0.021,26.702,0.022,25.832,0.020,25.878,0.020,25.984,0.020,28.642,0.018,23.789,0.068,28.096,0.310
47001,15.001,0.001,55.100,0.002,55.116,0.002,54.972,0.002,54.998,0.002,28.138,0.007,28.130,0.006,28.132,0.006,28.132,0.007,25.957,0.021,26.702,0.022,25.833,0.020,25.878,0.020,25.983,0.020,28.640,0.018,23.807,0.066,28.111,0.312
48001,15.001,0.001,55.102,0.002,55.116,0.002,54.970,0.002,54.998,0.002,28.138,0.007,28.130,0.006,28.132,0.006,28.132,0.006,25.958,0.021,26.703,0.022,25.834,0.020,25.880,0.020,25.983,0.020,28.639,0.018,23.752,0.064,28.122,0.313
49001,15.000,0.001,55.104,0.002,55.114,0.002,54.970,0.002,54.998,0.002,28.136,0.006,28.130,0.006,28.132,0.006,28.132,0.006,25.958,0.021,26.704,0.022,25.833,0.020,25.879,0.020,25.984,0.020,28.636,0.019,23.827,0.065,28.137,0.315
50001,15.001,0.001,55.102,0.002,55.114,0.002,54.970,0.002,54.998,0.002,28.138,0.007,28.132,0.006,28.132,0.006,28.132,0.006,25.959,0.020,26.705,0.022,25.835,0.020,25.880,0.020,25.984,0.020,28.636,0.019,23.722,0.065,28.151,0.318
51001,15.001,0.001,55.102,0.002,55.114,0.002,54.972,0.002,54.998,0.002,28.138,0.006,28.132,0.006,28.132,0.006,28.132,0.006,25.960,0.021,26.704,0.022,25.835,0.020,25.881,0.020,25.985,0.020,28.634,0.020,23.767,0.065,28.161,0.319
52001,15.000,0.001,55.104,0.002,55.116,0.002,54.970,0.002,54.998,0.002,28.138,0.006,28.132,0.006,28.132,0.006,28.134,0.006,25.959,0.020,26.706,0.022,25.836,0.020,25.882,0.020,25.986,0.020,28.633,0.020,23.758,0.064,28.170,0.321
53001,15.000,0.001,55.100,0.002,55.116,0.002,54.972,0.002,54.998,0.002,28.138,0.006,28.132,0.006,28.134,0.006,28.134,0.006,25.960,0.020,26.707,0.022,25.837,0.020,25.882,0.020,25.986,0.020,28.633,0.020,23.736,0.064,28.180,0.323
54001,15.000,0.001,55.102,0.002,55.118,0.003,54.970,0.002,54.998,0.002,28.138,0.006,28.132,0.006,28.132,0.006,28.134,0.006,25.961,0.020,26.706,0.022,25.837,0.020,25.883,0.020,25.987,0.020,28.633,0.021,23.755,0.064,28.182,0.324
55001,15.000,0.001,55.104,0.002,55.118,0.003,54.972,0.002,55.000,0.002,28.138,0.006,28.132,0.006,28.132,0.006,28.134,0.006,25.962,0.020,26.707,0.022,25.837,0.020,25.884,0.020,25.987,0.020,28.633,0.021,23.752,0.064,28.190,0.325
56001,15.000,0.001,55.104,0.002,55.116,0.003,54.972,0.002,55.000,0.002,28.138,0.006,28.132,0.006,28.134,0.007,28.134,0.006,25.962,0.020,26.708,0.022,25.839,0.020,25.883,0.020,25.988,0.020,28.633,0.022,23.826,0.065,28.204,0.327
57001,15.000,0.001,55.104,0.002,55.118,0.003,54.970,0.002,54.998,0.002,28.140,0.006,28.132,0.006,28.134,0.007,28.134,0.006,25.963,0.020,26.709,0.022,25.838,0.020,25.885,0.020,25.990,0.020,28.633,0.022,23.798,0.065,28.214,0.328
58002,15.000,0.001,55.102,0.002,55.114,0.003,54.970,0.002,54.998,0.002,28.140,0.006,28.134,0.006,28.134,0.007,28.134,0.006,25.964,0.020,26.708,0.022,25.840,0.020,25.885,0.020,25.989,0.020,28.633,0.022,23.809,0.065,28.225,0.330
59002,15.000,0.001,55.104,0.002,55.118,0.003,54.974,0.002,55.002,0.002,28.140,0.007,28.134,0.006,28.134,0.006,28.136,0.007,25.965,0.020,26.711,0.022,25.840,0.020,25.886,0.020,25.990,0.020,28.632,0.023,23.781,0.065,28.231,0.332
60002,15.001,0.001,55.104,0.002,55.116,0.003,54.970,0.002,54.998,0.002,28.140,0.007,28.132,0.006,28.134,0.006,28.134,0.006,25.966,0.021,26.710,0.022,25.840,0.020,25.886,0.020,25.990,0.020,28.632,0.023,23.788,0.065,28.233,0.333
61002,15.001,0.001,55.102,0.002,55.114,0.003,54.972,0.002,55.000,0.002,28.140,0.007,28.134,0.006,28.134,0.006,28.134,0.006,25.966,0.020,26.712,0.022,25.841,0.020,25.887,0.020,25.991,0.020,28.631,0.023,23.784,0.065,28.221,0.335
62002,15.000,0.001,55.102,0.002,55.116,0.003,54.972,0.002,55.000,0.002,28.140,0.007,28.134,0.006,28.134,0.007,28.136,0.007,25.966,0.020,26.713,0.022,25.842,0.020,25.887,0.020,25.991,0.020,28.632,0.024,23.751,0.065,28.218,0.336
63002,15.001,0.001,55.104,0.002,55.116,0.003,54.974,0.002,55.002,0.002,28.140,0.007,28.134,0.006,28.134,0.006,28.136,0.007,25.968,0.020,26.712,0.022,25.842,0.020,25.888,0.020,25.992,0.020,28.630,0.024,23.716,0.065,28.217,0.337
64002,15.001,0.001,55.102,0.002,55.118,0.003,54.972,0.002,55.000,0.002,28.140,0.007,28.134,0.006,28.136,0.007,28.136,0.007,25.968,0.021,26.713,0.022,25.843,0.020,25.888,0.020,25.993,0.020,28.631,0.024,23.740,0.065,28.198,0.338
65002,14.999,0.001,55.104,0.002,55.116,0.003,54.970,0.002,54.998,0.002,28.140,0.007,28.134,0.006,28.134,0.006,28.136,0.007,25.969,0.021,26.714,0.022,25.843,0.020,25.888,0.020,25.993,0.020,28.630,0.025,23.838,0.065,28.192,0.339
66002,14.999,0.001,55.104,0.002,55.118,0.003,54.970,0.002,54.998,0.002,28.140,0.007,28.134,0.006,28.134,0.006,28.136,0.007,25.969,0.020,26.715,0.022,25.844,0.020,25.889,0.020,25.995,0.020,28.629,0.025,23.805,0.065,28.206,0.341
67002,14.999,0.001,55.104,0.002,55.118,0.003,54.972,0.002,55.000,0.002,28.140,0.007,28.134,0.006,28.136,0.006,28.136,0.007,25.969,0.021,26.715,0.022,25.845,0.020,25.890,0.020,25.995,0.020,28.627,0.025,23.794,0.066,28.189,0.342
68002,14.999,0.001,55.104,0.002,55.116,0.003,54.972,0.002,55.000,0.002,28.140,0.007,28.134,0.006,28.136,0.006,28.136,0.007,25.970,0.021,26.715,0.022,25.845,0.021,25.891,0.020,25.995,0.020,28.626,0.026,23.818,0.066,28.200,0.344
69002,15.000,0.001,55.102,0.002,55.114,0.003,54.972,0.002,55.000,0.002,28.140,0.006,28.136,0.006,28.136,0.006,28.136,0.007,25.970,0.021,26.717,0.022,25.845,0.020,25.891,0.020,25.996,0.020,28.625,0.026,23.751,0.066,28.218,0.346
70002,15.000,0.001,55.104,0.002,55.114,0.003,54.972,0.002,55.000,0.002,28.142,0.006,28.134,0.006,28.136,0.006,28.136,0.007,25.971,0.021,26.717,0.022,25.846,0.020,25.892,0.020,25.997,0.020,28.623,0.027,23.766,0.065,28.228,0.349
71002,15.000,0.001,55.102,0.002,55.118,0.003,54.974,0.002,55.000,0.002,28.142,0.006,28.136,0.006,28.136,0.006,28.136,0.007,25.972,0.021,26.718,0.022,25.847,0.020,25.892,0.020,25.997,0.020,28.621,0.027,23.801,0.065,28.233,0.352
72002,15.000,0.001,55.106,0.002,55.116,0.003,54.972,0.002,55.000,0.002,28.142,0.006,28.136,0.006,28.136,0.006,28.136,0.006,25.972,0.021,26.717,0.022,25.847,0.020,25.892,0.020,25.998,0.020,28.620,0.028,23.786,0.064,28.237,0.356
73002,15.000,0.001,55.102,0.002,55.118,0.003,54.972,0.002,55.000,0.002,28.142,0.006,28.136,0.006,28.136,0.006,28.136,0.006,25.973,0.021,26.718,0.022,25.848,0.020,25.893,0.020,25.998,0.020,28.619,0.028,23.784,0.063,28.209,0.359
74002,15.000,0.001,55.104,0.002,55.116,0.003,54.972,0.002,55.000,0.002,28.142,0.006,28.136,0.006,28.136,0.006,28.138,0.007,25.973,0.021,26.718,0.022,25.848,0.020,25.893,0.020,25.998,0.020,28.619,0.028,23.784,0.063,28.209,0.359
75002,15.000,0.001,55.102,0.002,55.114,0.003,54.974,0.002,55.000,0.002,28.142,0.006,28.136,0.006,28.138,0.006,28.138,0.007,25.973,0.021,26.718,0.022,25.848,0.020,25.894,0.020,25.999,0.020,28.620,0.028,23.738,0.063,28.175,0.361
76002,15.001,0.001,55.106,0.002,55.118,0.003,54.972,0.002,55.000,0.002,28.144,0.007,28.138,0.006,28.136,0.006,28.138,0.007,25.975,0.021,26.719,0.022,25.849,0.020,25.895,0.020,25.999,0.020,28.621,0.029,23.755,0.063,28.160,0.363
77002,15.000,0.001,55.104,0.002,55.118,0.002,54.974,0.002,55.002,0.002,28.142,0.006,28.136,0.006,28.138,0.006,28.138,0.007,25.975,0.021,26.721,0.022,25.850,0.020,25.895,0.020,25.999,0.020,28.622,0.029,23.791,0.063,28.151,0.365
78002,15.000,0.001,55.102,0.002,55.118,0.002,54.972,0.002,55.000,0.002,28.142,0.006,28.138,0.006,28.136,0.006,28.138,0.007,25.974,0.021,26.721,0.022,25.850,0.020,25.896,0.020,26.000,0.020,28.622,0.029,23.840,0.064,28.149,0.367
79002,15.000,0.001,55.106,0.002,55.116,0.002,54.972,0.002,55.000,0.002,28.142,0.006,28.138,0.006,28.138,0.006,28.138,0.007,25.976,0.021,26.722,0.022,25.851,0.020,25.896,0.020,26.000,0.020,28.622,0.030,23.846,0.064,28.151,0.370
80002,15.000,0.001,55.108,0.002,55.118,0.002,54.972,0.002,55.000,0.002,28.144,0.006,28.138,0.006,28.138,0.007,28.138,0.007,25.976,0.021,26.722,0.022,25.851,0.020,25.897,0.020,26.000,0.020,28.622,0.030,23.810,0.064,28.160,0.372
81002,15.000,0.001,55.104,0.002,55.118,0.002,54.972,0.002,55.000,0.002,28.144,0.007,28.138,0.006,28.138,0.007,28.138,0.007,25.977,0.020,26.724,0.022,25.851,0.020,25.898,0.020,26.001,0.020,28.623,0.030,23.767,0.064,28.169,0.374
82002,15.000,0.001,55.102,0.002,55.118,0.002,54.972,0.002,54.998,0.002,28.144,0.007,28.138,0.006,28.138,0.007,28.140,0.007,25.978,0.020,26.724,0.022,25.853,0.020,25.898,0.020,26.002,0.020,28.623,0.031,23.749,0.064,28.178,0.377
83002,15.000,0.001,55.104,0.002,55.116,0.002,54.972,0.002,55.000,0.002,28.144,0.007,28.138,0.006,28.138,0.007,28.140,0.007,25.979,0.021,26.725,0.022,25.854,0.020,25.899,0.020,26.004,0.020,28.621,0.031,23.737,0.063,28.174,0.379
84002,15.000,0.001,55.106,0.002,55.114,0.002,54.974,0.002,55.000,0.002,28.144,0.007,28.138,0.007,28.138,0.006,28.140,0.007,25.978,0.020,26.725,0.022,25.855,0.020,25.899,0.020,26.003,0.020,28.621,0.031,23.697,0.063,28.161,0.381
85002,15.000,0.001,55.106,0.002,55.114,0.002,54.970,0.002,54.998,0.002,28.144,0.007,28.138,0.007,28.140,0.007,28.140,0.007,25.979,0.021,26.725,0.022,25.855,0.020,25.900,0.020,26.004,0.020,28.620,0.031,23.692,0.063,28.150,0.383
86002,15.000,0.001,55.106,0.002,55.118,0.002,54.972,0.002,55.000,0.002,28.144,0.007,28.138,0.007,28.140,0.007,28.140,0.007,25.980,0.020,26.726,0.022,25.855,0.020,25.901,0.020,26.005,0.020,28.620,0.032,23.779,0.063,28.142,0.385
87003,15.001,0.001,55.106,0.002,55.118,0.002,54.974,0.002,55.002,0.002,28.144,0.007,28.140,0.007,28.140,0.007,28.140,0.007,25.980,0.021,26.726,0.022,25.855,0.020,25.901,0.020,26.004,0.020,28.618,0.032,23.804,0.063,28.133,0.386
88003,15.001,0.001,55.104,0.002,55.120,0.002,54.972,0.002,55.000,0.002,28.144,0.007,28.138,0.007,28.138,0.007,28.140,0.007,25.982,0.021,26.727,0.022,25.856,0.020,25.902,0.020,26.006,0.020,28.619,0.032,23.779,0.063,28.128,0.387
89003,15.002,0.001,55.106,0.002,55.116,0.002,54.972,0.002,55.000,0.002,28.144,0.007,28.138,0.007,28.140,0.007,28.140,0.007,25.982,0.020,26.727,0.022,25.856,0.020,25.902,0.020,26.007,0.020,28.618,0.032,23.801,0.063,28.105,0.389
90003,15.000,0.001,55.104,0.002,55.120,0.002,54.970,0.002,54.998,0.002,28.146,0.007,28.140,0.007,28.140,0.007,28.140,0.007,25.982,0.020,26.728,0.022,25.857,0.020,25.903,0.020,26.007,0.020,28.617,0.032,23.996,0.066,28.117,0.390
91003,15.000,0.001,55.104,0.002,55.116,0.002,54.970,0.002,54.998,0.002,28.144,0.006,28.140,0.007,28.140,0.007,28.140,0.007,25.983,0.020,26.728,0.022,25.857,0.020,25.903,0.020,26.007,0.020,28.617,0.033,23.713,0.066,28.123,0.391
92003,14.999,0.001,55.106,0.002,55.118,0.002,54.972,0.002,55.000,0.002,28.146,0.006,28.140,0.007,28.140,0.007,28.142,0.007,25.984,0.020,26.728,0.022,25.859,0.020,25.904,0.020,26.008,0.020,28.616,0.033,23.723,0.066,28.124,0.392
93003,15.000,0.001,55.106,0.002,55.114,0.002,54.972,0.002,55.000,0.002,28.146,0.006,28.140,0.007,28.140,0.007,28.140,0.007,25.985,0.021,26.729,0.022,25.859,0.020,25.905,0.020,26.009,0.020,28.615,0.033,23.691,0.066,28.134,0.393
94003,15.002,0.001,55.106,0.002,55.116,0.002,54.972,0.002,55.000,0.002,28.146,0.006,28.140,0.007,28.140,0.007,28.140,0.007,25.985,0.021,26.729,0.022,25.860,0.020,25.905,0.020,26.009,0.020,28.613,0.033,23.635,0.067,28.135,0.394
95003,14.999,0.001,55.104,0.002,55.116,0.002,54.974,0.002,55.002,0.002,28.146,0.006,28.140,0.007,28.140,0.007,28.142,0.007,25.985,0.021,26.730,0.022,25.860,0.020,25.906,0.020,26.010,0.020,28.611,0.033,23.689,0.067,28.141,0.395
96003,14.999,0.001,55.104,0.002,55.118,0.002,54.972,0.002,55.000,0.002,28.146,0.006,28.140,0.007,28.142,0.007,28.142,0.007,25.984,0.020,26.732,0.022,25.860,0.020,25.906,0.020,26.010,0.020,28.610,0.033,23.666,0.068,28.124,0.396
97003,15.000,0.001,55.104,0.002,55.118,0.002,54.974,0.002,55.002,0.002,28.146,0.006,28.142,0.007,28.140,0.007,28.142,0.007,25.987,0.020,26.731,0.022,25.863,0.020,25.907,0.020,26.011,0.020,28.609,0.033,23.672,0.068,28.128,0.398
98003,15.000,0.001,55.106,0.002,55.116,0.002,54.972,0.002,55.000,0.002,28.146,0.006,28.140,0.007,28.142,0.007,28.142,0.007,25.987,0.021,26.732,0.022,25.862,0.020,25.908,0.020,26.011,0.020,28.607,0.033,23.666,0.068,28.153,0.399
99003,15.000,0.001,55.106,0.002,55.116,0.002,54.972,0.002,55.000,0.002,28.146,0.006,28.140,0.007,28.142,0.007,28.142,0.007,25.988,0.021,26.733,0.022,25.862,0.020,25.908,0.020,26.012,0.020,28.606,0.033,23.637,0.069,28.167,0.400
100003,15.000,0.001,55.104,0.002,55.116,0.002,54.974,0.002,55.000,0.002,28.146,0.006,28.140,0.007,28.142,0.007,28.142,0.007,25.989,0.021,26.733,0.022,25.864,0.020,25.908,0.020,26.012,0.020,28.606,0.033,23.622,0.070,28.154,0.402
101003,15.000,0.001,55.104,0.002,55.120,0.002,54.974,0.002,55.002,0.002,28.146,0.006,28.140,0.007,28.142,0.007,28.142,0.007,25.988,0.021,26.733,0.022,25.864,0.020,25.909,0.020,26.013,0.020,28.603,0.033,23.641,0.070,28.124,0.403
102003,15.000,0.001,55.106,0.002,55.118,0.002,54.976,0.002,55.002,0.002,28.148,0.006,28.142,0.007,28.142,0.007,28.142,0.007,25.990,0.021,26.733,0.022,25.865,0.020,25.909,0.020,26.014,0.020,28.603,0.033,23.622,0.071,28.110,0.404
103003,15.000,0.001,55.106,0.002,55.118,0.002,54.974,0.002,55.002,0.002,28.148,0.006,28.140,0.007,28.142,0.007,28.142,0.007,25.990,0.020,26.734,0.021,25.866,0.020,25.910,0.020,26.014,0.020,28.602,0.033,23.607,0.072,28.092,0.404
104003,15.001,0.001,55.102,0.002,55.118,0.002,54.974,0.002,55.000,0.002,28.148,0.006,28.142,0.007,28.142,0.007,28.142,0.007,25.992,0.021,26.734,0.021,25.865,0.020,25.911,0.020,26.015,0.020,28.602,0.033,23.609,0.073,28.070,0.405
105003,15.000,0.001,55.104,0.002,55.118,0.002,54.972,0.002,55.000,0.002,28.148,0.006,28.142,0.007,28.142,0.007,28.144,0.007,25.990,0.021,26.735,0.021,25.866,0.020,25.911,0.020,26.016,0.020,28.603,0.033,23.608,0.074,28.051,0.405
106003,15.000,0.001,55.106,0.002,55.116,0.002,54.972,0.002,55.000,0.002,28.148,0.006,28.142,0.007,28.142,0.007,28.142,0.007,25.991,0.020,26.736,0.021,25.867,0.020,25.912,0.020,26.016,0.020,28.602,0.033,23.620,0.075,28.028,0.404
107003,15.000,0.001,55.104,0.002,55.118,0.002,54.976,0.002,55.002,0.002,28.148,0.006,28.142,0.007,28.144,0.007,28.144,0.007,25.992,0.020,26.737,0.021,25.868,0.020,25.913,0.020,26.017,0.020,28.604,0.033,23.629,0.076,28.006,0.404
108003,15.000,0.001,55.102,0.002,55.116,0.002,54.976,0.002,55.002,0.002,28.148,0.006,28.142,0.007,28.142,0.007,28.144,0.007,25.993,0.021,26.738,0.021,25.868,0.020,25.912,0.020,26.017,0.020,28.604,0.033,23.595,0.076,27.995,0.402
109003,15.000,0.001,55.104,0.002,55.120,0.002,54.974,0.002,55.002,0.002,28.148,0.006,28.142,0.007,28.144,0.007,28.144,0.007,25.994,0.020,26.737,0.021,25.869,0.020,25.912,0.020,26.017,0.020,28.603,0.033,23.620,0.077,27.978,0.401
110003,15.000,0.001,55.104,0.002,55.118,0.002,54.976,0.002,55.002,0.002,28.148,0.006,28.142,0.007,28.142,0.006,28.144,0.007,25.994,0.020,26.737,0.021,25.869,0.020,25.914,0.020,26.019,0.020,28.605,0.032,23.770,0.076,27.971,0.398
111003,14.999,0.001,55.102,0.002,55.116,0.002,54.972,0.002,55.000,0.002,28.148,0.006,28.142,0.007,28.144,0.006,28.144,0.007,25.995,0.020,26.739,0.021,25.870,0.020,25.914,0.020,26.019,0.020,28.604,0.032,23.727,0.075,27.963,0.396
112003,15.001,0.001,55.106,0.002,55.118,0.002,54.974,0.002,55.002,0.002,28.148,0.006,28.142,0.007,28.144,0.007,28.144,0.007,25.996,0.020,26.740,0.021,25.870,0.020,25.915,0.020,26.019,0.020,28.605,0.032,23.652,0.076,27.951,0.394
113003,15.004,0.001,55.108,0.002,55.114,0.002,54.974,0.002,55.002,0.002,28.148,0.006,28.142,0.007,28.144,0.007,28.144,0.007,25.996,0.021,26.740,0.021,25.870,0.020,25.915,0.020,26.020,0.020,28.605,0.032,23.651,0.075,27.943,0.392
114003,15.001,0.001,55.104,0.002,55.118,0.002,54.972,0.002,55.000,0.002,28.148,0.006,28.142,0.007,28.144,0.007,28.144,0.007,25.996,0.021,26.740,0.021,25.871,0.020,25.917,0.020,26.020,0.020,28.606,0.032,23.595,0.076,27.934,0.391
115003,14.999,0.001,55.106,0.002,55.118,0.002,54.974,0.002,55.002,0.002,28.150,0.006,28.144,0.007,28.144,0.007,28.144,0.007,25.997,0.021,26.740,0.021,25.872,0.020,25.917,0.020,26.021,0.020,28.607,0.031,23.605,0.077,27.938,0.389
116004,15.000,0.001,55.100,0.002,55.118,0.002,54.972,0.002,55.000,0.002,28.150,0.006,28.144,0.007,28.144,0.007,28.146,0.007,25.998,0.021,26.741,0.021,25.872,0.020,25.918,0.020,26.023,0.020,28.607,0.031,23.602,0.077,27.944,0.387
117004,15.000,0.001,55.106,0.002,55.116,0.002,54.974,0.002,55.002,0.002,28.150,0.006,28.144,0.007,28.144,0.007,28.144,0.007,25.997,0.021,26.742,0.021,25.873,0.020,25.917,0.020,26.023,0.020,28.608,0.031,23.686,0.077,27.945,0.385
118004,15.000,0.001,55.106,0.002,55.118,0.002,54.974,0.002,55.002,0.002,28.150,0.006,28.144,0.007,28.146,0.007,28.146,0.007,25.998,0.021,26.742,0.021,25.874,0.020,25.919,0.020,26.022,0.020,28.608,0.031,23.569,0.078,27.952,0.382
119004,14.999,0.001,55.106,0.002,55.118,0.002,54.976,0.002,55.002,0.002,28.150,0.006,28.144,0.007,28.144,0.007,28.146,0.007,25.999,0.021,26.743,0.021,25.874,0.020,25.918,0.020,26.023,0.020,28.609,0.030,23.604,0.079,27.946,0.379
120004,14.999,0.001,55.104,0.002,55.120,0.002,54.974,0.002,55.000,0.002,28.150,0.006,28.144,0.007,28.144,0.007,28.144,0.007,25.999,0.020,26.742,0.021,25.875,0.020,25.920,0.020,26.024,0.020,28.610,0.030,23.692,0.079,27.942,0.374
121004,15.000,0.001,55.106,0.002,55.118,0.002,54.974,0.002,55.002,0.002,28.150,0.006,28.144,0.007,28.146,0.007,28.146,0.007,26.000,0.020,26.743,0.021,25.876,0.020,25.920,0.020,26.025,0.020,28.611,0.030,23.638,0.079,27.929,0.369
122004,15.000,0.001,55.104,0.002,55.120,0.002,54.972,0.002,55.000,0.002,28.150,0.006,28.144,0.007,28.144,0.006,28.146,0.007,26.002,0.020,26.745,0.021,25.876,0.020,25.921,0.020,26.025,0.020,28.613,0.029,23.679,0.079,27.933,0.363
123004,15.000,0.001,55.106,0.002,55.118,0.002,54.976,0.002,55.004,0.002,28.150,0.006,28.144,0.007,28.146,0.007,28.146,0.007,26.002,0.020,26.745,0.021,25.876,0.020,25.920,0.020,26.026,0.020,28.614,0.029,23.616,0.080,27.947,0.355
124004,15.000,0.001,55.104,0.002,55.116,0.002,54.974,0.002,55.002,0.002,28.152,0.006,28.146,0.007,28.146,0.007,28.146,0.007,26.002,0.020,26.745,0.020,25.877,0.020,25.921,0.020,26.028,0.020,28.617,0.029,23.650,0.080,27.962,0.348
125004,15.000,0.001,55.102,0.002,55.118,0.002,54.976,0.002,55.002,0.002,28.152,0.006,28.146,0.007,28.146,0.006,28.146,0.007,26.003,0.020,26.746,0.020,25.878,0.020,25.922,0.020,26.027,0.020,28.618,0.028,23.714,0.080,27.976,0.340
126004,15.001,0.001,55.104,0.002,55.118,0.002,54.974,0.002,55.002,0.002,28.152,0.006,28.146,0.007,28.146,0.006,28.146,0.006,26.003,0.020,26.747,0.020,25.878,0.020,25.923,0.020,26.028,0.020,28.620,0.028,23.672,0.080,27.993,0.332
127004,15.000,0.001,55.104,0.002,55.120,0.002,54.974,0.002,55.002,0.002,28.150,0.006,28.146,0.007,28.146,0.006,28.146,0.006,26.003,0.020,26.746,0.020,25.880,0.020,25.924,0.020,26.028,0.020,28.622,0.027,23.668,0.080,27.998,0.325
128004,15.002,0.001,55.106,0.002,55.122,0.002,54.974,0.002,55.002,0.002,28.152,0.006,28.146,0.007,28.146,0.006,28.146,0.006,26.005,0.020,26.748,0.020,25.879,0.020,25.924,0.020,26.029,0.020,28.623,0.027,23.741,0.080,28.028,0.317
129004,15.001,0.001,55.106,0.002,55.118,0.002,54.974,0.002,55.002,0.002,28.152,0.006,28.146,0.007,28.146,0.006,28.146,0.006,26.005,0.020,26.749,0.020,25.881,0.020,25.924,0.020,26.029,0.020,28.623,0.026,23.764,0.079,28.040,0.311
130004,15.000,0.001,55.106,0.002,55.120,0.002,54.974,0.002,55.002,0.002,28.152,0.006,28.146,0.007,28.148,0.006,28.148,0.006,26.005,0.020,26.748,0.020,25.881,0.020,25.926,0.020,26.030,0.020,28.622,0.025,23.710,0.079,28.064,0.305
131004,15.000,0.001,55.104,0.002,55.116,0.002,54.974,0.002,55.002,0.002,28.152,0.006,28.146,0.007,28.146,0.006,28.148,0.006,26.005,0.020,26.749,0.020,25.882,0.020,25.926,0.020,26.029,0.020,28.621,0.025,23.694,0.079,28.099,0.300
132004,15.000,0.001,55.106,0.002,55.120,0.002,54.976,0.002,55.004,0.002,28.152,0.006,28.146,0.007,28.148,0.006,28.148,0.006,26.006,0.020,26.750,0.020,25.882,0.020,25.927,0.020,26.030,0.020,28.622,0.024,23.724,0.077,28.163,0.296
133004,15.000,0.001,55.106,0.002,55.116,0.002,54.972,0.002,55.000,0.002,28.154,0.006,28.146,0.007,28.148,0.006,28.148,0.006,26.007,0.020,26.750,0.020,25.882,0.020,25.927,0.020,26.032,0.020,28.621,0.023,23.687,0.077,28.201,0.293
134004,15.000,0.001,55.106,0.002,55.120,0.002,54.976,0.002,55.002,0.002,28.154,0.006,28.146,0.007,28.148,0.007,28.148,0.006,26.008,0.020,26.750,0.020,25.883,0.020,25.927,0.020,26.031,0.020,28.621,0.023,23.692,0.077,28.225,0.290
135004,15.000,0.001,55.106,0.002,55.120,0.002,54.976,0.002,55.002,0.002,28.154,0.006,28.146,0.007,28.148,0.007,28.148,0.006,26.008,0.020,26.752,0.020,25.883,0.020,25.929,0.020,26.034,0.020,28.621,0.022,23.660,0.077,28.241,0.287
136004,15.002,0.001,55.106,0.002,55.118,0.002,54.974,0.002,55.002,0.002,28.154,0.006,28.148,0.007,28.148,0.007,28.148,0.006,26.009,0.020,26.752,0.020,25.884,0.020,25.928,0.020,26.034,0.020,28.622,0.022,23.672,0.077,28.261,0.284
137004,15.000,0.001,55.106,0.002,55.116,0.002,54.974,0.002,55.002,0.002,28.154,0.006,28.148,0.007,28.148,0.007,28.148,0.006,26.009,0.020,26.752,0.020,25.884,0.020,25.929,0.020,26.034,0.020,28.623,0.021,23.691,0.077,28.277,0.280
138004,15.000,0.001,55.104,0.002,55.116,0.002,54.974,0.002,55.002,0.002,28.154,0.006,28.148,0.007,28.148,0.007,28.148,0.006,26.010,0.020,26.754,0.020,25.885,0.020,25.930,0.020,26.034,0.020,28.623,0.021,23.681,0.077,28.295,0.276
139004,15.001,0.001,55.106,0.002,55.116,0.002,54.974,0.002,55.002,0.002,28.154,0.006,28.148,0.006,28.148,0.006,28.150,0.006,26.011,0.020,26.754,0.020,25.886,0.020,25.930,0.020,26.034,0.020,28.624,0.020,23.657,0.077,28.301,0.271
140004,15.001,0.001,55.102,0.002,55.120,0.002,54.976,0.002,55.002,0.002,28.154,0.006,28.148,0.006,28.148,0.007,28.148,0.006,26.012,0.020,26.754,0.020,25.886,0.020,25.931,0.020,26.036,0.020,28.625,0.020,23.727,0.077,28.311,0.265
141004,15.001,0.001,55.106,0.002,55.120,0.002,54.976,0.002,55.004,0.002,28.154,0.006,28.148,0.006,28.148,0.006,28.150,0.006,26.013,0.020,26.756,0.020,25.887,0.020,25.932,0.020,26.036,0.020,28.626,0.019,23.732,0.077,28.324,0.260
142004,15.000,0.001,55.104,0.002,55.116,0.002,54.974,0.002,55.000,0.002,28.154,0.006,28.148,0.006,28.148,0.006,28.150,0.006,26.013,0.020,26.754,0.020,25.888,0.020,25.932,0.020,26.036,0.020,28.625,0.019,23.722,0.077,28.323,0.254
143004,14.999,0.001,55.106,0.002,55.118,0.002,54.976,0.002,55.002,0.002,28.154,0.006,28.148,0.006,28.150,0.006,28.150,0.006,26.013,0.020,26.756,0.020,25.888,0.020,25.932,0.020,26.036,0.020,28.626,0.018,23.730,0.076,28.310,0.249
144004,15.000,0.001,55.106,0.002,55.118,0.002,54.974,0.002,55.002,0.002,28.154,0.006,28.148,0.006,28.150,0.006,28.150,0.006,26.015,0.020,26.756,0.020,25.889,0.020,25.934,0.020,26.037,0.020,28.626,0.018,23.701,0.076,28.303,0.245
145004,15.000,0.001,55.104,0.002,55.116,0.002,54.974,0.002,55.002,0.002,28.154,0.006,28.148,0.006,28.150,0.006,28.150,0.006,26.015,0.020,26.757,0.020,25.889,0.020,25.933,0.020,26.039,0.020,28.626,0.017,23.759,0.076,28.296,0.240
146004,15.000,0.001,55.106,0.002,55.118,0.002,54.974,0.002,55.002,0.002,28.154,0.006,28.148,0.006,28.150,0.006,28.150,0.006,26.015,0.020,26.757,0.020,25.889,0.020,25.933,0.020,26.039,0.020,28.626,0.017,23.759,0.076,28.296,0.240
147005,15.000,0.001,55.106,0.002,55.118,0.002,54.972,0.002,55.000,0.002,28.154,0.006,28.150,0.006,28.150,0.006,28.150,0.006,26.015,0.020,26.757,0.020,25.890,0.020,25.934,0.020,26.040,0.020,28.627,0.017,23.734,0.076,28.290,0.235
148005,15.000,0.001,55.104,0.002,55.118,0.002,54.976,0.002,55.002,0.002,28.156,0.006,28.148,0.006,28.150,0.006,28.150,0.006,26.016,0.020,26.758,0.020,25.891,0.020,25.936,0.020,26.039,0.020,28.628,0.016,23.800,0.076,28.294,0.231
149005,15.001,0.001,55.106,0.002,55.118,0.002,54.976,0.002,55.004,0.002,28.156,0.006,28.150,0.006,28.150,0.006,28.152,0.006,26.016,0.020,26.759,0.020,25.892,0.020,25.936,0.020,26.040,0.020,28.628,0.016,23.795,0.076,28.288,0.226
150005,15.000,0.001,55.102,0.002,55.118,0.002,54.974,0.002,55.002,0.002,28.156,0.006,28.150,0.006,28.150,0.006,28.150,0.006,26.016,0.020,26.759,0.019,25.891,0.020,25.936,0.020,26.040,0.020,28.627,0.015,23.728,0.076,28.281,0.221
151005,15.000,0.001,55.102,0.002,55.120,0.002,54.974,0.002,55.002,0.002,28.158,0.006,28.150,0.006,28.152,0.006,28.152,0.006,26.017,0.020,26.758,0.019,25.892,0.020,25.937,0.020,26.041,0.020,28.626,0.015,23.751,0.076,28.269,0.216
152005,15.000,0.001,55.104,0.002,55.118,0.002,54.976,0.002,55.002,0.002,28.156,0.006,28.150,0.006,28.152,0.006,28.152,0.006,26.018,0.020,26.759,0.019,25.893,0.020,25.938,0.020,26.042,0.020,28.627,0.014,23.726,0.075,28.223,0.210
153005,15.000,0.001,55.104,0.002,55.116,0.002,54.976,0.002,55.002,0.002,28.156,0.006,28.150,0.006,28.152,0.006,28.152,0.006,26.018,0.020,26.760,0.019,25.892,0.020,25.937,0.020,26.042,0.020,28.625,0.014,23.691,0.072,28.187,0.204
154005,15.000,0.001,55.106,0.002,55.116,0.002,54.976,0.002,55.004,0.002,28.156,0.006,28.152,0.006,28.150,0.006,28.152,0.006,26.019,0.020,26.761,0.019,25.894,0.020,25.939,0.020,26.043,0.020,28.624,0.014,23.688,0.070,28.158,0.197
155005,15.000,0.001,55.102,0.002,55.120,0.002,54.976,0.002,55.002,0.002,28.156,0.006,28.152,0.006,28.152,0.006,28.152,0.006,26.021,0.020,26.761,0.019,25.894,0.020,25.938,0.020,26.043,0.020,28.623,0.013,23.650,0.070,28.130,0.190
156005,15.000,0.001,55.104,0.002,55.118,0.002,54.974,0.002,55.002,0.002,28.156,0.006,28.150,0.006,28.152,0.006,28.152,0.006,26.020,0.020,26.761,0.019,25.895,0.020,25.940,0.020,26.044,0.020,28.621,0.013,23.670,0.070,28.095,0.184
157005,15.000,0.001,55.102,0.002,55.118,0.002,54.976,0.002,55.004,0.002,28.156,0.006,28.150,0.006,28.152,0.006,28.152,0.006,26.020,0.020,26.763,0.019,25.896,0.020,25.940,0.020,26.045,0.020,28.620,0.013,23.681,0.070,28.073,0.178
158005,15.000,0.001,55.104,0.002,55.116,0.002,54.974,0.002,55.002,0.002,28.158,0.006,28.152,0.006,28.152,0.006,28.152,0.006,26.023,0.020,26.762,0.019,25.897,0.020,25.941,0.020,26.045,0.020,28.620,0.012,23.698,0.070,28.075,0.172
159005,15.000,0.001,55.104,0.002,55.116,0.002,54.976,0.002,55.002,0.002,28.158,0.006,28.152,0.006,28.152,0.006,28.152,0.006,26.021,0.020,26.764,0.019,25.897,0.020,25.941,0.020,26.046,0.020,28.619,0.012,23.699,0.070,28.082,0.169
160005,15.001,0.001,55.104,0.002,55.120,0.002,54.976,0.002,55.004,0.002,28.158,0.006,28.152,0.006,28.152,0.006,28.152,0.006,26.023,0.020,26.764,0.019,25.897,0.020,25.941,0.020,26.046,0.020,28.617,0.011,23.650,0.070,28.124,0.167
161005,15.000,0.001,55.104,0.002,55.118,0.002,54.974,0.002,55.002,0.002,28.158,0.006,28.152,0.006,28.152,0.006,28.152,0.006,26.023,0.020,26.765,0.019,25.898,0.020,25.942,0.020,26.047,0.020,28.617,0.011,23.694,0.070,28.152,0.166
162005,15.000,0.001,55.104,0.002,55.120,0.002,54.974,0.002,55.002,0.002,28.158,0.006,28.152,0.006,28.152,0.006,28.154,0.006,26.023,0.020,26.765,0.019,25.898,0.020,25.943,0.020,26.047,0.020,28.616,0.011,23.667,0.070,28.189,0.166
163005,15.000,0.001,55.104,0.002,55.118,0.002,54.978,0.002,55.004,0.002,28.158,0.006,28.152,0.006,28.154,0.006,28.154,0.006,26.024,0.020,26.765,0.019,25.899,0.020,25.943,0.020,26.048,0.020,28.617,0.010,23.741,0.070,28.226,0.166
164005,15.000,0.001,55.102,0.002,55.116,0.002,54.976,0.002,55.002,0.002,28.158,0.006,28.152,0.006,28.154,0.006,28.154,0.006,26.025,0.020,26.765,0.019,25.900,0.020,25.944,0.020,26.048,0.020,28.616,0.010,23.664,0.070,28.243,0.166
165005,15.000,0.001,55.104,0.002,55.120,0.002,54.978,0.002,55.004,0.002,28.158,0.006,28.152,0.006,28.154,0.006,28.154,0.006,26.026,0.020,26.766,0.019,25.901,0.020,25.945,0.020,26.049,0.020,28.616,0.010,23.695,0.070,28.260,0.166
166005,15.000,0.001,55.102,0.002,55.120,0.002,54.976,0.002,55.004,0.002,28.158,0.006,28.154,0.006,28.154,0.006,28.154,0.006,26.026,0.020,26.766,0.019,25.901,0.020,25.944,0.020,26.050,0.020,28.615,0.010,23.725,0.070,28.265,0.167
167005,15.001,0.001,55.102,0.002,55.116,0.002,54.974,0.002,55.002,0.002,28.158,0.006,28.154,0.006,28.154,0.006,28.154,0.006,26.026,0.020,26.767,0.019,25.901,0.020,25.946,0.020,26.051,0.020,28.616,0.009,23.771,0.070,28.268,0.168
168005,15.000,0.001,55.102,0.002,55.118,0.002,54.976,0.002,55.002,0.002,28.158,0.006,28.152,0.006,28.154,0.007,28.154,0.006,26.028,0.020,26.767,0.019,25.901,0.020,25.946,0.020,26.051,0.020,28.616,0.009,23.728,0.069,28.272,0.169
169005,15.000,0.001,55.104,0.002,55.118,0.002,54.974,0.002,55.002,0.002,28.160,0.006,28.154,0.006,28.154,0.007,28.154,0.006,26.027,0.020,26.768,0.019,25.902,0.020,25.947,0.020,26.052,0.020,28.618,0.009,23.697,0.069,28.280,0.170
170005,15.000,0.001,55.104,0.002,55.120,0.002,54.974,0.002,55.002,0.002,28.160,0.006,28.154,0.006,28.154,0.006,28.154,0.006,26.028,0.020,26.767,0.019,25.903,0.020,25.947,0.020,26.052,0.020,28.620,0.009,23.714,0.069,28.290,0.171
171005,15.000,0.001,55.108,0.002,55.118,0.002,54.976,0.002,55.004,0.002,28.160,0.006,28.154,0.006,28.154,0.006,28.154,0.006,26.029,0.020,26.769,0.019,25.905,0.020,25.948,0.020,26.053,0.020,28.620,0.009,23.697,0.068,28.297,0.172
172005,15.000,0.001,55.108,0.002,55.118,0.002,54.976,0.002,55.004,0.002,28.160,0.006,28.154,0.006,28.154,0.006,28.154,0.006,26.030,0.020,26.770,0.019,25.904,0.020,25.949,0.020,26.053,0.020,28.620,0.009,23.681,0.068,28.312,0.174
173005,15.000,0.001,55.104,0.002,55.120,0.002,54.976,0.002,55.004,0.002,28.160,0.006,28.154,0.006,28.154,0.006,28.154,0.006,26.030,0.020,26.771,0.019,25.905,0.020,25.949,0.020,26.054,0.020,28.622,0.009,23.686,0.068,28.325,0.176
174005,15.000,0.001,55.106,0.002,55.122,0.002,54.976,0.002,55.004,0.002,28.160,0.006,28.154,0.006,28.154,0.006,28.156,0.006,26.029,0.020,26.770,0.019,25.905,0.020,25.950,0.020,26.054,0.020,28.621,0.008,23.676,0.068,28.337,0.178
175006,15.000,0.001,55.102,0.002,55.116,0.002,54.976,0.002,55.002,0.002,28.160,0.006,28.154,0.006,28.156,0.006,28.156,0.006,26.030,0.020,26.771,0.019,25.906,0.020,25.949,0.020,26.055,0.020,28.621,0.008,23.651,0.068,28.340,0.180
176006,15.000,0.001,55.104,0.002,55.118,0.002,54.974,0.002,55.002,0.002,28.160,0.006,28.154,0.006,28.156,0.006,28.156,0.006,26.031,0.020,26.772,0.018,25.907,0.020,25.952,0.020,26.055,0.020,28.622,0.008,23.669,0.068,28.342,0.182
177006,15.001,0.001,55.104,0.002,55.122,0.002,54.976,0.002,55.002,0.002,28.160,0.006,28.154,0.006,28.154,0.006,28.154,0.006,26.033,0.020,26.772,0.018,25.907,0.020,25.951,0.020,26.056,0.020,28.621,0.008,23.642,0.068,28.339,0.184
178006,15.001,0.001,55.102,0.002,55.118,0.002,54.978,0.002,55.004,0.002,28.160,0.006,28.156,0.006,28.156,0.006,28.156,0.006,26.033,0.020,26.773,0.018,25.908,0.020,25.952,0.020,26.056,0.020,28.622,0.008,23.662,0.068,28.337,0.185
179006,15.000,0.001,55.104,0.002,55.118,0.002,54.974,0.002,55.002,0.002,28.162,0.006,28.154,0.006,28.156,0.006,28.156,0.006,26.034,0.020,26.772,0.018,25.908,0.020,25.953,0.020,26.057,0.020,28.622,0.008,23.663,0.067,28.341,0.187
180006,15.000,0.001,55.106,0.002,55.116,0.002,54.976,0.002,55.004,0.002,28.162,0.006,28.156,0.006,28.156,0.006,28.156,0.006,26.034,0.020,26.775,0.018,25.909,0.020,25.954,0.020,26.058,0.020,28.623,0.008,23.643,0.067,28.356,0.189
181006,15.000,0.001,55.106,0.002,55.116,0.002,54.978,0.002,55.004,0.002,28.162,0.006,28.154,0.006,28.156,0.006,28.156,0.006,26.036,0.020,26.774,0.018,25.909,0.020,25.954,0.020,26.057,0.020,28.624,0.008,23.627,0.067,28.368,0.191
182006,14.999,0.001,55.102,0.002,55.114,0.002,54.978,0.002,55.004,0.002,28.160,0.006,28.156,0.006,28.156,0.006,28.156,0.006,26.036,0.020,26.773,0.018,25.910,0.020,25.954,0.020,26.059,0.020,28.624,0.008,23.665,0.067,28.380,0.194
183006,14.999,0.001,55.106,0.002,55.116,0.002,54.974,0.002,55.000,0.002,28.162,0.006,28.156,0.006,28.156,0.006,28.156,0.006,26.036,0.020,26.775,0.018,25.910,0.020,25.955,0.020,26.060,0.020,28.626,0.008,23.661,0.066,28.399,0.196
184006,15.000,0.001,55.106,0.002,55.116,0.002,54.976,0.002,55.002,0.002,28.162,0.006,28.156,0.006,28.156,0.006,28.158,0.006,26.037,0.020,26.774,0.018,25.911,0.020,25.956,0.020,26.060,0.020,28.627,0.008,23.640,0.066,28.415,0.199
185006,15.000,0.001,55.102,0.002,55.118,0.002,54.974,0.002,55.002,0.002,28.162,0.006,28.156,0.006,28.156,0.006,28.156,0.006,26.037,0.020,26.777,0.018,25.912,0.020,25.957,0.020,26.061,0.020,28.628,0.007,23.628,0.067,28.421,0.203
186006,15.000,0.001,55.102,0.002,55.118,0.002,54.974,0.002,55.002,0.002,28.162,0.006,28.156,0.006,28.156,0.006,28.158,0.006,26.037,0.020,26.777,0.018,25.912,0.020,25.957,0.020,26.060,0.020,28.630,0.007,23.608,0.067,28.438,0.206
187006,15.000,0.001,55.104,0.002,55.116,0.002,54.976,0.002,55.002,0.001,28.162,0.006,28.156,0.006,28.156,0.006,28.158,0.006,26.038,0.020,26.778,0.018,25.913,0.020,25.956,0.020,26.061,0.020,28.629,0.007,23.604,0.067,28.450,0.210
188006,15.001,0.001,55.104,0.002,55.118,0.002,54.976,0.002,55.004,0.001,28.162,0.006,28.156,0.006,28.156,0.006,28.158,0.006,26.038,0.020,26.778,0.018,25.914,0.020,25.957,0.020,26.062,0.020,28.633,0.008,23.643,0.066,28.458,0.214
189006,15.000,0.001,55.104,0.002,55.118,0.002,54.974,0.002,55.002,0.001,28.162,0.006,28.156,0.006,28.158,0.006,28.158,0.006,26.040,0.020,26.779,0.018,25.914,0.020,25.960,0.020,26.063,0.020,28.632,0.008,23.684,0.066,28.454,0.218
190006,15.000,0.001,55.102,0.002,55.116,0.002,54.976,0.002,55.004,0.001,28.162,0.006,28.158,0.006,28.158,0.006,28.158,0.006,26.040,0.020,26.779,0.018,25.916,0.020,25.959,0.020,26.063,0.020,28.633,0.008,23.682,0.065,28.438,0.221
191006,15.000,0.001,55.102,0.002,55.120,0.002,54.976,0.002,55.004,0.001,28.164,0.006,28.158,0.006,28.158,0.006,28.158,0.006,26.040,0.020,26.778,0.018,25.916,0.020,25.959,0.020,26.065,0.020,28.634,0.008,23.701,0.064,28.427,0.224
192006,15.000,0.001,55.104,0.002,55.116,0.002,54.974,0.002,55.000,0.001,28.162,0.006,28.156,0.006,28.158,0.006,28.158,0.006,26.041,0.020,26.779,0.018,25.916,0.020,25.960,0.020,26.065,0.020,28.635,0.008,23.661,0.064,28.434,0.227
193006,15.001,0.001,55.106,0.002,55.116,0.002,54.976,0.002,55.002,0.001,28.164,0.006,28.158,0.006,28.158,0.006,28.158,0.006,26.042,0.020,26.781,0.018,25.916,0.020,25.961,0.020,26.065,0.020,28.636,0.008,23.604,0.064,28.424,0.230
194006,15.000,0.001,55.104,0.002,55.118,0.002,54.976,0.002,55.002,0.001,28.164,0.006,28.158,0.006,28.158,0.006,28.160,0.006,26.042,0.020,26.781,0.018,25.917,0.020,25.962,0.020,26.066,0.020,28.636,0.008,23.612,0.064,28.423,0.232
195006,15.000,0.001,55.102,0.002,55.116,0.002,54.974,0.002,55.002,0.001,28.164,0.006,28.158,0.006,28.160,0.006,28.160,0.006,26.043,0.020,26.783,0.018,25.917,0.020,25.962,0.020,26.067,0.020,28.637,0.008,23.653,0.063,28.423,0.235
196006,15.000,0.001,55.104,0.002,55.118,0.002,54.974,0.002,55.002,0.001,28.164,0.006,28.158,0.006,28.158,0.006,28.158,0.006,26.043,0.020,26.782,0.018,25.917,0.020,25.963,0.020,26.067,0.020,28.639,0.009,23.580,0.064,28.430,0.237
197006,15.000,0.001,55.106,0.002,55.116,0.002,54.976,0.002,55.002,0.001,28.164,0.006,28.158,0.006,28.158,0.006,28.160,0.006,26.043,0.020,26.782,0.018,25.919,0.020,25.963,0.020,26.068,0.020,28.640,0.009,23.560,0.065,28.434,0.240
198006,15.000,0.001,55.104,0.002,55.116,0.002,54.974,0.002,55.000,0.001,28.164,0.006,28.158,0.006,28.158,0.006,28.160,0.006,26.045,0.020,26.783,0.018,25.918,0.020,25.964,0.020,26.068,0.020,28.640,0.009,23.607,0.064,28.442,0.242
199006,15.000,0.001,55.102,0.002,55.116,0.002,54.976,0.002,55.002,0.001,28.164,0.006,28.158,0.006,28.160,0.006,28.160,0.006,26.046,0.020,26.784,0.018,25.920,0.020,25.964,0.020,26.068,0.020,28.641,0.009,23.613,0.063,28.438,0.245
200006,15.001,0.001,55.104,0.002,55.116,0.002,54.976,0.002,55.004,0.001,28.164,0.006,28.158,0.006,28.160,0.006,28.160,0.006,26.045,0.020,26.784,0.018,25.921,0.020,25.965,0.020,26.069,0.020,28.642,0.009,23.612,0.062,28.429,0.247
201006,15.001,0.001,55.104,0.002,55.118,0.002,54.976,0.002,55.002,0.001,28.164,0.006,28.158,0.006,28.160,0.006,28.160,0.006,26.046,0.020,26.785,0.018,25.920,0.020,25.965,0.020,26.071,0.020,28.642,0.010,23.701,0.060,28.409,0.249
202006,15.001,0.001,55.104,0.002,55.118,0.002,54.974,0.002,55.002,0.001,28.164,0.006,28.158,0.006,28.158,0.006,28.160,0.006,26.047,0.020,26.786,0.018,25.921,0.020,25.966,0.020,26.070,0.020,28.644,0.010,23.691,0.060,28.384,0.250
203006,15.000,0.001,55.102,0.002,55.118,0.002,54.976,0.002,55.002,0.001,28.164,0.006,28.160,0.006,28.160,0.006,28.160,0.006,26.047,0.020,26.786,0.018,25.922,0.020,25.967,0.020,26.070,0.020,28.645,0.010,23.651,0.060,28.385,0.252
204006,15.000,0.001,55.102,0.002,55.118,0.002,54.974,0.002,55.002,0.001,28.166,0.006,28.160,0.006,28.160,0.006,28.162,0.006,26.048,0.020,26.787,0.018,25.922,0.020,25.967,0.020,26.071,0.020,28.647,0.010,23.637,0.060,28.370,0.253
205007,15.000,0.001,55.102,0.002,55.120,0.002,54.976,0.002,55.004,0.001,28.166,0.006,28.158,0.006,28.160,0.006,28.160,0.006,26.048,0.020,26.788,0.018,25.923,0.020,25.967,0.020,26.072,0.020,28.649,0.011,23.656,0.060,28.360,0.254
206006,15.000,0.001,55.102,0.002,55.116,0.002,54.976,0.002,55.004,0.001,28.166,0.006,28.160,0.006,28.160,0.006,28.160,0.006,26.051,0.020,26.788,0.018,25.923,0.020,25.968,0.020,26.072,0.020,28.652,0.011,23.627,0.060,28.359,0.255
207007,15.000,0.001,55.104,0.002,55.116,0.002,54.972,0.002,55.000,0.001,28.166,0.006,28.160,0.006,28.160,0.006,28.160,0.006,26.049,0.020,26.788,0.018,25.924,0.020,25.968,0.020,26.073,0.020,28.652,0.012,23.680,0.059,28.346,0.255
208007,14.999,0.001,55.102,0.002,55.120,0.002,54.972,0.002,55.000,0.001,28.166,0.006,28.160,0.006,28.162,0.006,28.162,0.006,26.050,0.020,26.789,0.018,25.925,0.020,25.969,0.020,26.074,0.020,28.653,0.012,23.688,0.058,28.339,0.256
209007,15.000,0.001,55.104,0.002,55.118,0.002,54.974,0.002,55.002,0.001,28.166,0.006,28.160,0.006,28.160,0.006,28.162,0.006,26.050,0.020,26.790,0.018,25.925,0.020,25.969,0.020,26.075,0.020,28.651,0.012,23.702,0.057,28.345,0.256
210007,15.000,0.001,55.102,0.002,55.120,0.002,54.974,0.002,55.000,0.001,28.166,0.006,28.160,0.006,28.162,0.006,28.162,0.006,26.051,0.020,26.791,0.018,25.926,0.020,25.970,0.020,26.074,0.020,28.652,0.012,23.674,0.056,28.357,0.256
211007,15.000,0.001,55.102,0.002,55.120,0.002,54.978,0.002,55.004,0.001,28.166,0.006,28.160,0.006,28.162,0.006,28.162,0.006,26.052,0.020,26.790,0.018,25.926,0.020,25.971,0.020,26.075,0.020,28.653,0.013,23.654,0.048,28.359,0.257
212007,15.000,0.001,55.104,0.002,55.118,0.002,54.974,0.002,55.002,0.001,28.166,0.006,28.160,0.006,28.162,0.006,28.162,0.006,26.053,0.020,26.791,0.018,25.928,0.020,25.972,0.020,26.076,0.020,28.654,0.013,23.648,0.047,28.360,0.257
213007,15.001,0.001,55.102,0.002,55.118,0.002,54.976,0.002,55.004,0.001,28.168,0.006,28.162,0.006,28.162,0.006,28.162,0.006,26.052,0.020,26.791,0.018,25.928,0.020,25.972,0.020,26.076,0.020,28.655,0.013,23.609,0.048,28.359,0.258
214007,15.001,0.001,55.106,0.002,55.118,0.002,54.976,0.002,55.002,0.001,28.166,0.006,28.162,0.006,28.162,0.006,28.162,0.006,26.054,0.020,26.792,0.018,25.928,0.020,25.972,0.020,26.077,0.020,28.656,0.014,23.691,0.048,28.356,0.258
215007,15.000,0.001,55.102,0.002,55.118,0.002,54.976,0.001,55.002,0.001,28.168,0.006,28.162,0.006,28.162,0.006,28.162,0.006,26.054,0.020,26.792,0.018,25.930,0.020,25.973,0.020,26.078,0.020,28.656,0.014,23.673,0.047,28.356,0.259
216007,15.000,0.001,55.104,0.002,55.116,0.002,54.974,0.001,55.000,0.001,28.168,0.006,28.162,0.006,28.162,0.006,28.162,0.006,26.055,0.020,26.794,0.018,25.929,0.020,25.974,0.020,26.078,0.020,28.658,0.014,23.698,0.047,28.355,0.259
217007,15.001,0.001,55.102,0.002,55.118,0.002,54.976,0.001,55.002,0.001,28.168,0.006,28.162,0.006,28.162,0.006,28.164,0.006,26.056,0.020,26.794,0.018,25.930,0.020,25.974,0.020,26.079,0.020,28.657,0.015,23.696,0.048,28.363,0.259
218007,15.001,0.001,55.104,0.002,55.118,0.002,54.976,0.001,55.002,0.001,28.168,0.006,28.162,0.006,28.162,0.006,28.164,0.006,26.055,0.020,26.795,0.018,25.931,0.020,25.974,0.020,26.080,0.020,28.658,0.015,23.701,0.048,28.360,0.260
219007,15.000,0.001,55.104,0.002,55.118,0.002,54.974,0.001,55.002,0.001,28.168,0.006,28.162,0.006,28.164,0.006,28.164,0.006,26.055,0.020,26.795,0.018,25.931,0.020,25.974,0.020,26.080,0.020,28.658,0.015,23.701,0.048,28.360,0.260
220007,15.000,0.001,55.104,0.002,55.118,0.002,54.976,0.001,55.004,0.001,28.168,0.006,28.162,0.006,28.164,0.006,28.164,0.006,26.057,0.020,26.796,0.018,25.931,0.020,25.976,0.020,26.080,0.020,28.659,0.015,23.722,0.048,28.361,0.260
221007,15.000,0.001,55.102,0.002,55.120,0.002,54.974,0.001,55.002,0.001,28.168,0.006,28.162,0.006,28.162,0.006,28.164,0.006,26.058,0.020,26.796,0.018,25.931,0.020,25.976,0.020,26.080,0.020,28.659,0.015,23.721,0.048,28.365,0.261
222007,15.000,0.001,55.104,0.002,55.118,0.002,54.974,0.001,55.002,0.001,28.170,0.006,28.162,0.006,28.164,0.006,28.164,0.006,26.058,0.020,26.797,0.018,25.932,0.020,25.976,0.020,26.082,0.020,28.660,0.015,23.721,0.048,28.345,0.261
223007,15.000,0.001,55.104,0.002,55.114,0.002,54.976,0.001,55.002,0.001,28.168,0.006,28.164,0.006,28.164,0.006,28.164,0.006,26.059,0.020,26.798,0.018,25.933,0.020,25.977,0.020,26.081,0.020,28.661,0.016,23.723,0.048,28.308,0.261
224007,15.000,0.001,55.102,0.002,55.118,0.002,54.978,0.001,55.004,0.001,28.168,0.006,28.162,0.006,28.164,0.006,28.164,0.006,26.059,0.020,26.797,0.018,25.933,0.020,25.977,0.020,26.083,0.020,28.662,0.016,23.700,0.048,28.262,0.260
225007,15.000,0.001,55.100,0.002,55.118,0.002,54.976,0.001,55.002,0.001,28.170,0.006,28.164,0.006,28.164,0.006,28.164,0.006,26.061,0.020,26.797,0.018,25.935,0.020,25.978,0.020,26.083,0.020,28.663,0.016,23.720,0.048,28.222,0.259
226007,15.000,0.001,55.102,0.002,55.118,0.002,54.976,0.001,55.004,0.001,28.170,0.006,28.164,0.006,28.164,0.006,28.164,0.006,26.060,0.020,26.797,0.018,25.935,0.020,25.979,0.020,26.083,0.020,28.665,0.016,23.696,0.047,28.193,0.258
227007,15.000,0.001,55.104,0.002,55.116,0.002,54.976,0.001,55.002,0.001,28.170,0.006,28.164,0.006,28.164,0.006,28.164,0.006,26.060,0.020,26.799,0.018,25.935,0.020,25.979,0.020,26.085,0.020,28.665,0.016,23.713,0.047,28.159,0.257
228007,15.000,0.001,55.106,0.002,55.116,0.002,54.976,0.001,55.004,0.001,28.170,0.006,28.164,0.006,28.164,0.006,28.164,0.006,26.061,0.020,26.799,0.018,25.936,0.020,25.980,0.020,26.085,0.020,28.666,0.017,23.718,0.047,28.129,0.256
229007,15.000,0.001,55.104,0.002,55.118,0.002,54.976,0.001,55.004,0.001,28.170,0.006,28.164,0.006,28.164,0.006,28.166,0.006,26.062,0.020,26.800,0.018,25.937,0.020,25.981,0.020,26.085,0.020,28.666,0.017,23.717,0.047,28.116,0.254
230007,15.001,0.001,55.102,0.002,55.118,0.002,54.978,0.001,55.004,0.001,28.170,0.006,28.164,0.006,28.166,0.006,28.166,0.006,26.061,0.020,26.801,0.018,25.937,0.020,25.982,0.020,26.086,0.020,28.667,0.017,23.699,0.046,28.131,0.252
231007,15.000,0.001,55.104,0.002,55.116,0.002,54.976,0.001,55.002,0.001,28.170,0.006,28.164,0.006,28.164,0.006,28.166,0.006,26.063,0.020,26.801,0.018,25.937,0.020,25.982,0.020,26.085,0.020,28.666,0.017,23.712,0.046,28.158,0.249
232007,15.001,0.001,55.106,0.002,55.116,0.002,54.974,0.001,55.002,0.001,28.170,0.006,28.164,0.006,28.166,0.006,28.166,0.006,26.064,0.020,26.802,0.018,25.938,0.020,25.981,0.020,26.087,0.020,28.667,0.017,23.709,0.045,28.172,0.246
233007,15.000,0.001,55.102,0.002,55.118,0.002,54.976,0.001,55.004,0.001,28.170,0.006,28.164,0.006,28.166,0.006,28.166,0.006,26.063,0.020,26.802,0.018,25.939,0.020,25.983,0.020,26.087,0.020,28.668,0.017,23.729,0.045,28.173,0.243
234007,15.000,0.001,55.104,0.002,55.116,0.002,54.974,0.001,55.002,0.001,28.172,0.006,28.164,0.006,28.164,0.006,28.166,0.006,26.064,0.020,26.803,0.018,25.939,0.020,25.983,0.020,26.088,0.020,28.668,0.017,23.700,0.045,28.170,0.240
235008,15.000,0.000,55.106,0.002,55.118,0.002,54.974,0.001,55.002,0.001,28.172,0.006,28.166,0.006,28.166,0.006,28.166,0.006,26.066,0.020,26.804,0.018,25.939,0.020,25.984,0.020,26.089,0.020,28.670,0.018,23.679,0.045,28.174,0.236
236008,15.000,0.000,55.104,0.002,55.114,0.002,54.974,0.001,55.000,0.001,28.172,0.006,28.166,0.006,28.166,0.006,28.166,0.006,26.066,0.020,26.804,0.018,25.940,0.020,25.985,0.020,26.090,0.020,28.670,0.018,23.688,0.045,28.165,0.232
237008,15.000,0.000,55.104,0.002,55.118,0.002,54.976,0.001,55.002,0.001,28.172,0.006,28.166,0.006,28.166,0.006,28.166,0.006,26.066,0.020,26.805,0.018,25.940,0.020,25.984,0.020,26.090,0.020,28.671,0.018,23.699,0.044,28.154,0.227
238008,15.000,0.000,55.102,0.002,55.116,0.002,54.976,0.001,55.002,0.001,28.172,0.006,28.166,0.006,28.166,0.006,28.168,0.006,26.068,0.020,26.806,0.018,25.942,0.020,25.986,0.020,26.090,0.020,28.671,0.018,23.668,0.044,28.150,0.224
239008,15.000,0.000,55.104,0.002,55.116,0.002,54.976,0.001,55.002,0.001,28.172,0.006,28.166,0.006,28.168,0.006,28.168,0.006,26.068,0.020,26.807,0.018,25.942,0.020,25.985,0.020,26.092,0.020,28.671,0.018,23.676,0.044,28.116,0.220
240008,15.001,0.000,55.104,0.002,55.116,0.002,54.972,0.001,55.000,0.001,28.172,0.006,28.166,0.006,28.166,0.006,28.166,0.006,26.069,0.020,26.807,0.018,25.942,0.020,25.987,0.020,26.093,0.020,28.673,0.018,23.696,0.042,28.099,0.217
241008,15.001,0.000,55.106,0.002,55.114,0.002,54.976,0.001,55.002,0.001,28.172,0.006,28.166,0.006,28.168,0.006,28.168,0.006,26.069,0.020,26.808,0.018,25.944,0.020,25.987,0.020,26.091,0.020,28.674,0.019,23.701,0.042,28.060,0.214
242008,15.000,0.000,55.104,0.002,55.118,0.002,54.976,0.001,55.004,0.001,28.172,0.006,28.166,0.006,28.168,0.006,28.168,0.006,26.070,0.020,26.808,0.018,25.943,0.020,25.988,0.020,26.094,0.020,28.676,0.019,23.673,0.042,28.041,0.211
243008,15.000,0.000,55.104,0.002,55.118,0.002,54.976,0.001,55.002,0.001,28.172,0.006,28.166,0.006,28.168,0.006,28.168,0.006,26.070,0.020,26.809,0.018,25.944,0.020,25.989,0.020,26.093,0.020,28.678,0.019,23.678,0.042,28.027,0.208
244008,15.000,0.000,55.102,0.002,55.118,0.002,54.976,0.001,55.004,0.001,28.172,0.006,28.166,0.006,28.168,0.006,28.168,0.006,26.071,0.020,26.810,0.018,25.945,0.020,25.988,0.020,26.094,0.020,28.678,0.019,23.653,0.042,28.017,0.206
245008,15.000,0.000,55.102,0.002,55.118,0.002,54.976,0.001,55.004,0.001,28.172,0.006,28.166,0.006,28.168,0.006,28.168,0.006,26.070,0.020,26.810,0.019,25.945,0.020,25.989,0.020,26.094,0.020,28.678,0.019,23.677,0.041,28.001,0.204
246008,15.000,0.000,55.102,0.002,55.116,0.002,54.976,0.001,55.002,0.001,28.174,0.006,28.166,0.006,28.168,0.006,28.168,0.006,26.070,0.020,26.811,0.019,25.946,0.020,25.991,0.020,26.095,0.020,28.679,0.020,23.704,0.041,27.985,0.204
247008,15.000,0.000,55.102,0.002,55.118,0.002,54.974,0.001,55.002,0.001,28.174,0.006,28.168,0.006,28.168,0.006,28.168,0.006,26.073,0.020,26.812,0.019,25.947,0.020,25.991,0.020,26.096,0.020,28.680,0.020,23.659,0.041,27.979,0.204
248008,15.000,0.000,55.102,0.002,55.118,0.002,54.974,0.001,55.002,0.001,28.174,0.006,28.168,0.006,28.168,0.006,28.168,0.006,26.073,0.020,26.812,0.019,25.948,0.020,25.991,0.020,26.096,0.020,28.680,0.020,23.667,0.041,27.978,0.204
249008,15.000,0.000,55.102,0.002,55.118,0.002,54.974,0.001,55.002,0.001,28.174,0.006,28.168,0.006,28.168,0.006,28.168,0.006,26.073,0.020,26.813,0.019,25.948,0.020,25.992,0.020,26.097,0.020,28.681,0.020,23.695,0.041,27.981,0.205
250008,15.000,0.000,55.102,0.002,55.114,0.002,54.976,0.001,55.002,0.001,28.174,0.006,28.168,0.006,28.168,0.006,28.168,0.006,26.075,0.020,26.813,0.019,25.947,0.020,25.992,0.020,26.098,0.020,28.682,0.021,23.717,0.041,27.984,0.206
251008,15.001,0.000,55.102,0.002,55.118,0.002,54.976,0.001,55.002,0.001,28.174,0.006,28.168,0.006,28.168,0.006,28.168,0.006,26.075,0.020,26.814,0.019,25.949,0.020,25.993,0.020,26.098,0.020,28.682,0.021,23.678,0.040,27.997,0.207
252008,15.000,0.000,55.102,0.002,55.116,0.002,54.976,0.001,55.004,0.001,28.174,0.006,28.168,0.006,28.168,0.006,28.170,0.006,26.075,0.020,26.814,0.019,25.949,0.020,25.994,0.020,26.097,0.020,28.683,0.021,23.668,0.040,28.021,0.208
253008,15.000,0.000,55.104,0.002,55.114,0.002,54.976,0.001,55.002,0.001,28.174,0.006,28.168,0.006,28.168,0.006,28.170,0.006,26.076,0.020,26.815,0.019,25.950,0.020,25.994,0.020,26.099,0.020,28.684,0.022,23.698,0.040,28.038,0.209
254008,15.000,0.000,55.106,0.002,55.118,0.002,54.974,0.001,55.002,0.001,28.174,0.006,28.168,0.006,28.168,0.006,28.170,0.006,26.077,0.020,26.815,0.019,25.951,0.020,25.995,0.020,26.099,0.020,28.685,0.022,23.737,0.040,28.051,0.211
255008,15.001,0.000,55.102,0.002,55.116,0.002,54.974,0.001,55.000,0.001,28.174,0.006,28.168,0.006,28.170,0.006,28.170,0.006,26.078,0.020,26.816,0.019,25.951,0.020,25.996,0.020,26.100,0.020,28.685,0.022,23.721,0.040,28.067,0.212
256008,15.000,0.000,55.104,0.002,55.116,0.002,54.974,0.001,55.002,0.001,28.174,0.006,28.170,0.006,28.170,0.006,28.170,0.006,26.077,0.020,26.817,0.019,25.952,0.020,25.997,0.020,26.100,0.020,28.686,0.022,23.707,0.040,28.078,0.214
257008,15.000,0.000,55.102,0.002,55.116,0.002,54.974,0.001,55.000,0.001,28.174,0.006,28.168,0.006,28.170,0.006,28.170,0.006,26.077,0.020,26.817,0.019,25.952,0.020,25.996,0.020,26.101,0.020,28.687,0.023,23.714,0.041,28.080,0.215
258008,15.001,0.000,55.100,0.002,55.118,0.002,54.974,0.001,55.000,0.001,28.176,0.006,28.168,0.006,28.170,0.006,28.170,0.006,26.078,0.020,26.818,0.019,25.953,0.020,25.998,0.020,26.102,0.020,28.688,0.023,23.753,0.041,28.081,0.217
259008,15.000,0.000,55.104,0.002,55.114,0.002,54.974,0.001,55.002,0.001,28.176,0.006,28.168,0.006,28.170,0.006,28.170,0.006,26.080,0.020,26.818,0.019,25.953,0.020,25.998,0.020,26.102,0.020,28.689,0.023,23.730,0.041,28.062,0.219
260008,15.000,0.000,55.100,0.002,55.116,0.002,54.976,0.001,55.002,0.001,28.174,0.006,28.168,0.006,28.170,0.006,28.170,0.006,26.080,0.020,26.820,0.019,25.955,0.020,25.999,0.020,26.103,0.020,28.691,0.023,23.721,0.041,28.036,0.221
261008,15.000,0.000,55.100,0.002,55.118,0.002,54.976,0.001,55.002,0.001,28.176,0.006,28.170,0.006,28.170,0.006,28.170,0.006,26.080,0.020,26.820,0.019,25.955,0.020,25.999,0.020,26.103,0.020,28.691,0.024,23.724,0.041,28.011,0.223
262008,15.000,0.000,55.104,0.002,55.116,0.002,54.974,0.001,55.002,0.001,28.176,0.006,28.170,0.006,28.170,0.006,28.170,0.006,26.081,0.020,26.820,0.019,25.956,0.020,26.000,0.020,26.104,0.020,28.693,0.024,23.721,0.041,27.994,0.226
263008,15.000,0.000,55.104,0.002,55.114,0.002,54.972,0.001,54.998,0.001,28.176,0.006,28.170,0.006,28.170,0.006,28.170,0.006,26.081,0.020,26.821,0.019,25.956,0.020,26.000,0.020,26.105,0.020,28.694,0.024,23.684,0.041,27.987,0.229
264009,15.000,0.000,55.102,0.002,55.114,0.002,54.974,0.001,55.002,0.001,28.176,0.006,28.170,0.006,28.172,0.006,28.172,0.006,26.082,0.020,26.822,0.019,25.956,0.020,26.001,0.020,26.104,0.020,28.695,0.024,23.662,0.041,27.998,0.231
265009,15.000,0.000,55.102,0.002,55.114,0.002,54.978,0.001,55.004,0.001,28.176,0.006,28.170,0.006,28.170,0.006,28.172,0.006,26.081,0.020,26.822,0.019,25.956,0.020,26.001,0.020,26.106,0.020,28.696,0.025,23.723,0.041,27.999,0.234
266009,15.000,0.000,55.104,0.002,55.118,0.002,54.976,0.001,55.002,0.001,28.176,0.006,28.170,0.006,28.172,0.006,28.172,0.006,26.082,0.020,26.823,0.019,25.957,0.020,26.001,0.020,26.107,0.020,28.696,0.025,23.745,0.041,27.953,0.237
267009,15.000,0.000,55.100,0.002,55.116,0.002,54.974,0.001,55.000,0.001,28.176,0.006,28.170,0.006,28.170,0.006,28.172,0.006,26.084,0.020,26.825,0.019,25.958,0.020,26.002,0.020,26.107,0.020,28.695,0.025,23.712,0.041,27.934,0.241
268009,15.000,0.000,55.100,0.002,55.118,0.002,54.972,0.001,55.000,0.001,28.178,0.006,28.170,0.006,28.172,0.006,28.172,0.006,26.084,0.020,26.825,0.019,25.959,0.020,26.003,0.020,26.107,0.020,28.695,0.026,23.738,0.041,27.931,0.244
269009,15.000,0.000,55.102,0.002,55.118,0.002,54.974,0.001,55.002,0.001,28.176,0.006,28.172,0.006,28.170,0.006,28.172,0.006,26.083,0.020,26.825,0.020,25.959,0.020,26.004,0.020,26.108,0.020,28.695,0.026,23.759,0.040,27.943,0.248
270009,15.001,0.000,55.102,0.002,55.116,0.002,54.974,0.001,55.000,0.001,28.176,0.006,28.172,0.006,28.172,0.006,28.172,0.006,26.085,0.020,26.826,0.020,25.959,0.020,26.004,0.020,26.109,0.020,28.695,0.026,23.749,0.039,27.917,0.252
271009,15.001,0.000,55.102,0.002,55.118,0.002,54.974,0.001,55.002,0.001,28.176,0.006,28.172,0.006,28.172,0.006,28.172,0.006,26.085,0.020,26.826,0.020,25.960,0.020,26.005,0.020,26.110,0.020,28.694,0.026,23.725,0.039,27.862,0.257
272009,15.000,0.000,55.098,0.002,55.120,0.002,54.976,0.001,55.002,0.001,28.178,0.006,28.172,0.006,28.172,0.006,28.172,0.006,26.086,0.020,26.826,0.020,25.962,0.020,26.005,0.020,26.111,0.020,28.696,0.026,23.723,0.039,27.827,0.263
273009,15.000,0.000,55.102,0.002,55.114,0.002,54.974,0.001,55.000,0.001,28.178,0.006,28.172,0.006,28.172,0.006,28.174,0.006,26.088,0.020,26.827,0.020,25.962,0.020,26.006,0.020,26.110,0.020,28.697,0.026,23.732,0.039,27.801,0.269
274009,15.000,0.000,55.104,0.002,55.118,0.002,54.972,0.001,55.000,0.001,28.178,0.006,28.172,0.006,28.172,0.006,28.172,0.006,26.088,0.020,26.828,0.020,25.962,0.020,26.007,0.020,26.111,0.020,28.697,0.027,23.715,0.039,27.788,0.276
275009,14.999,0.000,55.102,0.002,55.118,0.002,54.974,0.001,55.002,0.001,28.178,0.006,28.172,0.006,28.174,0.006,28.174,0.006,26.088,0.020,26.828,0.020,25.963,0.020,26.007,0.020,26.112,0.020,28.698,0.027,23.696,0.039,27.775,0.283
276009,15.000,0.000,55.104,0.002,55.116,0.002,54.974,0.001,55.002,0.001,28.178,0.006,28.174,0.006,28.172,0.006,28.174,0.006,26.088,0.020,26.830,0.020,25.963,0.020,26.008,0.020,26.113,0.020,28.700,0.027,23.719,0.039,27.764,0.290
277009,15.000,0.000,55.102,0.002,55.120,0.002,54.974,0.001,55.002,0.001,28.178,0.006,28.172,0.006,28.172,0.006,28.174,0.006,26.089,0.020,26.830,0.020,25.964,0.020,26.009,0.020,26.113,0.020,28.700,0.027,23.711,0.039,27.738,0.297
278009,15.001,0.000,55.102,0.002,55.118,0.002,54.976,0.001,55.002,0.001,28.178,0.006,28.174,0.006,28.174,0.006,28.174,0.006,26.090,0.020,26.831,0.020,25.964,0.020,26.008,0.020,26.113,0.020,28.702,0.027,23.745,0.039,27.719,0.304
279009,15.000,0.000,55.102,0.002,55.118,0.002,54.974,0.001,55.002,0.001,28.178,0.006,28.174,0.006,28.174,0.006,28.174,0.006,26.091,0.020,26.830,0.020,25.965,0.020,26.009,0.020,26.114,0.020,28.702,0.027,23.725,0.040,27.714,0.312
280009,14.999,0.000,55.102,0.002,55.116,0.002,54.976,0.001,55.002,0.001,28.180,0.006,28.172,0.006,28.174,0.006,28.174,0.006,26.091,0.020,26.830,0.020,25.966,0.020,26.010,0.020,26.115,0.020,28.703,0.027,23.717,0.040,27.697,0.319
281009,14.999,0.000,55.102,0.002,55.118,0.002,54.976,0.001,55.002,0.001,28.180,0.006,28.174,0.006,28.174,0.006,28.174,0.006,26.091,0.020,26.831,0.020,25.966,0.020,26.011,0.020,26.115,0.020,28.703,0.027,23.708,0.040,27.708,0.327
