Date open F0008 F0009 F0034 F0011 F0007 F0036 F0035 F0010 F0014 blank  
2015-02-22_10-17-57 -- 179.937045163 219.078628718 237.768781784 260.739715228 212.945754934 253.479677265 243.447401653 236.56536214 266.215559404 -- 
2015-02-22_10-20-04 -- 172.400277826 215.374050359 235.998332405 260.64182232 -- 253.485094011 242.472798969 235.438394909 265.768845864 -- 
2015-02-22_10-22-11 -- 178.610984133 218.744009812 238.051628968 260.874302484 214.455935912 253.838329101 244.038857399 237.898349562 266.060351082 -- 
2015-02-22_10-24-19 -- 169.481906917 214.876307112 236.233052432 260.919100713 211.359650838 253.655125702 242.794233757 236.028351679 265.835480561 -- 
2015-02-22_10-26-27 -- 174.60789747 217.128376002 237.072037627 260.747127613 212.961078141 253.415892145 243.863565078 237.850444041 266.415076066 -- 
2015-02-22_10-28-34 -- 213.956031957 236.005076088 246.678950773 261.940030987 223.859225736 257.022683837 251.212111702 247.271158968 267.394345861 -- 
2015-02-22_10-30-42 -- 215.619561532 236.926739018 248.531238187 261.783524532 226.968801511 257.439203992 251.219239679 245.505651853 266.293960758 -- 
2015-02-22_10-32-50 -- 217.955425748 238.126956978 249.075094627 261.643421927 224.959757209 256.887751042 251.266619747 247.657516214 266.714554305 -- 
2015-02-22_10-34-57 -- 209.873294924 233.274941818 246.571901419 261.595937545 222.020957534 256.280846818 248.517592612 243.914152942 267.034731057 -- 
2015-02-22_10-37-05 -- 208.98088659 233.595308502 247.318534408 261.704444027 223.412100991 256.011570239 249.137387753 245.121830633 265.954353295 -- 
2015-02-22_10-39-12 -- 204.531135435 230.483749245 244.611632786 261.268312293 221.134173937 255.75042913 249.290966077 246.124872852 265.496221137 -- 
2015-02-22_10-41-22 -- 190.486243961 222.319848619 239.443026412 261.031782056 214.29747501 253.588735731 243.201930011 236.473240131 265.146863115 -- 
2015-02-22_10-43-30 -- 194.422566214 224.755715801 241.64800813 261.196102514 217.494906281 254.814452902 246.928755604 242.288139212 267.036596019 -- 
2015-02-22_10-45-38 -- 199.832382317 229.029594372 244.279400117 261.450314451 220.661314096 255.641482882 248.300121457 243.612224391 266.264348464 -- 
2015-02-22_10-47-45 -- 200.435807616 227.615086405 242.0253402 261.29622501 218.145917136 255.968851599 249.297528943 244.324919699 265.655972787 -- 
2015-02-22_10-49-53 -- 193.409725646 225.299979445 241.6661826 261.122954615 217.565857386 254.512154429 246.074951001 240.773778891 265.736573906 -- 
2015-02-22_10-52-01 -- 194.912173203 225.021544386 240.860368788 261.138757151 216.591524997 254.245636225 244.965569763 238.707013249 265.920253759 -- 
2015-02-22_10-54-09 -- 199.954195936 -- 244.801094785 261.632639559 220.743962691 256.395527884 249.068856424 243.669557101 267.152451887 -- 
2015-02-22_10-56-18 -- 199.705668508 227.706281519 243.200429825 261.61352366 217.647853316 255.26923303 247.050333975 242.060992563 266.688758693 -- 
2015-02-22_10-58-25 -- 207.908873104 231.960061259 244.978366405 261.796140349 223.613961096 255.953634173 247.934025973 242.468150636 266.263679206 -- 
2015-02-22_11-00-35 -- 200.589348521 228.843504558 243.694162878 261.224722926 219.984526016 255.557408306 248.242732708 243.350240461 265.749212957 -- 
2015-02-22_11-02-42 -- 199.796654043 227.818555949 243.207381324 261.566021479 222.016417607 256.636685069 250.276051791 246.346754959 266.78448159 -- 
2015-02-22_11-04-50 -- 215.408154493 236.137871887 247.809630265 262.030111242 224.417677599 257.0428074 250.428837506 246.062893666 266.474564237 -- 
2015-02-22_11-06-57 -- 219.405816714 239.249879215 249.750633857 262.080166216 227.119786492 258.004332382 252.415102767 248.360100318 266.4824029 -- 
2015-02-22_11-09-06 -- 217.767959222 238.138312231 249.578797526 262.304859231 225.58902705 257.726317141 252.624093189 249.051875329 265.913855645 -- 
2015-02-22_11-11-13 -- 224.426823819 243.299939756 252.848234504 262.502799986 233.627693554 259.503516022 255.785416013 253.039556443 266.816903378 -- 
2015-02-22_11-13-22 -- 234.779105392 247.656298961 255.050810843 262.64848935 236.944150719 260.276060453 256.609221639 254.879516556 266.418270597 -- 
2015-02-22_11-15-30 -- 232.891876921 247.228007143 255.238942126 262.945790189 237.243078836 260.064009305 256.264290688 254.515352275 267.059071357 -- 
2015-02-22_11-17-38 -- 236.340507326 249.195742181 256.159660706 263.245977391 240.341661114 260.801754373 257.988025838 256.302996119 266.928598277 -- 
2015-02-22_11-19-46 -- 239.303983125 250.087521276 256.734477084 263.309189208 241.844484158 260.529254508 258.261789627 257.153980652 269.156035969 -- 
2015-02-22_11-21-56 -- 235.544011264 248.365632398 255.835884377 263.430562295 239.071371781 260.626156249 257.550229149 255.692927777 268.685432289 -- 
2015-02-22_11-24-04 -- 235.600761791 247.182125621 255.483053353 263.087488513 237.91667999 260.460773627 258.388630877 256.669791346 267.220152115 -- 
2015-02-22_11-26-14 -- 236.93618605 249.439261414 256.634800295 263.181798111 240.876246143 260.629093087 257.817377125 256.236571795 267.907824087 -- 
2015-02-22_11-28-22 -- 242.014149242 251.542393033 257.512371681 263.731395653 243.002103377 261.196890731 258.352562264 256.88920974 268.616923474 -- 
2015-02-22_11-30-30 -- 241.159808871 250.804183598 256.357989157 263.226866101 241.820996867 260.826410005 258.262046037 257.2928289 267.824847183 -- 
2015-02-22_11-32-38 -- 243.305174835 252.405804499 257.564058236 263.526779335 242.87180848 261.369474434 258.814076895 257.187143541 267.013249616 -- 
2015-02-22_11-34-48 -- 242.262033867 251.055001466 257.178041179 263.550999229 245.365633141 261.310277177 259.266300922 257.67488205 267.350889224 -- 
2015-02-22_11-36-55 -- 245.118659937 253.106777694 258.307026276 263.629265661 247.730334783 261.594372291 259.616020296 258.205698503 267.555186622 -- 
2015-02-22_11-39-03 -- 243.918214219 251.984818811 257.330244376 263.322736488 245.96613287 261.188600511 259.308922038 257.687290254 268.182120527 -- 
2015-02-22_11-41-11 -- -- 248.579371488 256.136359681 263.558681331 242.989757159 261.417234048 258.897581632 256.984680843 267.183404046 -- 
2015-02-22_11-43-18 -- 243.610848369 252.477933685 257.811559491 263.674660022 243.522786487 260.947499753 258.337553228 256.305670001 267.583591824 -- 
2015-02-22_11-45-25 -- 237.687313861 248.720305153 255.826377466 263.391658004 242.822410645 261.282247298 258.841940913 257.157526327 268.103495545 -- 
2015-02-22_11-47-33 -- 236.54383454 248.306062963 255.26379689 263.352241355 238.521935791 260.557402901 256.94795835 254.587898343 268.012044474 -- 
2015-02-22_11-49-41 -- 239.022332246 249.613286589 256.283889687 263.313338582 240.413179199 260.552838651 257.185350401 254.297334533 267.227104922 -- 
2015-02-22_11-51-49 -- 239.168837291 250.287121534 257.092679736 263.748612175 242.019469952 261.133539605 258.23110219 256.469993503 267.187499317 -- 
2015-02-22_11-53-57 -- 242.475185505 251.877250982 257.555947382 263.655705997 243.29362665 261.379623648 258.600330824 257.091959621 267.694735386 -- 
2015-02-22_11-56-05 -- 243.111864554 251.041570648 257.008652251 263.585114747 248.257588398 262.08441218 260.030980953 258.890085407 268.370899613 -- 
2015-02-22_11-58-13 -- 248.397190972 254.166227551 258.263018019 263.759151064 241.629213051 260.756298848 259.090588377 258.407645509 267.82488873 -- 
2015-02-22_12-00-21 -- 248.493448753 254.316448805 258.567567863 264.066477909 248.181085564 261.943567292 259.960554611 258.913820716 267.529696596 -- 
2015-02-22_12-02-28 -- 248.613059532 254.519632384 258.716898813 264.076737897 250.543836311 262.3376152 260.586529988 259.308264492 268.345470245 -- 
2015-02-22_12-04-36 -- 247.873063558 253.828484241 258.093887343 264.034639271 247.925493999 262.28334254 260.507638758 259.26668094 268.555781568 -- 
2015-02-22_12-06-44 -- 250.347674777 255.049999134 258.850580842 263.964912217 249.973852445 262.376706778 260.28987265 259.034962473 268.525845701 -- 
2015-02-22_12-08-54 -- 247.905180181 253.525183065 258.484182528 264.268689584 250.381260439 262.607240246 260.6041346 259.388508722 268.150462964 -- 
2015-02-22_12-11-01 -- 249.608099471 254.849732281 258.9826986 264.053842622 251.251728429 262.379478333 260.46453241 259.213721954 268.894352636 -- 
2015-02-22_12-13-09 -- 248.992517121 254.790893779 258.936806526 264.049684741 249.681362884 262.201341783 260.030328614 258.797325744 268.576975755 -- 
2015-02-22_12-15-18 -- 246.542068725 253.118631963 257.919073382 264.030125044 243.983296147 261.641712827 259.379953504 258.197974116 269.483099077 -- 
2015-02-22_12-17-26 -- -- 249.029958896 255.625360659 263.905239561 239.397954719 261.13744116 258.647195619 257.827708878 269.350155437 -- 
2015-02-22_12-19-34 -- 242.216902684 251.833828357 257.812765421 263.901019567 243.011630652 261.443373234 259.259816819 258.113107769 268.851969688 -- 
2015-02-22_12-21-46 -- 233.407043859 246.134932899 253.698569996 263.599159467 236.149953275 260.63792312 256.752649202 254.830364935 268.562195259 -- 
2015-02-22_12-23-53 -- 233.993674129 246.304827201 254.227507306 263.384414719 234.651239208 260.44363121 257.647104911 256.366994585 268.096986366 -- 
2015-02-22_12-26-01 -- 232.325032274 246.3031097 254.571863746 263.765621898 235.594081996 260.207068675 256.069419014 254.37754588 268.484572102 -- 
2015-02-22_12-28-09 -- 243.756245905 252.637324647 258.349330479 264.580160587 244.646050893 262.183855581 259.345490869 258.020763495 269.32417483 -- 
2015-02-22_12-30-16 -- 233.044430209 245.958209337 254.008937791 263.662795369 235.705594996 260.227701995 256.771754583 254.962616205 269.616966575 -- 
2015-02-22_12-32-25 -- 235.908348059 248.423215895 255.367701186 263.632606287 237.002017512 260.469910321 256.237810892 254.056979563 268.462548154 -- 
2015-02-22_12-34-33 -- 229.378064731 246.160352556 254.52993642 263.70592926 235.562507085 260.484470775 256.732696924 253.902985001 268.58574576 -- 
2015-02-22_12-36-40 -- 229.970624917 244.968282504 253.768940895 263.603487026 235.593326671 260.698969669 256.775324014 254.168803386 268.364709832 -- 
2015-02-22_12-38-49 -- 223.861838837 241.456465152 250.721252467 263.41109896 -- 260.472333493 257.061319542 254.189201269 267.701485002 -- 
2015-02-22_12-40-56 -- 231.845992234 246.225995334 254.284915924 263.682998826 234.015508837 259.974770575 255.240516634 252.159052861 267.994012827 -- 
2015-02-22_12-43-03 -- 227.779059367 244.96759304 255.327960817 264.020467813 237.747331926 260.632991318 256.893707587 254.437497746 268.854636027 -- 
2015-02-22_12-45-11 -- 231.508967129 245.578777456 253.909267002 263.836170847 234.495610958 259.497792296 254.303794559 250.961513927 268.191645952 -- 
2015-02-22_12-47-20 -- 231.344614588 245.44603858 253.556865012 263.699104498 233.550929796 259.596765279 253.767811892 249.535130628 268.133443369 -- 
2015-02-22_12-49-28 -- 237.021633935 249.249790129 257.142809286 264.479685712 244.51485426 262.234913425 259.674600007 258.299257765 269.088489874 -- 
2015-02-22_12-51-36 -- 224.659039475 239.929052194 249.247865336 263.085132366 -- 260.840324215 259.444588648 257.838036327 268.639133495 -- 
2015-02-22_12-53-44 -- 238.985970264 249.540902311 256.252782649 264.3064626 240.75878864 261.787916746 258.984570802 256.86376218 267.937684948 -- 
2015-02-22_12-55-52 -- 232.365905227 246.006572114 254.794425458 263.983551118 233.137427273 259.718191249 254.175091188 249.509849887 268.510795096 -- 
2015-02-22_12-58-01 -- 226.411583596 243.935119281 253.294514895 263.725067269 236.536118564 261.180811915 257.891703779 255.810154601 269.100926788 -- 
2015-02-22_13-00-10 -- 220.46368065 240.062955912 250.480148957 263.565575803 228.25004878 258.525498186 252.234290896 249.497632474 268.469303313 -- 
2015-02-22_13-02-18 -- 232.961436748 246.985596992 254.982248845 264.048761583 235.372226432 260.008514208 255.478872226 252.253211029 268.026551285 -- 
2015-02-22_13-04-27 -- -- 236.251677299 249.201968647 263.279101351 229.04474902 259.256943361 253.670639717 250.182595524 268.064143254 -- 
2015-02-22_13-06-34 -- 212.758570328 234.142658482 246.066706612 263.054568292 221.53004346 257.346323444 250.776845033 245.877377726 267.655597058 -- 
2015-02-22_13-08-42 -- -- -- 248.8477296 263.485564735 225.222510998 257.94627193 250.431810148 245.033856896 268.862516535 -- 
2015-02-22_13-10-50 -- 221.106116139 239.564036542 249.914190393 263.694062359 227.305695034 258.445437224 250.617679756 244.608380491 268.565957509 -- 
2015-02-22_13-12-58 -- 208.705082681 233.910973176 246.663017235 263.122067891 227.263938867 259.393689242 255.565649096 252.573846551 266.880749288 -- 
2015-02-22_13-15-06 -- 232.037268289 246.967071515 255.17902247 264.112631922 237.952764361 260.926694483 256.101535283 250.832450238 267.903434401 -- 
2015-02-22_13-17-14 -- 240.201542008 250.77911936 257.200244589 264.497326251 240.353279626 261.336548032 258.055846847 257.400703654 269.065796569 -- 
2015-02-22_13-19-22 -- 243.277040449 253.713013581 259.38621046 264.736865308 248.508598129 263.016971147 260.81788874 260.033913572 268.872874031 -- 
2015-02-22_13-21-30 -- 250.505840191 256.218757543 260.335072359 265.158386865 248.755287941 263.330155783 261.270674585 259.915030593 270.242127456 -- 
2015-02-22_13-23-38 -- 249.026563848 256.048949334 260.391112629 265.166582132 251.417967716 263.547242009 261.659829216 260.739144196 269.762334345 -- 
2015-02-22_13-25-47 -- 254.656608832 257.942612619 261.161194641 265.433655225 254.8619257 263.521505359 261.724332653 260.667811007 269.273181279 -- 
2015-02-22_13-27-55 -- 254.757316991 257.960362227 260.901061159 265.060184033 253.301039059 263.728741847 261.814445553 260.399810229 269.480254349 -- 
2015-02-22_13-30-03 -- 254.436738075 257.804362513 260.732630565 265.205966747 255.761254414 263.631580451 262.027107842 261.034349514 269.939815847 -- 
2015-02-22_13-32-11 -- 251.894248328 256.494906928 260.146627068 265.100065479 250.524972944 263.323252258 261.20838391 259.814810724 269.128018839 -- 
2015-02-22_13-34-19 -- 250.420081518 255.019965332 258.796963539 264.231346154 246.96268572 262.352843099 259.705988063 258.289960652 268.33482752 -- 
