Date open F0008 F0009 F0034 F0011 F0007 F0036 F0035 F0010 F0014 blank  
2015-02-21_08-25-40 -- 5.08496631293 6.6743698168 2.91505685778 4.46060020815 4.25677336998 3.53963278848 3.18245149322 4.89601417882 5.54074443034 -- 
2015-02-21_08-27-50 -- 5.10099347223 6.60015979649 2.89951225372 4.47063111361 4.40171810073 3.56868639684 3.20815169001 4.96425295461 5.52122719035 -- 
2015-02-21_08-29-59 -- 5.13692803459 6.67409512158 2.91201254581 4.47849977977 4.42363693427 3.55090270204 3.20488210636 4.93624331534 5.51966182152 -- 
2015-02-21_08-32-06 -- 5.209005249 6.63066928581 2.88278605735 4.4757174472 4.53695815188 3.56364659992 3.20734748897 4.95833764627 5.54429765814 -- 
2015-02-21_08-34-14 -- 5.52838142757 6.8815782146 2.96077941705 4.49977127046 4.7157557487 3.5990398444 3.269038697 5.04419893838 5.55774301138 -- 
2015-02-21_08-36-22 -- 5.49523974172 6.87665314036 2.97724677548 4.50086414419 4.71819199013 3.58749987672 3.25564990462 5.01483454586 5.52773066437 -- 
2015-02-21_08-38-30 -- 5.56791695282 6.90721662931 2.97793702677 4.50737427902 4.76823846657 3.59875991905 3.25879878644 5.02963232591 5.55779119946 -- 
2015-02-21_08-40-39 -- 5.4499476148 6.84070736228 2.95485608857 4.49617367217 4.72271731092 3.60017865101 3.27687377162 5.07619065565 5.57982429965 -- 
2015-02-21_08-42-46 -- 5.49567199316 6.88502365232 2.97314332457 4.49867250531 4.75213212809 3.59939896551 3.26480704907 5.03682589771 5.56925968476 -- 
2015-02-21_08-44-54 -- 5.60623656253 6.94580458544 2.98929808559 4.50956638832 4.81427484356 3.62005760239 3.28675545968 5.05728500541 5.5758120627 -- 
2015-02-21_08-47-02 -- 5.75766014184 7.05799360177 3.01554949397 4.50859827178 4.95642763217 3.64050157219 3.31209198268 5.12104738641 5.57869536621 -- 
2015-02-21_08-49-09 -- 5.70942709593 7.03169613754 3.01048598249 4.51416804365 4.88968472626 3.63502022932 3.30460430984 5.10420964164 5.55582945018 -- 
2015-02-21_08-51-17 -- 5.76366888861 7.05252513478 3.01294917626 4.51812564003 4.93583009505 3.63982336251 3.30736572427 5.13505906937 5.57447769741 -- 
2015-02-21_08-53-25 -- 5.81710802587 7.08706438657 3.0185098091 4.53251509415 4.97342047764 3.64329936883 3.33023149551 5.15092147316 5.59818138688 -- 
2015-02-21_08-55-33 -- 5.89836267897 7.13860185522 3.04877848842 4.52653438239 5.02052343972 3.66057186834 3.33805418107 5.16988174603 5.56798031328 -- 
2015-02-21_08-57-41 -- 5.83080488818 7.0874308619 3.02535780062 4.52574818506 4.95745554905 3.64353888911 3.3239255074 5.14579425859 5.60660288067 -- 
2015-02-21_08-59-50 -- 5.81391460347 7.07043817133 3.01740645357 4.50949610309 4.95222794333 3.63211056806 3.34035917823 5.15410997747 5.57293800358 -- 
2015-02-21_09-01-58 -- 5.95043198926 7.18918331917 3.05945101305 4.54210996279 5.06779898412 3.66943016106 3.37174271071 5.20243051333 5.57324276991 -- 
2015-02-21_09-04-06 -- 5.94551726462 7.19740595586 3.06229718568 4.55241400987 5.05127608095 3.66524222222 3.35206731421 5.19253406801 5.5542378498 -- 
2015-02-21_09-06-13 -- 5.78471967979 7.07600696598 3.01080141749 4.51635577848 4.92017352093 3.64280391633 3.32525905233 5.144737538 5.59519622875 -- 
2015-02-21_09-08-22 -- 5.93749482009 7.18730376856 3.04379250174 4.53865061586 5.03810107027 3.66140816298 3.35573654187 5.20179818878 5.62884940288 -- 
2015-02-21_09-10-31 -- 6.00664754975 7.23260376248 3.06276785639 4.54590127497 5.10363253089 3.6819723103 3.37216355802 5.22991208481 5.62397006389 -- 
2015-02-21_09-12-39 -- 6.08601959487 7.27702895986 3.02816230365 4.50719188512 5.15868270344 3.65004490145 3.34465666835 5.20237692791 5.56320302937 -- 
2015-02-21_09-14-48 -- 6.18311353628 7.36630935354 3.09791539043 4.58355228331 5.25852461211 3.71107037373 3.40487205775 5.28127923821 5.57712144678 -- 
2015-02-21_09-16-56 -- 6.13458222562 7.33209295465 3.09989795665 4.57987701235 5.22051080839 3.71022920791 3.40190708623 5.26800301755 5.64870578173 -- 
2015-02-21_09-19-03 -- 6.1127666363 7.3290865702 3.08892454653 4.57316575217 5.19692969752 3.69085843117 3.37778371758 5.23436351464 5.61484617849 -- 
2015-02-21_09-21-11 -- 6.18556760306 7.37048735122 3.10859430973 4.57551688621 5.24873950375 3.70285465894 3.40359590794 5.27786576636 5.62367449897 -- 
2015-02-21_09-23-19 -- 5.99239684073 7.22750538259 3.05073419835 4.55490630909 5.09076437956 3.6859501034 3.34996781232 5.20974305384 5.53521045369 -- 
2015-02-21_09-25-27 -- 6.00791205093 7.24824373413 3.07448273352 4.57279244613 5.1094216616 3.69386481909 3.37954702391 5.2282757798 5.59793436673 -- 
2015-02-21_09-27-35 -- 6.09058699331 7.29641048955 3.08471607947 4.561903242 5.17611752561 3.68696566023 3.39604096782 5.2642082192 5.61430192586 -- 
2015-02-21_09-29-43 -- 6.03057876843 7.25935432754 3.0628082827 4.5605539347 5.09861510962 3.66980735067 3.37015745073 5.22366536049 5.594531849 -- 
2015-02-21_09-31-51 -- 5.90483384037 7.16838299092 3.04998270503 4.54506356809 5.01435891571 3.66618491625 3.36367835837 5.21944982836 5.60109697394 -- 
2015-02-21_09-34-01 -- 5.81245592351 7.12013562833 3.0272059108 4.55786475445 4.94764305061 3.6636385949 3.35054185077 5.19914920972 5.56282554191 -- 
2015-02-21_09-36-09 -- 5.82934142362 7.13351184428 3.04585337114 4.55955998296 4.95943553331 3.67360574923 3.35042811368 5.19358947719 5.60451778489 -- 
2015-02-21_09-38-19 -- 5.73773082381 7.06739568232 3.03254603755 4.55165305388 4.87804905398 3.65416352621 3.35181429986 5.16989931349 5.58649047298 -- 
2015-02-21_09-40-26 -- 5.62846797169 6.98499646328 3.02288350758 4.5588846732 4.76486039569 3.65179890481 3.32599199798 5.12531090943 5.61341633613 -- 
2015-02-21_09-42-35 -- 5.68652901365 7.0297444828 3.02871285776 4.55479182137 4.80574098048 3.66551084109 3.33038855714 5.15530450971 5.65070460922 -- 
2015-02-21_09-44-42 -- 5.40521411682 6.82717328766 2.9818288092 4.55530308036 4.60557848468 3.6475696463 3.30358181354 5.08535639005 5.62417415407 -- 
2015-02-21_09-46-50 -- 5.21036386326 6.68752551186 2.9629844452 4.54846565826 4.42015023396 3.64702205994 3.28738566571 5.06091481776 5.59868921849 -- 
2015-02-21_09-48-58 -- 5.29561497103 6.75688295282 2.98132745901 4.56998338927 4.49866218472 3.65068136181 3.32315931923 5.09607457803 5.62736929189 -- 
2015-02-21_09-51-07 -- 5.39157816711 6.82270968291 2.99310214563 4.56159487394 4.57245852622 3.65927856227 3.32278520167 5.12011257928 5.65718273489 -- 
2015-02-21_09-53-16 -- 5.43196525313 6.84436470545 2.99898478473 4.57113855722 4.61698931023 3.66460365468 3.32207131545 5.12639366913 5.60497721036 -- 
2015-02-21_09-55-25 -- 5.499637116 6.89538986023 3.00954128968 4.58414240905 4.69781401547 3.66946553582 3.32691670819 5.13467949314 5.61019594752 -- 
2015-02-21_09-57-33 -- 5.59493034214 6.96621829657 3.0257082616 4.58588810294 4.73959221789 3.68516170113 3.34234346348 5.15389016077 5.62861115013 -- 
2015-02-21_09-59-41 -- 5.55338142828 6.94409701329 3.01289228934 4.5899756646 4.75234734505 3.67014344624 3.33431633677 5.15521112132 5.649853937 -- 
2015-02-21_10-01-49 -- 5.44768267816 6.87407555661 3.00296928851 4.56942001687 4.67959560196 3.66184447515 3.32605133558 5.1348182245 5.5943454605 -- 
2015-02-21_10-03-58 -- 5.35768963427 6.78500465681 2.98083929844 4.56732279123 4.56090226541 3.64735689547 3.30048886882 5.06934300756 5.64086932309 -- 
2015-02-21_10-06-06 -- 4.98631493826 6.53058930785 2.93073247302 4.55649672117 4.28820781627 3.61375390313 3.24937956979 4.98018152869 5.65642373029 -- 
2015-02-21_10-08-14 -- 4.71594391547 6.33373915366 2.87558181849 4.55357348716 4.09083610225 3.59386136236 3.20780352669 4.89021219477 -- -- 
2015-02-21_10-10-21 -- 4.45243911961 6.12188571979 2.82814229643 4.5439228057 3.89863210747 3.57003056464 3.16672957808 4.81205610121 5.65835287696 -- 
2015-02-21_10-12-29 -- 4.92212570427 6.48912276984 2.9236017113 4.57004090846 4.2333003109 3.63282269929 3.25568748655 4.98706855648 5.65174391954 -- 
2015-02-21_10-14-39 -- 3.78026521186 5.59323920011 2.69560667809 4.51371724402 3.388973496 3.51629553319 3.04177319344 4.58502574117 5.47185674236 -- 
2015-02-21_10-16-47 -- 3.04347777528 5.03369799627 2.5587085376 4.50414498076 2.91830840552 3.45046111554 2.93049597845 4.34413586859 5.65825580741 -- 
2015-02-21_10-18-55 -- 3.41885164344 5.32682195015 2.64432589475 4.51322214695 3.20566346472 3.46935552667 2.98618934406 4.49326153826 5.66655832722 -- 
2015-02-21_10-21-03 -- 3.0800602233 5.04264976501 2.55255437241 4.50713247735 2.99770274057 3.4473976982 2.92444084727 4.35450343978 5.6694935104 -- 
2015-02-21_10-23-12 -- 3.0471626404 4.99677314559 2.531144702 4.50648981023 2.99496368026 3.42008761477 2.89570625755 4.27546528963 5.62475390206 -- 
2015-02-21_10-25-20 -- 2.47788961692 4.54065859705 2.40553806955 4.47971966828 2.6116786928 3.39106897764 2.81374912727 4.13374249279 5.63424247109 -- 
2015-02-21_10-27-28 -- 2.05907434258 4.23119091999 2.34208801155 4.47130067423 2.36080229668 3.35980228217 2.76061108386 4.03646082825 5.63424572883 -- 
2015-02-21_10-29-37 -- 2.43176793258 4.53555603968 2.42441317731 4.4802184171 2.54720714625 3.38073129497 2.81541260529 4.12004688456 5.60127342009 -- 
2015-02-21_10-31-45 -- 2.60997296137 4.6962128117 2.46814279319 4.50546569232 2.71821729579 3.42681291622 2.86388814664 4.21534985513 5.62429621837 -- 
2015-02-21_10-33-53 -- 2.9935386306 4.98881253001 2.54401756273 4.51966323111 2.95892210997 3.44231907748 2.90886955023 4.29656121995 5.63517786651 -- 
2015-02-21_10-36-01 -- 2.97453322252 4.9508073294 2.51096029346 4.49588647921 2.93759667055 3.42731227318 2.90140534735 4.30464472444 5.6160242527 -- 
2015-02-21_10-38-09 -- 2.78406395681 4.80625622491 2.49015091916 4.50930545149 2.8443805789 3.43578108812 2.88282969669 4.23620706225 -- -- 
2015-02-21_10-40-17 -- 2.53185593535 4.60061033831 2.42567704991 4.48878935448 2.64107776101 3.37900057859 2.82220355334 4.12115748098 5.64948686483 -- 
2015-02-21_10-42-25 -- 2.2294133752 4.37564688163 2.3746557536 4.49380129345 2.49981092884 3.37143932492 2.77735307835 4.03950220101 5.66308084792 -- 
2015-02-21_10-44-33 -- 2.27871041061 4.40449585109 2.36941055353 4.50105951462 2.54624035048 3.38387364698 2.79677548798 4.0548557283 5.61132738843 -- 
2015-02-21_10-46-44 -- 2.30763020962 4.42789418036 2.39117543717 4.50871279495 2.5772820939 3.37516568436 2.79594814391 4.08110228972 5.60281568787 -- 
2015-02-21_10-48-51 -- 2.50607634765 4.56419270121 2.42546760743 4.51125069828 2.72862587365 3.39909727415 2.83141692258 4.16081752115 5.65786802983 -- 
2015-02-21_10-50-59 -- 3.00861946482 4.9720924266 2.51546640716 4.53458522168 3.05787297772 3.4517472572 2.92348469636 4.32893980592 5.66996999237 -- 
2015-02-21_10-53-07 -- 3.52821556254 5.36999311402 2.61793996755 4.55014665348 3.23306743262 3.47421856376 2.93839652226 4.3460568922 5.64588426251 -- 
2015-02-21_10-55-16 -- 2.94173874094 4.93858644946 2.51062534692 4.52452857905 3.04296136832 3.45824362786 2.90945325645 4.31505579756 5.67143184162 -- 
2015-02-21_10-57-23 -- 2.94550973105 4.94499311235 2.51992424576 4.53541297274 3.10627533014 3.46683570344 2.94119651843 4.35858337947 5.66076542691 -- 
2015-02-21_10-59-32 -- 3.30223203123 5.21114173761 2.59357635725 4.56703619513 3.29217844119 3.50607459571 2.98469158587 4.42346177804 5.69357177795 -- 
2015-02-21_11-01-40 -- 2.81330522536 4.84371785175 2.52476274469 4.54668895386 2.85073147626 3.47273669148 2.91925893696 4.27551998292 5.6585941485 -- 
2015-02-21_11-03-47 -- 1.89893393511 4.11104680475 2.33850556197 4.51525932203 2.20490455104 3.38816310219 2.75203540938 3.95793038207 5.68342828648 -- 
2015-02-21_11-05-55 -- 1.74917546579 4.02605056842 2.32254259109 4.51390691253 2.29638982007 3.39589268052 2.77641953073 4.00635339769 5.64812924859 -- 
2015-02-21_11-08-03 -- 1.72771010557 4.00962777865 2.32264181269 4.52764076639 2.15702229731 3.40012050576 2.7589509161 3.96053973452 5.65640475478 -- 
2015-02-21_11-10-13 -- 1.22115405398 3.59737704382 2.24693702644 4.52472224708 1.82956658901 3.36553991972 2.70127660896 3.82115070092 5.66951266657 -- 
2015-02-21_11-12-21 -- 1.58715272033 3.89974538571 2.2983398528 4.52029076444 2.10540341218 3.38886961198 2.76022247654 3.95651674606 5.70411862406 -- 
2015-02-21_11-14-29 -- 1.55282319236 3.89626844667 2.3100322938 4.53297641111 2.17673637728 3.4027373682 2.77885287936 4.00237348127 5.6447953771 -- 
2015-02-21_11-16-39 -- 2.05241059666 4.31043545099 2.40274740758 4.53660330238 2.43625701468 3.42616822203 2.83100415042 4.12156711508 5.66333266588 -- 
2015-02-21_11-18-46 -- 1.41943089299 3.7752733939 2.28363608569 4.52621382716 1.91493103981 3.38856120103 2.72938420119 3.87151567247 5.72806424148 -- 
2015-02-21_11-20-54 -- 1.49818965432 3.96657942013 2.31740099377 4.53589300106 1.95973629686 3.3917586058 2.76135145796 3.99002020037 5.73643441434 -- 
2015-02-21_11-23-02 -- 1.7477120334 4.05130448283 2.32782732468 4.53152698504 2.11655041673 3.38082252512 2.75711695562 3.9560904524 5.7040096784 -- 
2015-02-21_11-25-13 -- 2.28304021565 4.49455427896 2.4411910839 4.5417504342 2.57417723057 3.43141056785 2.86580392311 4.22054259147 5.71070944538 -- 
2015-02-21_11-27-20 -- 2.22988320696 4.39852959426 2.42652320306 4.55298855266 2.48952737072 3.44389806128 2.83860289557 4.11133682862 5.73444292832 -- 
2015-02-21_11-29-27 -- 4.34825989572 6.10420344198 2.83296128958 4.62096118997 4.20429649618 3.63159159127 3.21795560267 4.92475344304 5.79057155105 -- 
2015-02-21_11-31-35 -- 4.47589045513 6.10793867272 2.81667609034 4.61502871607 4.04209406533 3.59335453375 3.15238147025 4.75478475703 5.75107300819 -- 
2015-02-21_11-33-43 -- 2.61220687478 4.71287965934 2.51432678265 4.59015746539 2.79831060897 3.49156288383 2.93153788755 4.28979299869 5.7567191602 -- 
2015-02-21_11-35-51 -- 2.54640510702 4.6786798048 2.49592074989 4.58142665145 2.68978421937 3.47621122055 2.91417011202 4.25431000704 5.7296388428 -- 
2015-02-21_11-38-01 -- 2.40918784374 4.54695987021 2.45938418758 4.56673624731 2.59591806425 3.47487937441 2.88950564775 4.1946381652 5.74196374667 -- 
2015-02-21_11-40-13 -- 2.87994912646 4.98541338625 2.5825948894 4.60720281066 3.16454236139 3.5440391881 3.02267008862 4.45998674021 5.8081030135 -- 
2015-02-21_11-42-20 -- 4.37612062821 6.1010286514 2.82294149934 4.63224970764 4.00212715886 3.62208151283 3.19181600781 4.83459626498 5.7314624141 -- 
2015-02-21_11-44-28 -- 4.21698442577 5.98810209598 2.79498353265 4.63538694684 3.91630175761 3.61735917905 3.17727984435 4.81255229116 5.73576538078 -- 
2015-02-21_11-46-37 -- 5.23814701879 6.7674121637 2.97481946401 4.6605462401 4.65796232651 3.69810814143 3.33426036199 5.10225148011 5.77100783535 -- 
2015-02-21_11-48-45 -- 4.89322041069 6.47911868528 2.90856709917 4.66456782705 4.38987645059 3.66838487652 3.25604782261 4.95056289177 5.7764840127 -- 
2015-02-21_11-50-52 -- 4.96110413823 6.53837684013 2.92047558397 4.65966715102 4.52934315206 3.68485497818 3.29036435936 5.01189921977 5.75516103196 -- 
2015-02-21_11-53-00 -- 5.54364967398 6.98462962317 3.04577708978 4.67802980702 4.9593958837 3.73510048728 3.38113803069 5.19088308344 5.76321415007 -- 
2015-02-21_11-55-08 -- 5.98463974181 7.31563055179 3.10819261452 4.69693761846 5.24922302552 3.77435990835 3.43410141983 5.32864696403 5.79016941254 -- 
2015-02-21_11-57-16 -- 6.17839287971 7.47376982717 3.15150712581 4.71079547411 5.35646026464 3.79123341933 3.46203988043 5.3582608713 5.80843407162 -- 
2015-02-21_11-59-24 -- 6.11052383096 7.40407388536 3.12883130662 4.70392839512 5.28483263411 3.77054597645 3.44296741628 5.32131051423 5.77359041665 -- 
2015-02-21_12-01-33 -- 6.05295324984 7.36540094196 3.11505234226 4.69516217811 5.2230791236 3.75941051711 3.43099365297 5.31344937581 5.79127802338 -- 
2015-02-21_12-03-42 -- 5.9698415238 7.32779988223 3.11873189331 4.71505727221 5.18915287959 3.77616152442 3.44516908145 5.31423492186 5.76811595568 -- 
2015-02-21_12-05-50 -- 5.96627772701 7.33256515868 3.10803155982 4.70710511241 5.19270209783 3.77202675034 3.43329043191 5.30399059568 5.81784169007 -- 
2015-02-21_12-07-58 -- 5.9308087656 7.29513655899 3.11163243868 4.70490617546 5.16342744713 3.77409411032 3.43118877703 5.28203611466 5.81986423438 -- 
2015-02-21_12-10-06 -- 5.99145393603 7.34804199986 3.1360566416 4.72547163752 5.21721030318 3.7909862442 3.43820042276 5.2982073826 5.82264315431 -- 
2015-02-21_12-12-14 -- 5.47542103913 6.9341732129 3.01249301373 4.69754666276 4.81135397958 3.72400051144 3.33543769177 5.12386418224 5.78236250758 -- 
2015-02-21_12-14-22 -- 5.38568607597 6.89660077124 3.01985474691 4.70093473876 4.78414759433 3.72727714491 3.33738502708 5.11693707006 5.78971863155 -- 
2015-02-21_12-16-29 -- 5.41844528263 6.94362703718 3.04480625851 4.72013505093 4.84479454751 3.75845473667 3.37641778499 5.1670096984 5.7835818575 -- 
2015-02-21_12-18-37 -- 4.97171010723 6.54775596995 2.92238736714 4.6949297288 4.47559112238 3.69146770772 3.2799013695 4.99461878438 5.77990549311 -- 
2015-02-21_12-20-45 -- 4.93832444727 6.54467267798 2.93879560156 4.69182383608 4.49413093149 3.69669200553 3.29309366035 4.99772008788 5.78031654849 -- 
2015-02-21_12-22-53 -- 4.59966913086 6.27200189631 2.87404829304 4.68514499918 4.19261426647 3.66930503886 3.23138163374 4.88165742296 5.75956465554 -- 
2015-02-21_12-25-01 -- 4.31602468608 6.06982539538 2.8317149305 4.67871318727 4.01789748779 3.66324070936 3.19434495269 4.82664439086 5.77904784946 -- 
2015-02-21_12-27-09 -- 4.018000304 5.85758536901 2.78542601484 4.67528831039 3.85728264632 3.64550831299 3.16219894742 4.74747355862 5.77179629951 -- 
2015-02-21_12-29-17 -- 3.92649595485 5.76361057737 2.73929975584 4.6713591931 3.70767956504 3.60861778995 3.12892246165 4.67878719264 5.73935201706 -- 
2015-02-21_12-31-25 -- 4.43612810115 6.1867118945 2.853058284 4.70578290494 4.10796504538 3.66655570229 3.20878624686 4.83268155814 5.80690461603 -- 
2015-02-21_12-33-33 -- 4.73835410189 6.45236594975 2.92576972135 4.71523558782 4.37234649332 3.72221715617 3.29890045061 4.95859917346 5.85150181522 -- 
2015-02-21_12-35-41 -- 4.93828922324 6.91893522067 3.04405807465 4.71186543668 4.12220250097 3.71376988148 3.35734943535 5.19702753431 5.84337187949 -- 
2015-02-21_12-37-52 -- 5.34180999078 7.21820551799 3.14272274741 4.75251407569 4.35314797099 3.80090564473 3.45176216716 5.33978783359 5.85739966681 -- 
2015-02-21_12-40-00 -- 5.16851850542 7.07350181789 3.13818977631 4.75440282206 4.39526343214 3.83696684561 3.48840054123 5.40229175336 5.83272959115 -- 
2015-02-21_12-42-09 -- 5.44512733753 7.23930823525 3.14119137344 4.74285284498 3.94682484581 3.78946058741 3.43677937025 5.31870395861 5.85584896521 -- 
2015-02-21_12-44-16 -- 5.00630220246 7.11948002816 3.14949802659 4.75553438466 4.06301891897 3.81031600117 3.46912599805 5.35607783862 5.89239028744 -- 
2015-02-21_12-46-24 -- 5.00940160261 7.00172919377 3.11791924411 4.73454252603 4.31760411036 3.81360840052 3.49808878421 5.39071641512 5.85803220699 -- 
2015-02-21_12-48-33 -- 5.37790266491 7.1526323125 3.12251926449 4.73979399305 3.89723897611 3.7534174834 3.37406751577 5.12438117889 5.82748899748 -- 
2015-02-21_12-50-41 -- 4.41973625186 6.48908687928 2.97468558598 4.7093068358 3.92039770927 3.75766482112 3.40482143586 5.25134618004 5.80140925726 -- 
2015-02-21_12-52-50 -- 5.20257156305 7.04467299479 3.09145036701 4.74309327463 4.17501144057 3.77351583282 3.3944862329 5.22502987182 5.89547018505 -- 
2015-02-21_12-54-57 -- 5.870027897 7.58475406555 3.18465174762 4.75442628946 4.75230540742 3.8283420647 3.49907947257 5.40773821649 5.89303082968 -- 
2015-02-21_12-57-05 -- 6.33334566977 7.75194645356 3.24324891255 4.77640393868 5.44536805084 3.86350489103 3.55954938027 5.52745339153 5.87556010537 -- 
2015-02-21_12-59-13 -- 6.58174051502 7.88193017229 3.28206340124 4.79337207361 5.6180441442 3.8842462242 3.59664953912 5.56980358293 5.88786623952 -- 
2015-02-21_13-01-21 -- 6.67043121139 7.92398676427 3.27511502388 4.79125038823 5.69833732966 3.89165563405 3.59496086192 5.57693422548 5.88694468194 -- 
2015-02-21_13-03-29 -- 6.6472130231 7.91458008763 3.2697203211 4.7793155453 5.73858920686 3.88374419039 3.58177394849 5.55692386461 5.85259682467 -- 
2015-02-21_13-05-37 -- 6.68621713754 7.91023707364 3.27341777166 4.79060604919 5.7148210923 3.89173990334 3.58599093449 5.56040966082 5.85194766083 -- 
2015-02-21_13-07-45 -- 6.75365834613 7.95844391775 3.27477580827 4.79588190729 5.80309030178 3.87117696297 3.58189611397 5.5630495482 5.83877804801 -- 
2015-02-21_13-09-53 -- 6.71406644615 7.91897409357 3.28173213384 4.79780725983 5.79152288825 3.88418466911 3.59399655461 5.58203055156 5.87628138266 -- 
2015-02-21_13-12-01 -- 6.77899997376 7.96353061642 3.29961170659 4.80302917556 5.83736336542 3.89620492248 3.60353826063 5.58392317546 5.85793004733 -- 
2015-02-21_13-14-11 -- 6.84171077752 8.00856416608 3.29624096714 4.79039602587 5.92723080369 3.88862491884 3.61072985449 5.60459863223 5.82618918435 -- 
2015-02-21_13-16-18 -- 6.83242970899 8.02491888043 3.29317623876 4.79638345015 5.89929558605 3.89425687611 3.60289398267 5.59406168096 5.83234761257 -- 
2015-02-21_13-18-27 -- 6.82976996601 8.01288123167 3.29626974829 4.79820650341 5.89568787979 3.90050024208 3.60925545507 5.59200202042 5.83718224191 -- 
2015-02-21_13-20-36 -- 6.80969165689 8.00046606897 3.28709684231 4.78998937594 5.88855070916 3.8816412667 3.59954571756 5.58819536455 5.82991014679 -- 
2015-02-21_13-22-43 -- 6.81760058282 8.01117381078 3.30720015177 4.80093001448 5.91450160341 3.90589783387 3.6123019514 5.6036146773 5.85086485447 -- 
2015-02-21_13-24-51 -- 6.82726270638 8.02714714747 3.29856769116 4.80240320017 5.91730554778 3.90774343491 3.61048010175 5.61662084145 5.80636189876 -- 
2015-02-21_13-26-59 -- 6.80463851211 7.99119072754 3.29715487632 4.81066361722 5.88394833938 3.90032903043 3.59386189767 5.59934283772 5.84125961458 -- 
2015-02-21_13-29-08 -- 6.77595936294 7.98053997939 3.28081929342 4.80579030154 5.8561196287 3.89471810809 3.59408758788 5.59947450762 5.81386020083 -- 
2015-02-21_13-31-17 -- 6.78349046057 7.97372129076 3.28557362305 4.79725973821 5.82179887064 3.89265399445 3.59429820327 5.58926480957 5.88768295749 -- 
2015-02-21_13-33-24 -- 6.78270804339 7.96094483689 3.29505536582 4.81682008539 5.88698561661 3.92419459478 3.62628824616 5.60517988393 5.89341642674 -- 
2015-02-21_13-35-32 -- 6.8370684312 8.00503840066 3.29887712409 4.81635074168 5.91547749412 3.91910228394 3.61905609704 5.61080633791 5.85821315448 -- 
2015-02-21_13-42-56 -- 6.77559557821 7.99131294299 3.29138087508 4.81760138845 5.87289172865 3.90255985584 3.60494641808 5.61412270263 5.82480630595 -- 
2015-02-21_13-45-03 -- 6.80771935055 8.00032253597 3.28638326483 4.80755547132 5.88943103022 3.89366239187 3.60120753779 5.60710681354 5.78962469518 -- 
2015-02-21_13-47-11 -- 6.85331282455 8.01189869905 3.30835989449 4.82498751815 5.91099113933 3.91572984108 3.62308305146 5.61747187779 5.95990771102 -- 
2015-02-21_13-49-20 -- 6.80223932094 7.98238794641 3.2880288074 4.81669479786 5.86989775255 3.90574764379 3.61003736926 5.61517366607 5.9243262149 -- 
2015-02-21_13-51-27 -- 6.78988997357 7.99678700839 3.30046283292 4.81956270256 5.83000768406 3.91488399894 3.61765771329 5.608995519 -- -- 
2015-02-21_13-53-34 -- 6.76586848412 7.97415321775 3.28962230044 4.8184164978 5.85812007775 3.90936137864 3.60500071664 5.60380946653 5.87497148762 -- 
2015-02-21_13-55-42 -- 6.79534578636 8.00699380765 3.30255280272 4.82937442789 5.87453571591 3.92490089116 3.61501774235 5.61263115415 5.89429360921 -- 
2015-02-21_13-57-50 -- 6.80884345756 7.9998578245 3.30948672822 4.82914583182 5.89864969307 3.92491966767 3.61768125525 5.61171211863 5.89342965301 -- 
2015-02-21_13-59-58 -- 6.80166503629 7.99683684168 3.31328426279 4.8263643231 5.88646169825 3.93093096878 3.62636464652 5.61805608611 5.90728401101 -- 
2015-02-21_14-02-06 -- 6.78561118683 7.98897955078 3.3072927489 4.81802706185 5.88085036264 3.91717802206 3.61932059567 5.61455435455 5.89399899832 -- 
2015-02-21_14-04-14 -- 6.77631218868 7.98241966802 3.29306448513 4.81710803241 5.86664852667 3.9061758458 3.60443548122 5.60178265406 5.84521676637 -- 
2015-02-21_14-06-22 -- 6.80928480486 7.99555195594 3.29382110127 4.82727235723 5.88496911243 3.92293957005 3.60455359449 5.61097345754 5.86644164622 -- 
2015-02-21_14-08-29 -- 6.77862584113 7.98527804808 3.29350554177 4.82546649837 5.89329650681 3.92911538257 3.61237093865 5.61919946114 5.91369574926 -- 
2015-02-21_14-10-39 -- 6.8189387484 8.01777515844 3.30394300476 4.82506927205 5.91527571236 3.91996004652 3.61587007515 5.62281697193 5.89064816585 -- 
2015-02-21_14-12-46 -- 6.79619081969 7.99499102881 3.29745536662 4.8340367966 5.89789313113 3.92217603928 3.61639281146 5.61081811657 5.88946713479 -- 
2015-02-21_14-14-54 -- 6.80870564305 7.99904957845 3.31695982627 4.83373805363 5.90061976594 3.91672048621 3.61452243575 5.60275291835 5.90543987578 -- 
2015-02-21_14-17-02 -- 6.78489613263 8.00087670304 3.32312965072 4.83658181037 5.90719901928 3.923494492 3.6140771204 5.61252313905 5.8634083047 -- 
2015-02-21_14-19-10 -- 6.8065512907 8.01985239837 3.30464627426 4.83259650063 5.92397424312 3.92985598314 3.61824002347 5.62170562887 5.8966703263 -- 
2015-02-21_14-21-18 -- 6.79812954214 8.00469944696 3.30638382758 4.84181863378 5.93257302709 3.93041011848 3.62686713339 5.62863989951 5.89537446481 -- 
2015-02-21_14-23-27 -- 6.81252328509 8.00987546872 3.30621582724 4.8360535955 5.92174498704 3.92813191654 3.62703035444 5.62328034746 5.8873047521 -- 
2015-02-21_14-25-35 -- 6.82960551017 8.02387754805 3.31483751177 4.83684490093 5.93992607138 3.92295672866 3.63464078899 5.62658390477 5.87667485274 -- 
2015-02-21_14-27-43 -- 6.81602200203 8.02066944466 3.30975464149 4.84508105987 5.93621384045 3.91618097688 3.62502672525 5.62751414333 5.89405510615 -- 
2015-02-21_14-29-51 -- 6.84713222116 8.03341724243 3.31059136788 4.84042862329 5.97366871227 3.93836429469 3.63055483101 5.64287071039 5.89946176988 -- 
2015-02-21_14-31-59 -- 6.83184807965 8.0232076632 3.310261865 4.8245053172 5.93814176264 3.92717688316 3.62453346719 5.62280708639 5.84369750159 -- 
2015-02-21_14-34-07 -- 6.80253501999 8.00766590905 3.29814329305 4.82815936312 5.92078812369 3.9240029634 3.61758671297 5.62337589135 5.90479314997 -- 
2015-02-21_14-36-15 -- 6.8071169857 8.00840296686 3.31013132685 4.84961101405 5.91703945457 3.93089781473 3.63425256298 5.63500971022 5.9136278844 -- 
2015-02-21_14-38-24 -- 6.81293985923 8.01744485764 3.31146718358 4.84752888442 5.92608660561 3.92998557674 3.63468891842 5.63001361111 5.9178237743 -- 
2015-02-21_14-40-33 -- 6.8019838918 8.01467563542 3.31565314467 4.8464231558 5.90968557272 3.92356685728 3.61891750463 5.62482729293 5.90515932093 -- 
2015-02-21_14-42-40 -- 6.78474804995 7.99081557243 3.30933539487 4.83353239257 5.87986032807 3.92861478231 3.62075534159 5.61292166204 5.86827453812 -- 
2015-02-21_14-44-48 -- 6.82261599527 8.02663459077 3.30768362156 4.83798529037 5.92744050405 3.92085503227 3.61604611035 5.63247968802 5.80741119296 -- 
2015-02-21_14-46-55 -- 6.85406512583 8.04575831676 3.31338595149 4.85276681272 5.94191713325 3.92091058249 3.62524778011 5.63284971781 5.89062047646 -- 
2015-02-21_14-49-03 -- 6.85096532774 8.05896274965 3.34109972719 4.86438879973 5.9558432744 3.94162413856 3.63481913436 5.63167861012 5.91744515002 -- 
2015-02-21_14-51-13 -- 6.84480657293 8.04818102172 3.32603386113 4.85641587282 5.96160121261 3.94461653292 3.6416219066 5.64026313152 5.88415637702 -- 
2015-02-21_14-53-20 -- 6.87589502995 8.07050293868 3.3245600236 4.85836181917 5.97008320977 3.94463498165 3.64769961863 5.65448781374 -- -- 
2015-02-21_14-55-28 -- 6.88497085879 8.08601858008 3.32437834042 4.85297357706 5.99440271371 3.94445525962 3.65010003225 5.64819742374 5.85955091055 -- 
2015-02-21_14-57-38 -- 6.891295456 8.08778950674 3.33749683742 4.86724344119 5.99360559169 3.9474907231 3.64224835615 5.65281299785 5.88214839783 -- 
2015-02-21_14-59-45 -- 6.90939888594 8.10011935442 3.33178396373 4.86792212633 6.00574722111 3.938155241 3.64167639027 5.65102866497 5.88984377848 -- 
2015-02-21_15-01-53 -- 6.9343953072 8.12034856609 3.33457720015 4.86752371438 6.02580517595 3.93854139373 3.6496736528 5.66530442573 5.90397591377 -- 
2015-02-21_15-04-02 -- 6.9355354745 8.12925594757 3.34383092858 4.87067032221 6.03468626191 3.94659242122 3.64447657288 5.6660249143 5.88313399693 -- 
2015-02-21_15-06-10 -- 6.93631868039 8.13626978906 3.33755700953 4.86533057084 6.03413082489 3.9513790744 3.64233574248 5.66769166583 5.89259212544 -- 
