Wavelengths (microns) Transmittance (%)
2.000	0.15
2.001	0.02
2.002	-0.11
2.003	-0.15
2.003	-0.11
2.004	0.04
2.005	0.20
2.006	0.24
2.006	0.20
2.007	0.14
2.008	0.08
2.009	0.03
2.010	-0.02
2.010	-0.01
2.011	0.14
2.012	0.25
2.013	0.24
2.013	0.17
2.014	0.10
2.015	0.03
2.016	-0.01
2.017	0.06
2.017	0.15
2.018	0.16
2.019	0.17
2.020	0.20
2.020	0.20
2.021	0.20
2.022	0.21
2.023	0.18
2.024	0.15
2.024	0.16
2.025	0.17
2.026	0.17
2.027	0.18
2.028	0.12
2.028	0.05
2.029	0.10
2.030	0.20
2.031	0.22
2.032	0.15
2.032	0.11
2.033	0.08
2.034	0.06
2.035	0.03
2.036	0.00
2.036	0.03
2.037	0.12
2.038	0.21
2.039	0.27
2.040	0.20
2.040	0.03
2.041	-0.01
2.042	0.05
2.043	0.06
2.044	0.03
2.044	-0.01
2.045	-0.03
2.046	0.01
2.047	0.07
2.048	0.12
2.048	0.20
2.049	0.23
2.050	0.15
2.051	0.03
2.052	-0.02
2.052	0.02
2.053	0.09
2.054	0.14
2.055	0.14
2.056	0.08
2.057	-0.01
2.057	-0.06
2.058	-0.03
2.059	0.03
2.060	0.14
2.061	0.23
2.061	0.22
2.062	0.12
2.063	0.07
2.064	0.04
2.065	0.05
2.066	0.07
2.066	0.12
2.067	0.14
2.068	0.09
2.069	0.05
2.070	0.08
2.071	0.10
2.071	0.01
2.072	-0.04
2.073	0.01
2.074	0.05
2.075	0.06
2.076	0.06
2.076	0.05
2.077	0.07
2.078	0.09
2.079	0.07
2.080	0.04
2.081	0.01
2.081	0.01
2.082	0.08
2.083	0.14
2.084	0.16
2.085	0.14
2.086	0.05
2.086	-0.02
2.087	-0.04
2.088	-0.01
2.089	0.03
2.090	0.08
2.091	0.12
2.091	0.18
2.092	0.23
2.093	0.22
2.094	0.15
2.095	0.04
2.096	0.01
2.096	0.08
2.097	0.12
2.098	0.07
2.099	0.04
2.100	0.07
2.101	0.10
2.102	0.11
2.102	0.13
2.103	0.17
2.104	0.16
2.105	0.14
2.106	0.16
2.107	0.13
2.108	0.04
2.108	0.03
2.109	0.04
2.110	0.01
2.111	-0.01
2.112	0.01
2.113	0.04
2.114	0.04
2.114	0.05
2.115	0.13
2.116	0.20
2.117	0.15
2.118	0.08
2.119	0.03
2.120	0.01
2.121	0.04
2.121	0.06
2.122	0.03
2.123	0.04
2.124	0.11
2.125	0.17
2.126	0.17
2.127	0.13
2.127	0.11
2.128	0.09
2.129	0.08
2.130	0.09
2.131	0.11
2.132	0.08
2.133	0.07
2.134	0.11
2.134	0.12
2.135	0.11
2.136	0.05
2.137	0.06
2.138	0.16
2.139	0.20
2.140	0.15
2.141	0.05
2.142	0.02
2.142	0.08
2.143	0.14
2.144	0.13
2.145	0.10
2.146	0.08
2.147	0.07
2.148	0.01
2.149	-0.01
2.150	0.02
2.150	0.05
2.151	0.07
2.152	0.11
2.153	0.16
2.154	0.17
2.155	0.10
2.156	0.05
2.157	0.09
2.158	0.15
2.158	0.11
2.159	0.01
2.160	-0.04
2.161	-0.01
2.162	0.02
2.163	0.02
2.164	-0.02
2.165	-0.04
2.166	0.02
2.167	0.07
2.168	0.07
2.168	0.07
2.169	0.08
2.170	0.11
2.171	0.15
2.172	0.13
2.173	0.10
2.174	0.08
2.175	0.05
2.176	0.02
2.177	0.05
2.178	0.09
2.178	0.09
2.179	0.09
2.180	0.07
2.181	0.07
2.182	0.07
2.183	0.04
2.184	0.04
2.185	0.09
2.186	0.16
2.187	0.18
2.188	0.13
2.189	0.04
2.189	0.02
2.190	0.04
2.191	0.05
2.192	0.03
2.193	0.04
2.194	0.08
2.195	0.09
2.196	0.10
2.197	0.12
2.198	0.12
2.199	0.07
2.200	0.03
2.201	0.00
2.202	0.02
2.203	0.07
2.203	0.12
2.204	0.14
2.205	0.11
2.206	0.03
2.207	0.01
2.208	0.05
2.209	0.08
2.210	0.08
2.211	0.06
2.212	0.03
2.213	0.06
2.214	0.08
2.215	0.07
2.216	0.07
2.217	0.05
2.218	0.04
2.219	0.01
2.220	-0.03
2.220	-0.01
2.221	0.04
2.222	0.08
2.223	0.08
2.224	0.08
2.225	0.11
2.226	0.13
2.227	0.12
2.228	0.10
2.229	0.05
2.230	0.02
2.231	0.03
2.232	0.03
2.233	0.01
2.234	0.02
2.235	0.07
2.236	0.10
2.237	0.10
2.238	0.10
2.239	0.14
2.240	0.12
2.241	0.05
2.242	0.02
2.243	0.04
2.244	0.07
2.244	0.10
2.245	0.13
2.246	0.15
2.247	0.14
2.248	0.15
2.249	0.15
2.250	0.13
2.251	0.08
2.252	0.02
2.253	-0.02
2.254	0.00
2.255	0.05
2.256	0.07
2.257	0.03
2.258	0.01
2.259	0.03
2.260	0.04
2.261	0.05
2.262	0.02
2.263	-0.01
2.264	-0.02
2.265	-0.02
2.266	0.00
2.267	0.05
2.268	0.08
2.269	0.10
2.270	0.09
2.271	0.04
2.272	0.01
2.273	0.03
2.274	0.08
2.275	0.09
2.276	0.07
2.277	0.03
2.278	0.00
2.279	-0.02
2.280	-0.01
2.281	0.04
2.282	0.04
2.283	-0.01
2.284	-0.01
2.285	0.06
2.286	0.14
2.287	0.20
2.288	0.18
2.289	0.10
2.290	0.03
2.291	0.00
2.292	-0.02
2.293	0.02
2.294	0.05
2.295	0.07
2.296	0.08
2.297	0.06
2.298	0.00
2.299	-0.02
2.300	0.04
2.301	0.05
2.302	0.05
2.303	0.05
2.304	0.05
2.305	0.06
2.306	0.03
2.307	0.01
2.308	0.03
2.310	0.06
2.311	0.04
2.312	0.01
2.313	0.03
2.314	0.07
2.315	0.09
2.316	0.07
2.317	0.06
2.318	0.05
2.319	0.04
2.320	0.02
2.321	0.00
2.322	0.01
2.323	0.05
2.324	0.06
2.325	0.03
2.326	0.01
2.327	0.00
2.328	0.03
2.329	0.08
2.330	0.09
2.331	0.08
2.332	0.07
2.333	0.05
2.334	0.03
2.336	0.05
2.337	0.05
2.338	0.01
2.339	0.00
2.340	0.00
2.341	0.03
2.342	0.05
2.343	0.04
2.344	0.05
2.345	0.06
2.346	0.06
2.347	0.08
2.348	0.08
2.349	0.05
2.350	0.05
2.351	0.08
2.352	0.05
2.354	0.01
2.355	0.02
2.356	0.05
2.357	0.07
2.358	0.06
2.359	0.03
2.360	-0.02
2.361	-0.01
2.362	0.02
2.363	0.05
2.364	0.07
2.365	0.05
2.366	0.02
2.368	0.00
2.369	0.03
2.370	0.04
2.371	0.01
2.372	-0.01
2.373	0.01
2.374	0.04
2.375	0.07
2.376	0.08
2.377	0.06
2.378	0.05
2.379	0.00
2.381	0.00
2.382	0.03
2.383	0.05
2.384	0.06
2.385	0.07
2.386	0.09
2.387	0.08
2.388	0.03
2.389	-0.02
2.390	-0.05
2.392	-0.03
2.393	0.02
2.394	0.05
2.395	0.05
2.396	0.02
2.397	-0.01
2.398	-0.01
2.399	0.01
2.400	0.01
2.402	0.01
2.403	0.02
2.404	0.05
2.405	0.04
2.406	0.02
2.407	0.00
2.408	0.03
2.409	0.08
2.410	0.11
2.412	0.09
2.413	0.06
2.414	0.04
2.415	0.03
2.416	0.05
2.417	0.06
2.418	0.02
2.419	0.01
2.421	0.01
2.422	0.00
2.423	0.01
2.424	0.04
2.425	0.08
2.426	0.10
2.427	0.08
2.429	0.03
2.430	-0.01
2.431	-0.03
2.432	-0.02
2.433	0.02
2.434	0.02
2.435	0.04
2.437	0.06
2.438	0.04
2.439	0.02
2.440	0.00
2.441	0.00
2.442	0.01
2.443	0.03
2.445	0.04
2.446	0.03
2.447	0.01
2.448	0.01
2.449	0.03
2.450	0.05
2.452	0.06
2.453	0.05
2.454	0.04
2.455	0.01
2.456	0.01
2.457	0.02
2.459	0.03
2.460	0.03
2.461	0.03
2.462	0.02
2.463	0.02
2.464	0.01
2.466	0.01
2.467	0.02
2.468	0.04
2.469	0.04
2.470	0.01
2.471	-0.02
2.473	-0.01
2.474	0.02
2.475	0.04
2.476	0.06
2.477	0.06
2.478	0.05
2.480	0.04
2.481	0.03
2.482	0.02
2.483	0.01
2.484	0.03
2.486	0.05
2.487	0.05
2.488	0.06
2.489	0.07
2.490	0.07
2.492	0.05
2.493	0.01
2.494	0.01
2.495	0.03
2.496	0.06
2.498	0.04
2.499	0.02
2.500	0.02
2.501	0.06
2.502	0.06
2.504	0.02
2.505	0.00
2.506	0.01
2.507	0.02
2.508	0.03
2.510	0.04
2.511	0.04
2.512	0.01
2.513	-0.02
2.515	-0.04
2.516	-0.01
2.517	0.01
2.518	0.01
2.519	0.01
2.521	0.02
2.522	0.04
2.523	0.08
2.524	0.11
2.526	0.11
2.527	0.10
2.528	0.07
2.529	0.05
2.531	0.04
2.532	0.01
2.533	-0.01
2.534	0.00
2.535	0.03
2.537	0.05
2.538	0.05
2.539	0.04
2.540	0.00
2.542	-0.02
2.543	0.01
2.544	0.05
2.545	0.04
2.547	0.01
2.548	0.00
2.549	0.01
2.550	0.02
2.552	0.02
2.553	0.01
2.554	0.01
2.555	0.02
2.557	0.03
2.558	0.04
2.559	0.03
2.561	0.02
2.562	0.04
2.563	0.06
2.564	0.07
2.566	0.04
2.567	0.02
2.568	-0.01
2.569	-0.01
2.571	0.02
2.572	0.04
2.573	0.05
2.575	0.05
2.576	0.03
2.577	0.01
2.578	0.00
2.580	0.03
2.581	0.04
2.582	0.03
2.584	0.01
2.585	0.00
2.586	0.00
2.587	0.01
2.589	0.02
2.590	0.02
2.591	0.02
2.593	0.02
2.594	0.04
2.595	0.04
2.596	0.04
2.598	0.01
2.599	0.00
2.600	0.03
2.602	0.04
2.603	0.02
2.604	0.01
2.606	0.04
2.607	0.04
2.608	0.02
2.610	0.02
2.611	0.02
2.612	0.03
2.613	0.04
2.615	0.04
2.616	0.03
2.617	0.02
2.619	0.00
2.620	0.00
2.621	0.01
2.623	0.02
2.624	0.03
2.625	0.03
2.627	0.02
2.628	0.04
2.629	0.04
2.631	0.04
2.632	0.04
2.633	0.03
2.635	0.04
2.636	0.05
2.637	0.04
2.639	0.03
2.640	0.02
2.641	0.01
2.643	0.01
2.644	0.02
2.646	0.01
2.647	0.01
2.648	0.02
2.650	0.04
2.651	0.05
2.652	0.03
2.654	0.01
2.655	0.01
2.656	0.02
2.658	0.03
2.659	0.02
2.660	0.00
2.662	0.01
2.663	0.03
2.665	0.04
2.666	0.02
2.667	0.01
2.669	0.00
2.670	-0.01
2.671	0.00
2.673	0.00
2.674	0.02
2.676	0.04
2.677	0.04
2.678	0.03
2.680	0.01
2.681	0.00
2.682	0.02
2.684	0.02
2.685	0.00
2.687	0.01
2.688	0.01
2.689	0.01
2.691	0.00
2.692	0.00
2.694	0.00
2.695	-0.01
2.696	-0.01
2.698	0.01
2.699	0.02
2.701	0.01
2.702	0.02
2.703	0.05
2.705	0.07
2.706	0.08
2.708	0.07
2.709	0.03
2.711	0.01
2.712	0.01
2.713	0.02
2.715	0.03
2.716	0.03
2.718	0.00
2.719	-0.01
2.720	0.01
2.722	0.01
2.723	0.00
2.725	0.00
2.726	0.01
2.728	0.03
2.729	0.02
2.731	0.01
2.732	0.00
2.733	0.01
2.735	0.03
2.736	0.05
2.738	0.04
2.739	0.02
2.741	0.02
2.742	0.02
2.744	0.01
2.745	0.00
2.746	0.00
2.748	0.01
2.749	0.02
2.751	0.02
2.752	0.02
2.754	0.03
2.755	0.03
2.757	0.02
2.758	0.02
2.760	0.01
2.761	0.00
2.763	0.01
2.764	0.03
2.765	0.03
2.767	0.01
2.768	0.00
2.770	-0.01
2.771	0.01
2.773	0.02
2.774	0.02
2.776	0.00
2.777	-0.02
2.779	0.00
2.780	0.03
2.782	0.04
2.783	0.03
2.785	0.03
2.786	0.03
2.788	0.03
2.789	0.04
2.791	0.03
2.792	0.02
2.794	0.02
2.795	0.02
2.797	0.03
2.798	0.03
2.800	0.03
2.801	0.03
2.803	0.03
2.804	0.03
2.806	0.02
2.807	0.02
2.809	0.01
2.810	0.00
2.812	-0.01
2.814	0.00
2.815	0.01
2.817	0.03
2.818	0.03
2.820	0.01
2.821	0.01
2.823	0.03
2.824	0.03
2.826	0.01
2.827	0.00
2.829	0.01
2.830	0.02
2.832	0.03
2.834	0.02
2.835	0.01
2.837	0.03
2.838	0.03
2.840	0.03
2.841	0.02
2.843	0.01
2.844	0.01
2.846	0.02
2.848	0.02
2.849	0.01
2.851	0.02
2.852	0.04
2.854	0.04
2.855	0.04
2.857	0.05
2.859	0.04
2.860	0.03
2.862	0.03
2.863	0.03
2.865	0.02
2.866	0.01
2.868	0.00
2.870	-0.01
2.871	-0.01
2.873	0.00
2.874	0.02
2.876	0.03
2.878	0.03
2.879	0.02
2.881	0.01
2.882	0.01
2.884	0.01
2.886	0.00
2.887	0.00
2.889	0.02
2.890	0.03
2.892	0.04
2.894	0.03
2.895	0.02
2.897	0.01
2.899	0.02
2.900	0.04
2.902	0.03
2.903	0.01
2.905	0.01
2.907	0.03
2.908	0.04
2.910	0.04
2.912	0.03
2.913	0.02
2.915	0.02
2.916	0.02
2.918	0.01
2.920	0.00
2.921	0.00
2.923	0.00
2.925	0.00
2.926	0.00
2.928	0.01
2.930	0.03
2.931	0.05
2.933	0.04
2.935	0.03
2.936	0.01
2.938	0.00
2.940	0.02
2.941	0.04
2.943	0.03
2.945	0.01
2.946	0.01
2.948	0.02
2.950	0.03
2.951	0.03
2.953	0.02
2.955	0.02
2.956	0.03
2.958	0.02
2.960	0.00
2.961	0.00
2.963	0.00
2.965	0.00
2.967	0.02
2.968	0.02
2.970	0.02
2.972	0.01
2.973	0.00
2.975	0.01
2.977	0.01
2.978	0.02
2.980	0.01
2.982	0.02
2.984	0.03
2.985	0.02
2.987	0.01
2.989	0.00
2.991	0.01
2.992	0.03
2.994	0.03
2.996	0.02
2.997	0.01
2.999	0.01
3.001	0.02
3.003	0.01
3.004	0.01
3.006	0.01
3.008	0.01
3.010	0.01
3.011	0.01
3.013	0.00
3.015	0.01
3.017	0.02
3.018	0.02
3.020	0.00
3.022	0.00
3.024	0.01
3.025	0.02
3.027	0.01
3.029	0.01
3.031	0.01
3.032	0.03
3.034	0.05
3.036	0.04
3.038	0.03
3.040	0.02
3.041	0.03
3.043	0.03
3.045	0.01
3.047	0.01
3.049	0.02
3.050	0.03
3.052	0.02
3.054	0.02
3.056	0.02
3.058	0.01
3.059	0.00
3.061	0.01
3.063	0.02
3.065	0.03
3.067	0.02
3.068	0.01
3.070	0.01
3.072	0.01
3.074	0.01
3.076	0.02
3.078	0.03
3.079	0.03
3.081	0.02
3.083	0.01
3.085	0.01
3.087	0.01
3.089	0.00
3.090	0.01
3.092	0.02
3.094	0.02
3.096	0.02
3.098	0.02
3.100	0.03
3.101	0.03
3.103	0.04
3.105	0.03
3.107	0.02
3.109	0.01
3.111	0.02
3.113	0.01
3.115	0.00
3.116	0.00
3.118	0.01
3.120	0.01
3.122	0.02
3.124	0.02
3.126	0.01
3.128	0.02
3.130	0.03
3.131	0.03
3.133	0.03
3.135	0.02
3.137	0.02
3.139	0.02
3.141	0.01
3.143	0.01
3.145	0.01
3.147	0.01
3.149	0.00
3.150	0.00
3.152	0.01
3.154	0.01
3.156	0.02
3.158	0.01
3.160	0.01
3.162	0.01
3.164	0.02
3.166	0.02
3.168	0.01
3.170	0.01
3.172	0.01
3.174	0.01
3.176	0.03
3.178	0.03
3.179	0.02
3.181	0.00
3.183	0.00
3.185	0.00
3.187	0.00
3.189	0.00
3.191	0.01
3.193	0.01
3.195	0.01
3.197	0.00
3.199	-0.01
3.201	0.00
3.203	0.02
3.205	0.02
3.207	0.02
3.209	0.02
3.211	0.01
3.213	0.01
3.215	0.01
3.217	0.02
3.219	0.01
3.221	0.00
3.223	0.01
3.225	0.01
3.227	0.00
3.229	0.01
3.231	0.02
3.233	0.02
3.235	0.01
3.237	0.00
3.239	0.00
3.241	0.00
3.243	0.01
3.245	0.02
3.247	0.01
3.249	0.00
3.251	0.00
3.253	0.01
3.255	0.02
3.257	0.01
3.259	0.00
3.262	0.01
3.264	0.01
3.266	0.02
3.268	0.02
3.270	0.02
3.272	0.01
3.274	0.01
3.276	0.00
3.278	0.00
3.280	0.00
3.282	0.00
3.284	0.00
3.286	0.00
3.288	0.00
3.291	0.01
3.293	0.01
3.295	0.01
3.297	0.02
3.299	0.02
3.301	0.02
3.303	0.01
3.305	0.01
3.307	0.00
3.309	0.00
3.312	0.00
3.314	0.00
3.316	0.01
3.318	0.02
3.320	0.03
3.322	0.02
3.324	0.01
3.326	-0.01
3.329	0.00
3.331	0.01
3.333	0.01
3.335	0.01
3.337	0.01
3.339	0.01
3.341	0.02
3.344	0.02
3.346	0.01
3.348	0.00
3.350	-0.01
3.352	0.00
3.354	0.02
3.357	0.01
3.359	0.01
3.361	0.01
3.363	0.01
3.365	0.01
3.367	0.01
3.370	0.02
3.372	0.01
3.374	0.00
3.376	0.00
3.378	0.00
3.381	0.01
3.383	0.02
3.385	0.03
3.387	0.03
3.389	0.02
3.392	0.02
3.394	0.01
3.396	0.01
3.398	0.00
3.401	0.00
3.403	0.00
3.405	0.00
3.407	0.00
3.410	0.00
3.412	0.01
3.414	0.02
3.416	0.02
3.419	0.02
3.421	0.01
3.423	0.01
3.425	0.00
3.428	0.00
3.430	0.00
3.432	0.01
3.434	0.01
3.437	0.01
3.439	0.01
3.441	0.01
3.444	0.01
3.446	0.01
3.448	0.01
3.450	0.01
3.453	0.01
3.455	0.01
3.457	0.02
3.460	0.02
3.462	0.02
3.464	0.01
3.467	0.01
3.469	0.01
3.471	0.01
3.474	0.01
3.476	0.01
3.478	0.01
3.481	0.01
3.483	0.01
3.485	0.02
3.488	0.02
3.490	0.02
3.492	0.01
3.495	0.00
3.497	0.00
3.499	0.00
3.502	-0.01
3.504	-0.01
3.506	0.00
3.509	0.02
3.511	0.03
3.514	0.02
3.516	0.02
3.518	0.01
3.521	0.02
3.523	0.02
3.526	0.01
3.528	0.00
3.530	0.00
3.533	0.00
3.535	0.00
3.538	0.00
3.540	0.00
3.542	0.00
3.545	0.00
3.547	0.01
3.550	0.02
3.552	0.03
3.555	0.03
3.557	0.01
3.559	0.01
3.562	0.02
3.564	0.02
3.567	0.02
3.569	0.01
3.572	0.01
3.574	0.01
3.577	0.01
3.579	0.01
3.582	0.01
3.584	0.01
3.587	0.01
3.589	0.01
3.592	0.01
3.594	0.01
3.596	0.01
3.599	0.01
3.601	0.01
3.604	0.01
3.607	0.01
3.609	0.01
3.612	0.01
3.614	0.01
3.617	0.00
3.619	0.00
3.622	0.00
3.624	0.00
3.627	0.01
3.629	0.01
3.632	0.01
3.634	0.01
3.637	0.00
3.639	0.00
3.642	0.00
3.645	0.01
3.647	0.01
3.650	0.01
3.652	0.00
3.655	0.01
3.657	0.01
3.660	0.01
3.663	0.01
3.665	0.01
3.668	0.01
3.670	0.01
3.673	0.02
3.676	0.02
3.678	0.03
3.681	0.03
3.683	0.02
3.686	0.01
3.689	0.00
3.691	0.01
3.694	0.01
3.697	0.02
3.699	0.01
3.702	0.01
3.704	0.02
3.707	0.02
3.710	0.02
3.712	0.03
3.715	0.03
3.718	0.03
3.720	0.03
3.723	0.03
3.726	0.04
3.728	0.05
3.731	0.06
3.734	0.08
3.737	0.09
3.739	0.09
3.742	0.10
3.745	0.11
3.747	0.11
3.750	0.11
3.753	0.11
3.755	0.11
3.758	0.10
3.761	0.10
3.764	0.08
3.766	0.06
3.769	0.04
3.772	0.04
3.775	0.03
3.777	0.02
3.780	0.01
3.783	0.01
3.786	0.01
3.788	0.00
3.791	0.00
3.794	0.01
3.797	0.02
3.800	0.02
3.802	0.02
3.805	0.02
3.808	0.02
3.811	0.02
3.813	0.02
3.816	0.01
3.819	0.01
3.822	0.01
3.825	0.02
3.828	0.03
3.830	0.02
3.833	0.01
3.836	0.01
3.839	0.02
3.842	0.03
3.845	0.03
3.847	0.02
3.850	0.01
3.853	0.00
3.856	0.01
3.859	0.01
3.862	0.01
3.865	0.01
3.868	0.01
3.870	0.00
3.873	0.01
3.876	0.01
3.879	0.01
3.882	0.01
3.885	0.02
3.888	0.02
3.891	0.01
3.894	0.01
3.897	0.00
3.900	0.00
3.903	0.01
3.905	0.01
3.908	0.01
3.911	0.01
3.914	0.01
3.917	0.01
3.920	0.01
3.923	0.02
3.926	0.01
3.929	0.01
3.932	0.01
3.935	0.01
3.938	0.01
3.941	0.01
3.944	0.01
3.947	0.00
3.950	0.00
3.953	0.00
3.956	0.00
3.959	0.01
3.962	0.01
3.965	0.01
3.968	0.01
3.971	0.00
3.974	0.00
3.977	0.00
3.980	0.00
3.984	0.01
3.987	0.01
3.990	0.00
3.993	0.00
3.996	0.00
3.999	0.00
4.002	0.00
4.005	0.00
4.008	0.01
4.011	0.01
4.014	0.01
4.017	0.01
4.021	0.01
4.024	0.01
4.027	0.01
4.030	0.01
4.033	0.01
4.036	0.01
4.039	0.00
4.043	0.00
4.046	0.00
4.049	0.01
4.052	0.01
4.055	0.01
4.058	0.01
4.062	0.00
4.065	0.00
4.068	0.01
4.071	0.01
4.074	0.01
4.078	0.00
4.081	-0.01
4.084	0.00
4.087	0.01
4.090	0.01
4.094	0.01
4.097	0.01
4.100	0.01
4.103	0.01
4.107	0.01
4.110	0.00
4.113	0.00
4.116	0.00
4.120	0.01
4.123	0.01
4.126	0.01
4.130	0.01
4.133	0.02
4.136	0.02
4.139	0.02
4.143	0.02
4.146	0.02
4.149	0.02
4.153	0.02
4.156	0.02
4.159	0.02
4.163	0.02
4.166	0.02
4.169	0.02
4.173	0.03
4.176	0.03
4.179	0.03
4.183	0.03
4.186	0.03
4.190	0.03
4.193	0.02
4.196	0.02
4.200	0.01
4.203	0.01
4.207	0.01
4.210	0.01
4.213	0.00
4.217	0.00
4.220	0.01
4.224	0.01
4.227	0.01
4.231	0.01
4.234	0.01
4.238	0.00
4.241	0.00
4.245	0.01
4.248	0.01
4.251	0.01
4.255	0.01
4.258	0.01
4.262	0.01
4.265	0.01
4.269	0.00
4.273	0.00
4.276	0.00
4.280	0.01
4.283	0.01
4.287	0.01
4.290	0.01
4.294	0.01
4.297	0.01
4.301	0.01
4.304	0.01
4.308	0.01
4.312	0.02
4.315	0.01
4.319	0.01
4.322	0.01
4.326	0.01
4.330	0.01
4.333	0.01
4.337	0.01
4.340	0.01
4.344	0.01
4.348	0.01
4.351	0.00
4.355	0.00
4.359	0.00
4.362	0.00
4.366	0.00
4.370	0.00
4.373	0.01
4.377	0.02
4.381	0.01
4.385	0.01
4.388	0.00
4.392	0.00
4.396	0.01
4.399	0.01
4.403	0.01
4.407	0.01
4.411	0.00
4.414	-0.01
4.418	0.00
4.422	0.00
4.426	0.01
4.430	0.01
4.433	0.01
4.437	0.01
4.441	0.01
4.445	0.01
4.449	0.01
4.452	0.01
4.456	0.01
4.460	0.01
4.464	0.02
4.468	0.02
4.472	0.02
4.475	0.03
4.479	0.04
4.483	0.04
4.487	0.05
4.491	0.06
4.495	0.08
4.499	0.10
4.503	0.13
4.507	0.15
4.510	0.18
4.514	0.21
4.518	0.21
4.522	0.20
4.526	0.17
4.530	0.14
4.534	0.12
4.538	0.10
4.542	0.08
4.546	0.06
4.550	0.05
4.554	0.05
4.558	0.05
4.562	0.06
4.566	0.06
4.570	0.07
4.574	0.08
4.578	0.09
4.582	0.10
4.586	0.11
4.590	0.11
4.594	0.10
4.599	0.09
4.603	0.07
4.607	0.06
4.611	0.05
4.615	0.04
4.619	0.04
4.623	0.04
4.627	0.04
4.631	0.04
4.636	0.04
4.640	0.04
4.644	0.04
4.648	0.04
4.652	0.05
4.656	0.06
4.661	0.06
4.665	0.07
4.669	0.07
4.673	0.07
4.677	0.07
4.682	0.07
4.686	0.07
4.690	0.07
4.694	0.07
4.699	0.07
4.703	0.07
4.707	0.06
4.711	0.07
4.716	0.08
4.720	0.10
4.724	0.12
4.729	0.16
4.733	0.20
4.737	0.25
4.742	0.32
4.746	0.42
4.750	0.56
4.755	0.74
4.759	0.95
4.763	1.17
4.768	1.36
4.772	1.48
4.777	1.49
4.781	1.37
4.785	1.15
4.790	0.88
4.794	0.61
4.799	0.40
4.803	0.25
4.808	0.17
4.812	0.11
4.816	0.08
4.821	0.06
4.825	0.04
4.830	0.03
4.834	0.02
4.839	0.02
4.844	0.02
4.848	0.02
4.853	0.01
4.857	0.01
4.862	0.01
4.866	0.02
4.871	0.02
4.875	0.02
4.880	0.02
4.885	0.02
4.889	0.02
4.894	0.02
4.898	0.03
4.903	0.03
4.908	0.03
4.912	0.03
4.917	0.03
4.922	0.03
4.926	0.04
4.931	0.04
4.936	0.04
4.940	0.05
4.945	0.06
4.950	0.09
4.955	0.11
4.959	0.14
4.964	0.16
4.969	0.17
4.974	0.16
4.978	0.14
4.983	0.11
4.988	0.08
4.993	0.05
4.998	0.03
5.002	0.02
5.007	0.02
5.012	0.02
5.017	0.01
5.022	0.01
5.027	0.01
5.032	0.01
5.036	0.01
5.041	0.01
5.046	0.01
5.051	0.01
5.056	0.01
5.061	0.01
5.066	0.00
5.071	0.00
5.076	0.00
5.081	0.00
5.086	0.00
5.091	0.01
5.096	0.01
5.101	0.01
5.106	0.01
5.111	0.01
5.116	0.01
5.121	0.02
5.126	0.02
5.131	0.03
5.136	0.03
5.141	0.03
5.147	0.03
5.152	0.03
5.157	0.03
5.162	0.03
5.167	0.02
5.172	0.02
5.177	0.02
5.183	0.02
5.188	0.02
5.193	0.02
5.198	0.02
5.203	0.01
5.209	0.01
5.214	0.02
5.219	0.02
5.224	0.03
5.230	0.03
5.235	0.02
5.240	0.02
5.245	0.02
5.251	0.02
5.256	0.02
5.261	0.02
5.267	0.01
5.272	0.01
5.278	0.01
5.283	0.01
5.288	0.01
5.294	0.01
5.299	0.01
5.305	0.01
5.310	0.01
5.315	0.01
5.321	0.01
5.326	0.01
5.332	0.00
5.337	0.00
5.343	0.01
5.348	0.01
5.354	0.01
5.359	0.01
5.365	0.01
5.371	0.01
5.376	0.02
5.382	0.03
5.387	0.04
5.393	0.05
5.398	0.07
5.404	0.08
5.410	0.09
5.415	0.10
5.421	0.10
5.427	0.11
5.432	0.12
5.438	0.12
5.444	0.13
5.450	0.14
5.455	0.13
5.461	0.13
5.467	0.12
5.473	0.11
5.478	0.09
5.484	0.07
5.490	0.05
5.496	0.04
5.502	0.03
5.507	0.03
5.513	0.02
5.519	0.02
5.525	0.01
5.531	0.01
5.537	0.01
5.543	0.01
5.549	0.02
5.555	0.02
5.561	0.03
5.567	0.04
5.573	0.06
5.579	0.08
5.585	0.09
5.591	0.10
5.597	0.10
5.603	0.08
5.609	0.06
5.615	0.03
5.621	0.01
5.627	0.01
5.633	0.01
5.639	0.00
5.645	0.00
5.652	0.00
5.658	0.00
5.664	0.00
5.670	0.00
5.676	0.00
5.683	0.00
5.689	0.00
5.695	0.01
5.701	0.01
5.708	0.00
5.714	0.00
5.720	0.00
5.727	0.00
5.733	0.00
5.739	0.01
5.746	0.01
5.752	0.01
5.758	0.02
5.765	0.02
5.771	0.02
5.778	0.02
5.784	0.01
5.791	0.00
5.797	0.00
5.804	0.00
5.810	0.00
5.817	0.00
5.823	0.00
5.830	0.00
5.836	0.00
5.843	0.00
5.849	0.01
5.856	0.01
5.863	0.01
5.869	0.01
5.876	0.00
5.883	0.00
5.889	0.00
5.896	0.00
5.903	0.01
5.909	0.01
5.916	0.01
5.923	0.01
5.930	0.01
5.936	0.00
5.943	0.00
5.950	0.00
5.957	0.01
5.964	0.01
5.971	0.00
5.978	0.00
5.984	0.00
5.991	0.00
5.998	0.00
6.005	0.01
6.012	0.02
6.019	0.04
6.026	0.07
6.033	0.12
6.040	0.16
6.047	0.20
6.054	0.21
6.061	0.20
6.069	0.16
6.076	0.11
6.083	0.06
6.090	0.03
6.097	0.02
6.104	0.01
6.111	0.01
6.119	0.01
6.126	0.01
6.133	0.01
6.140	0.02
6.148	0.03
6.155	0.07
6.162	0.15
6.170	0.29
6.177	0.48
6.184	0.69
6.192	0.84
6.199	0.91
6.207	0.90
6.214	0.82
6.222	0.67
6.229	0.48
6.237	0.32
6.244	0.21
6.252	0.15
6.259	0.12
6.267	0.09
6.274	0.07
6.282	0.05
6.290	0.04
6.297	0.03
6.305	0.02
6.312	0.02
6.320	0.02
6.328	0.02
6.336	0.02
6.343	0.01
6.351	0.01
6.359	0.01
6.367	0.01
6.375	0.01
6.382	0.01
6.390	0.02
6.398	0.03
6.406	0.05
6.414	0.08
6.422	0.10
6.430	0.10
6.438	0.09
6.446	0.07
6.454	0.04
6.462	0.02
6.470	0.01
6.478	0.01
6.486	0.00
6.494	0.00
6.503	0.00
6.511	0.00
6.519	0.00
6.527	0.00
6.535	0.00
6.544	0.00
6.552	0.00
6.560	0.00
6.568	0.00
6.577	0.00
6.585	0.01
6.594	0.00
6.602	0.00
6.610	0.01
6.619	0.01
6.627	0.01
6.636	0.01
6.644	0.00
6.653	0.00
6.661	0.01
6.670	0.01
6.679	0.02
6.687	0.03
6.696	0.04
6.704	0.05
6.713	0.06
6.722	0.06
6.731	0.06
6.739	0.06
6.748	0.06
6.757	0.05
6.766	0.05
6.775	0.06
6.783	0.07
6.792	0.10
6.801	0.15
6.810	0.23
6.819	0.35
6.828	0.47
6.837	0.53
6.846	0.53
6.855	0.45
6.864	0.32
6.873	0.19
6.883	0.11
6.892	0.06
6.901	0.03
6.910	0.03
6.919	0.02
6.929	0.02
6.938	0.02
6.947	0.01
6.956	0.02
6.966	0.02
6.975	0.02
6.985	0.02
6.994	0.02
7.003	0.02
7.013	0.02
7.022	0.02
7.032	0.02
7.042	0.02
7.051	0.01
7.061	0.01
7.070	0.01
7.080	0.01
7.090	0.01
7.099	0.01
7.109	0.01
7.119	0.01
7.129	0.01
7.138	0.01
7.148	0.01
7.158	0.01
7.168	0.00
7.178	0.00
7.188	0.01
7.198	0.01
7.208	0.01
7.218	0.01
7.228	0.01
7.238	0.01
7.248	0.02
7.258	0.02
7.269	0.02
7.279	0.02
7.289	0.02
7.299	0.01
7.310	0.01
7.320	0.01
7.330	0.01
7.341	0.01
7.351	0.01
7.362	0.01
7.372	0.00
7.383	0.00
7.393	0.00
7.404	0.00
7.414	0.00
7.425	0.01
7.435	0.02
7.446	0.01
7.457	0.01
7.468	0.00
7.478	0.00
7.489	0.00
7.500	0.00
7.511	0.00
7.522	0.01
7.533	0.01
7.544	0.01
7.555	0.01
7.566	0.00
7.577	0.00
7.588	0.00
7.599	0.00
7.610	0.01
7.621	0.02
7.633	0.04
7.644	0.09
7.655	0.14
7.666	0.16
7.678	0.16
7.689	0.12
7.701	0.07
7.712	0.04
7.724	0.03
7.735	0.02
7.747	0.02
7.758	0.02
7.770	0.02
7.782	0.03
7.793	0.05
7.805	0.10
7.817	0.17
7.829	0.25
7.840	0.30
7.852	0.30
7.864	0.24
7.876	0.15
7.888	0.07
7.900	0.03
7.912	0.02
7.924	0.02
7.937	0.02
7.949	0.01
7.961	0.01
7.973	0.01
7.985	0.00
7.998	0.00
8.010	0.01
8.023	0.01
8.035	0.02
8.047	0.02
8.060	0.01
8.073	0.01
8.085	0.01
8.098	0.01
8.110	0.02
8.123	0.03
8.136	0.03
8.149	0.01
8.161	0.00
8.174	0.00
8.187	0.00
8.200	0.00
8.213	0.01
8.226	0.01
8.239	0.01
8.252	0.01
8.266	0.01
8.279	0.02
8.292	0.01
8.305	0.01
8.319	0.01
8.332	0.00
8.346	0.00
8.359	0.00
8.372	0.00
8.386	0.01
8.400	0.01
8.413	0.01
8.427	0.00
8.441	0.00
8.454	0.00
8.468	0.01
8.482	0.01
8.496	0.01
8.510	0.01
8.524	0.01
8.538	0.01
8.552	0.00
8.566	0.00
8.580	0.00
8.595	0.00
8.609	0.00
8.623	0.00
8.638	0.00
8.652	0.00
8.666	0.01
8.681	0.02
8.696	0.02
8.710	0.02
8.725	0.01
8.740	0.01
8.754	0.01
8.769	0.00
8.784	0.00
8.799	0.01
8.814	0.01
8.829	0.01
8.844	0.01
8.859	0.02
8.874	0.01
8.889	0.00
8.905	0.01
8.920	0.01
8.935	0.01
8.951	0.02
8.966	0.02
8.982	0.03
8.997	0.02
9.013	0.01
9.029	0.01
9.045	0.01
9.060	0.01
9.076	0.02
9.092	0.02
9.108	0.01
9.124	0.01
9.140	0.01
9.156	0.01
9.173	0.01
9.189	0.02
9.205	0.02
9.222	0.02
9.238	0.01
9.255	0.01
9.271	0.01
9.288	0.01
9.304	0.01
9.321	0.01
9.338	0.01
9.355	0.01
9.372	0.01
9.389	0.00
9.406	0.01
9.423	0.02
9.440	0.01
9.457	0.01
9.474	0.00
9.492	0.00
9.509	0.01
9.527	0.01
9.544	0.02
9.562	0.02
9.580	0.02
9.597	0.02
9.615	0.01
9.633	0.01
9.651	0.02
9.669	0.03
9.687	0.01
9.705	0.00
9.723	0.01
9.742	0.02
9.760	0.03
9.778	0.03
9.797	0.01
9.815	0.01
9.834	0.01
9.853	0.02
9.871	0.02
9.890	0.02
9.909	0.02
9.928	0.02
9.947	0.01
9.966	0.01
9.986	0.00
10.005	0.01
10.024	0.01
10.044	0.02
10.063	0.01
10.083	0.00
10.102	0.01
10.122	0.01
10.142	0.02
10.162	0.02
10.182	0.02
10.202	0.01
10.222	0.00
10.242	-0.01
10.262	0.00
10.283	0.00
10.303	0.01
10.324	0.01
10.344	0.01
10.365	0.01
10.386	0.01
10.407	0.00
10.428	0.00
10.449	0.01
10.470	0.01
10.491	0.01
10.512	0.02
10.534	0.02
10.555	0.02
10.577	0.01
10.598	0.01
10.620	0.01
10.642	0.00
10.664	0.01
10.686	0.02
10.708	0.03
10.730	0.02
10.752	0.01
10.774	0.00
10.797	0.00
10.819	0.00
10.842	0.01
10.865	0.01
10.888	0.00
10.911	0.00
10.934	0.02
10.957	0.02
10.980	0.02
11.003	0.01
11.027	0.01
11.050	0.01
11.074	0.03
11.098	0.03
11.121	0.03
11.145	0.02
11.169	0.03
11.193	0.03
11.218	0.03
11.242	0.02
11.266	0.01
11.291	0.00
11.316	0.00
11.340	0.01
11.365	0.03
11.390	0.04
11.415	0.04
11.440	0.03
11.466	0.01
11.491	0.00
11.517	0.00
11.542	0.01
11.568	0.02
11.594	0.02
11.620	0.03
11.646	0.04
11.672	0.05
11.699	0.06
11.725	0.10
11.752	0.18
11.779	0.32
11.805	0.53
11.832	0.68
11.859	0.62
11.887	0.39
11.914	0.18
11.941	0.09
11.969	0.06
11.997	0.04
12.024	0.03
12.052	0.03
12.081	0.02
12.109	0.02
12.137	0.02
12.166	0.02
12.194	0.03
12.223	0.02
12.252	0.01
12.281	-0.01
12.310	-0.01
12.339	0.00
12.369	0.00
12.398	0.01
12.428	0.02
12.458	0.02
12.488	0.01
12.518	0.00
12.548	0.00
12.579	0.01
12.610	0.03
12.640	0.03
12.671	0.03
12.702	0.02
12.734	0.02
12.765	0.01
12.796	0.02
12.828	0.04
12.860	0.06
12.892	0.06
12.924	0.05
12.956	0.05
12.989	0.08
13.022	0.13
13.054	0.19
13.087	0.26
13.120	0.31
13.154	0.37
13.187	0.43
13.221	0.49
13.255	0.53
13.289	0.52
13.323	0.45
13.357	0.34
13.392	0.22
13.426	0.13
13.461	0.08
13.496	0.06
13.531	0.05
13.567	0.05
13.602	0.04
13.638	0.02
13.674	0.01
13.710	-0.01
13.747	-0.01
13.783	0.01
13.820	0.01
13.857	0.01
13.894	0.01
13.932	0.02
13.969	0.02
14.007	0.00
14.045	0.00
14.083	0.02
14.121	0.04
14.160	0.03
14.199	0.02
14.238	0.03
14.277	0.03
14.316	0.02
14.356	0.01
14.396	0.02
14.436	0.03
14.476	0.03
14.517	0.04
14.558	0.05
14.599	0.03
14.640	0.01
14.681	0.01
14.723	0.02
14.765	0.03
14.807	0.02
14.850	0.01
14.892	0.01
14.935	0.01
14.978	0.01
15.022	0.00
15.065	0.00
15.109	0.00
15.154	0.01
15.198	0.02
15.243	0.02
15.288	0.03
15.333	0.03
15.378	0.03
15.424	0.02
15.470	0.02
15.517	0.03
15.563	0.04
15.610	0.02
15.657	0.01
15.705	0.01
15.752	0.02
15.801	0.02
15.849	0.02
15.897	0.03
15.946	0.03
15.995	0.04
16.045	0.03
16.095	0.02
16.145	0.01
16.195	0.02
16.246	0.04
16.297	0.04
16.349	0.04
16.400	0.04
16.453	0.02
16.505	0.01
16.558	0.01
16.611	0.02
16.664	0.04
16.718	0.05
16.772	0.05
16.827	0.04
16.881	0.01
16.937	0.03
16.992	0.09
17.048	0.10
17.104	0.06
17.161	0.01
17.218	-0.01
17.275	0.00
17.333	0.03
17.391	0.04
17.450	0.00
17.509	-0.01
17.568	0.02
17.628	0.05
17.688	0.04
17.748	0.01
17.809	0.01
17.871	0.02
17.933	0.05
17.995	0.06
18.058	0.06
18.121	0.05
18.184	0.06
18.249	0.05
18.313	0.04
18.378	0.00
18.443	-0.02
18.509	-0.03
18.575	-0.01
18.642	0.04
18.709	0.09
18.777	0.13
18.846	0.15
18.914	0.15
18.984	0.12
19.053	0.11
19.124	0.14
19.195	0.19
19.266	0.24
19.338	0.29
19.410	0.31
19.483	0.33
19.557	0.37
19.631	0.43
19.706	0.49
19.781	0.53
19.857	0.53
19.933	0.52
20.010	0.54
20.087	0.54
20.165	0.56
20.244	0.60
20.324	0.67
20.404	0.74
20.484	0.83
20.566	0.90
20.648	0.95
20.730	1.04
20.813	1.18
20.897	1.31
20.982	1.46
21.067	1.64
21.153	1.85
21.240	2.10
21.327	2.40
21.416	2.75
21.504	3.15
21.594	3.61
21.684	4.16
21.776	4.89
21.867	5.94
21.960	7.27
22.053	8.80
22.147	10.71
22.242	13.21
22.338	16.38
22.435	20.28
22.533	25.01
22.631	30.53
22.730	36.55
22.831	42.65
22.932	48.43
23.136	54.03
23.345	59.19
23.557	59.71
23.773	58.55
23.993	58.26
24.218	59.07
24.446	60.15
24.679	60.58
24.916	60.15
25.158	59.39
25.405	58.30
25.656	56.53
25.913	54.16
26.175	51.56
26.442	48.98
26.714	46.61
26.993	44.25
27.276	40.78
27.566	35.29
27.863	28.41
28.166	21.56
28.475	15.90
28.792	11.73
29.115	8.67
29.446	6.18
29.785	4.06
30.131	2.31
30.486	0.96
30.848	0.05
31.220	0.01
31.601	1.54
31.991	1.39
32.391	0.72
32.801	0.67
33.221	0.46
33.653	0.67
34.096	0.77
34.551	0.92
35.018	0.96
35.496	0.58
35.989	0.47
36.496	1.09
37.018	1.09
37.554	0.51
38.107	0.41
38.676	0.47
39.262	0.85
39.866	1.09
40.489	0.69
41.132	0.33
41.796	0.64
42.479	1.03
43.187	1.40
43.919	1.60
44.677	1.44
45.461	0.82
46.273	0.57
47.114	1.09
47.987	1.82
48.893	1.84
49.833	1.52
50.810	0.96
51.824	1.10
52.882	1.91
53.984	2.18
55.133	1.22
56.332	1.17
57.584	1.93
58.893	2.28
60.263	1.64
61.698	1.01
63.203	0.18
64.784	0.77
66.441	1.47
68.190	1.53
70.033	1.96
71.979	2.68
74.036	1.62
76.214	0.89
78.524	1.83
80.978	2.27
83.591	1.86
86.378	1.06
89.358	0.11
92.541	0.98
95.969	3.40
99.661	4.31
103.648	3.27
107.968	2.10
112.663	1.48
117.786	1.32
123.396	2.00
129.567	3.29
136.388	3.20
143.968	1.56
152.439	2.29
161.943	8.60
172.741	8.13
185.082	3.36
199.322	0.05