Wavelengths (microns) Transmittance (%)
2.000	0.22
2.001	0.19
2.002	0.08
2.003	0.04
2.003	0.09
2.004	0.11
2.005	0.11
2.006	0.07
2.006	0.04
2.007	0.09
2.008	0.12
2.009	0.17
2.010	0.16
2.010	0.07
2.011	0.04
2.012	0.10
2.013	0.18
2.013	0.27
2.014	0.23
2.015	0.14
2.016	0.13
2.017	0.17
2.017	0.19
2.018	0.27
2.019	0.38
2.020	0.40
2.020	0.28
2.021	0.18
2.022	0.20
2.023	0.20
2.024	0.11
2.024	0.03
2.025	0.03
2.026	0.05
2.027	0.07
2.028	0.09
2.028	0.12
2.029	0.16
2.030	0.22
2.031	0.23
2.032	0.13
2.032	0.00
2.033	0.02
2.034	0.13
2.035	0.19
2.036	0.12
2.036	0.00
2.037	-0.01
2.038	0.08
2.039	0.16
2.040	0.18
2.040	0.18
2.041	0.19
2.042	0.16
2.043	0.14
2.044	0.17
2.044	0.16
2.045	0.07
2.046	0.09
2.047	0.19
2.048	0.19
2.048	0.09
2.049	0.00
2.050	0.00
2.051	0.12
2.052	0.16
2.052	0.07
2.053	0.04
2.054	0.06
2.055	0.09
2.056	0.13
2.057	0.17
2.057	0.13
2.058	0.06
2.059	0.04
2.060	0.03
2.061	0.04
2.061	0.08
2.062	0.16
2.063	0.22
2.064	0.22
2.065	0.13
2.066	0.02
2.066	-0.01
2.067	0.00
2.068	0.03
2.069	0.06
2.070	0.09
2.071	0.07
2.071	0.04
2.072	0.04
2.073	0.09
2.074	0.13
2.075	0.14
2.076	0.12
2.076	0.11
2.077	0.09
2.078	0.03
2.079	-0.03
2.080	-0.02
2.081	0.03
2.081	0.08
2.082	0.08
2.083	0.03
2.084	-0.03
2.085	-0.05
2.086	0.03
2.086	0.06
2.087	0.08
2.088	0.10
2.089	0.06
2.090	-0.02
2.091	-0.02
2.091	0.04
2.092	0.08
2.093	0.11
2.094	0.15
2.095	0.16
2.096	0.14
2.096	0.09
2.097	0.09
2.098	0.09
2.099	0.03
2.100	0.00
2.101	0.01
2.102	0.04
2.102	0.07
2.103	0.11
2.104	0.11
2.105	0.11
2.106	0.14
2.107	0.12
2.108	0.04
2.108	0.02
2.109	0.04
2.110	0.10
2.111	0.17
2.112	0.17
2.113	0.09
2.114	0.02
2.114	-0.02
2.115	0.01
2.116	0.10
2.117	0.15
2.118	0.11
2.119	0.05
2.120	0.05
2.121	0.08
2.121	0.11
2.122	0.07
2.123	0.00
2.124	0.01
2.125	0.10
2.126	0.17
2.127	0.18
2.127	0.07
2.128	-0.06
2.129	-0.07
2.130	-0.01
2.131	0.03
2.132	0.05
2.133	0.06
2.134	0.05
2.134	0.05
2.135	0.05
2.136	0.06
2.137	0.10
2.138	0.13
2.139	0.08
2.140	0.03
2.141	0.05
2.142	0.05
2.142	0.01
2.143	-0.03
2.144	0.01
2.145	0.07
2.146	0.07
2.147	0.05
2.148	0.05
2.149	0.08
2.150	0.10
2.150	0.10
2.151	0.08
2.152	0.07
2.153	0.09
2.154	0.11
2.155	0.11
2.156	0.07
2.157	0.04
2.158	0.05
2.158	0.05
2.159	0.05
2.160	0.08
2.161	0.12
2.162	0.12
2.163	0.11
2.164	0.12
2.165	0.09
2.166	0.03
2.167	0.02
2.168	0.03
2.168	0.04
2.169	0.10
2.170	0.18
2.171	0.21
2.172	0.20
2.173	0.16
2.174	0.09
2.175	0.04
2.176	0.03
2.177	0.03
2.178	0.01
2.178	0.00
2.179	-0.01
2.180	-0.02
2.181	-0.01
2.182	0.01
2.183	0.06
2.184	0.10
2.185	0.11
2.186	0.10
2.187	0.08
2.188	0.06
2.189	0.02
2.189	0.02
2.190	0.08
2.191	0.12
2.192	0.15
2.193	0.15
2.194	0.09
2.195	0.03
2.196	0.00
2.197	-0.02
2.198	0.01
2.199	0.07
2.200	0.10
2.201	0.06
2.202	0.03
2.203	0.06
2.203	0.11
2.204	0.13
2.205	0.09
2.206	0.01
2.207	-0.04
2.208	-0.05
2.209	-0.01
2.210	0.02
2.211	0.08
2.212	0.13
2.213	0.11
2.214	0.06
2.215	0.06
2.216	0.08
2.217	0.06
2.218	-0.01
2.219	0.00
2.220	0.08
2.220	0.11
2.221	0.08
2.222	0.05
2.223	0.05
2.224	0.08
2.225	0.09
2.226	0.07
2.227	0.05
2.228	0.04
2.229	0.06
2.230	0.08
2.231	0.04
2.232	-0.01
2.233	-0.01
2.234	0.04
2.235	0.08
2.236	0.08
2.237	0.07
2.238	0.06
2.239	0.03
2.240	0.00
2.241	-0.01
2.242	0.00
2.243	0.03
2.244	0.06
2.244	0.05
2.245	0.04
2.246	0.06
2.247	0.07
2.248	0.05
2.249	0.04
2.250	0.04
2.251	0.04
2.252	-0.01
2.253	-0.01
2.254	0.04
2.255	0.06
2.256	0.03
2.257	-0.01
2.258	0.01
2.259	0.04
2.260	0.06
2.261	0.07
2.262	0.07
2.263	0.08
2.264	0.11
2.265	0.11
2.266	0.03
2.267	0.00
2.268	0.05
2.269	0.07
2.270	0.07
2.271	0.06
2.272	0.07
2.273	0.10
2.274	0.07
2.275	0.06
2.276	0.11
2.277	0.10
2.278	0.04
2.279	0.00
2.280	0.02
2.281	0.05
2.282	0.08
2.283	0.10
2.284	0.07
2.285	0.03
2.286	0.01
2.287	0.01
2.288	0.04
2.289	0.10
2.290	0.09
2.291	0.03
2.292	-0.01
2.293	-0.02
2.294	-0.03
2.295	0.00
2.296	0.05
2.297	0.06
2.298	0.06
2.299	0.05
2.300	0.03
2.301	0.01
2.302	0.02
2.303	0.03
2.304	0.04
2.305	0.07
2.306	0.08
2.307	0.07
2.308	0.07
2.310	0.07
2.311	0.04
2.312	-0.01
2.313	-0.02
2.314	0.01
2.315	0.02
2.316	0.01
2.317	0.01
2.318	0.02
2.319	0.04
2.320	0.03
2.321	0.01
2.322	0.01
2.323	0.06
2.324	0.08
2.325	0.05
2.326	0.02
2.327	0.02
2.328	0.05
2.329	0.08
2.330	0.08
2.331	0.05
2.332	0.03
2.333	0.02
2.334	0.02
2.336	0.02
2.337	0.03
2.338	0.03
2.339	0.02
2.340	0.01
2.341	0.04
2.342	0.07
2.343	0.07
2.344	0.03
2.345	0.00
2.346	0.00
2.347	0.05
2.348	0.07
2.349	0.05
2.350	0.01
2.351	0.01
2.352	0.02
2.354	0.02
2.355	0.04
2.356	0.06
2.357	0.07
2.358	0.07
2.359	0.05
2.360	0.02
2.361	-0.02
2.362	-0.04
2.363	0.00
2.364	0.03
2.365	0.01
2.366	-0.01
2.368	0.00
2.369	0.04
2.370	0.07
2.371	0.08
2.372	0.04
2.373	0.01
2.374	0.00
2.375	0.01
2.376	0.01
2.377	0.03
2.378	0.06
2.379	0.08
2.381	0.07
2.382	0.04
2.383	0.01
2.384	-0.02
2.385	0.03
2.386	0.08
2.387	0.08
2.388	0.04
2.389	0.01
2.390	0.00
2.392	0.03
2.393	0.06
2.394	0.07
2.395	0.07
2.396	0.06
2.397	0.04
2.398	0.04
2.399	0.05
2.400	0.06
2.402	0.08
2.403	0.09
2.404	0.07
2.405	0.03
2.406	-0.01
2.407	0.00
2.408	0.02
2.409	0.02
2.410	0.01
2.412	0.02
2.413	0.05
2.414	0.08
2.415	0.07
2.416	0.03
2.417	0.01
2.418	0.03
2.419	0.03
2.421	0.01
2.422	-0.01
2.423	-0.02
2.424	0.01
2.425	0.06
2.426	0.10
2.427	0.08
2.429	0.02
2.430	0.00
2.431	0.02
2.432	0.03
2.433	0.01
2.434	-0.01
2.435	0.01
2.437	0.03
2.438	0.04
2.439	0.01
2.440	0.02
2.441	0.06
2.442	0.09
2.443	0.07
2.445	0.03
2.446	0.02
2.447	0.03
2.448	0.02
2.449	0.01
2.450	0.01
2.452	0.01
2.453	0.01
2.454	0.02
2.455	0.04
2.456	0.06
2.457	0.07
2.459	0.06
2.460	0.06
2.461	0.07
2.462	0.05
2.463	0.03
2.464	0.04
2.466	0.06
2.467	0.07
2.468	0.06
2.469	0.01
2.470	-0.01
2.471	0.01
2.473	0.04
2.474	0.04
2.475	0.01
2.476	0.01
2.477	0.03
2.478	0.05
2.480	0.06
2.481	0.06
2.482	0.07
2.483	0.06
2.484	0.06
2.486	0.05
2.487	0.03
2.488	0.01
2.489	0.01
2.490	0.01
2.492	0.01
2.493	0.02
2.494	0.03
2.495	0.04
2.496	0.08
2.498	0.09
2.499	0.07
2.500	0.05
2.501	0.04
2.502	0.03
2.504	0.03
2.505	0.04
2.506	0.02
2.507	0.00
2.508	0.00
2.510	0.01
2.511	0.01
2.512	0.00
2.513	0.00
2.515	0.01
2.516	0.02
2.517	0.04
2.518	0.04
2.519	0.02
2.521	0.01
2.522	0.02
2.523	0.05
2.524	0.05
2.526	0.05
2.527	0.04
2.528	0.03
2.529	0.01
2.531	0.01
2.532	0.03
2.533	0.03
2.534	0.02
2.535	0.02
2.537	0.02
2.538	0.04
2.539	0.04
2.540	0.03
2.542	0.02
2.543	0.03
2.544	0.03
2.545	0.05
2.547	0.04
2.548	0.02
2.549	0.02
2.550	0.03
2.552	0.03
2.553	0.03
2.554	0.04
2.555	0.06
2.557	0.04
2.558	0.01
2.559	0.01
2.561	0.03
2.562	0.03
2.563	0.03
2.564	0.05
2.566	0.05
2.567	0.03
2.568	0.01
2.569	0.01
2.571	0.02
2.572	0.01
2.573	0.01
2.575	0.02
2.576	0.04
2.577	0.05
2.578	0.06
2.580	0.06
2.581	0.02
2.582	-0.01
2.584	0.00
2.585	0.02
2.586	0.03
2.587	0.04
2.589	0.04
2.590	0.04
2.591	0.03
2.593	0.03
2.594	0.01
2.595	0.00
2.596	0.01
2.598	0.03
2.599	0.03
2.600	0.02
2.602	0.02
2.603	0.02
2.604	0.01
2.606	0.02
2.607	0.03
2.608	0.05
2.610	0.06
2.611	0.05
2.612	0.03
2.613	0.02
2.615	0.01
2.616	0.01
2.617	0.05
2.619	0.09
2.620	0.09
2.621	0.05
2.623	0.02
2.624	0.01
2.625	0.00
2.627	0.00
2.628	0.01
2.629	0.00
2.631	0.01
2.632	0.03
2.633	0.04
2.635	0.03
2.636	0.02
2.637	0.02
2.639	0.01
2.640	0.00
2.641	-0.01
2.643	0.00
2.644	0.03
2.646	0.04
2.647	0.03
2.648	0.01
2.650	0.02
2.651	0.02
2.652	0.02
2.654	0.02
2.655	0.03
2.656	0.02
2.658	0.01
2.659	0.01
2.660	0.00
2.662	-0.02
2.663	0.01
2.665	0.02
2.666	0.01
2.667	0.01
2.669	0.02
2.670	0.03
2.671	0.03
2.673	0.02
2.674	0.03
2.676	0.04
2.677	0.04
2.678	0.03
2.680	0.03
2.681	0.03
2.682	0.03
2.684	0.02
2.685	0.02
2.687	0.02
2.688	0.01
2.689	-0.01
2.691	-0.01
2.692	0.02
2.694	0.04
2.695	0.04
2.696	0.03
2.698	0.03
2.699	0.03
2.701	0.04
2.702	0.04
2.703	0.04
2.705	0.04
2.706	0.04
2.708	0.03
2.709	0.03
2.711	0.02
2.712	0.01
2.713	0.01
2.715	0.02
2.716	0.00
2.718	0.00
2.719	0.02
2.720	0.04
2.722	0.03
2.723	0.01
2.725	0.01
2.726	0.03
2.728	0.05
2.729	0.05
2.731	0.04
2.732	0.04
2.733	0.05
2.735	0.05
2.736	0.04
2.738	0.03
2.739	0.02
2.741	0.02
2.742	0.02
2.744	0.04
2.745	0.05
2.746	0.04
2.748	0.02
2.749	0.00
2.751	0.01
2.752	0.01
2.754	0.01
2.755	0.01
2.757	0.01
2.758	-0.01
2.760	0.01
2.761	0.03
2.763	0.04
2.764	0.04
2.765	0.03
2.767	0.03
2.768	0.02
2.770	0.04
2.771	0.04
2.773	0.02
2.774	0.02
2.776	0.02
2.777	0.01
2.779	0.01
2.780	0.01
2.782	0.02
2.783	0.03
2.785	0.03
2.786	0.02
2.788	0.01
2.789	0.01
2.791	0.00
2.792	0.02
2.794	0.04
2.795	0.05
2.797	0.04
2.798	0.04
2.800	0.03
2.801	0.02
2.803	0.01
2.804	0.01
2.806	0.02
2.807	0.02
2.809	0.02
2.810	0.01
2.812	0.00
2.814	0.01
2.815	0.02
2.817	0.01
2.818	0.00
2.820	0.00
2.821	0.01
2.823	0.01
2.824	0.01
2.826	0.01
2.827	0.02
2.829	0.04
2.830	0.05
2.832	0.05
2.834	0.05
2.835	0.03
2.837	-0.01
2.838	-0.01
2.840	0.01
2.841	0.03
2.843	0.02
2.844	0.01
2.846	0.00
2.848	0.01
2.849	0.03
2.851	0.04
2.852	0.02
2.854	0.01
2.855	0.02
2.857	0.03
2.859	0.03
2.860	0.02
2.862	0.02
2.863	0.01
2.865	0.01
2.866	0.01
2.868	0.01
2.870	0.02
2.871	0.02
2.873	0.02
2.874	0.02
2.876	0.02
2.878	0.01
2.879	0.01
2.881	0.00
2.882	0.00
2.884	0.01
2.886	0.03
2.887	0.04
2.889	0.04
2.890	0.02
2.892	0.01
2.894	0.03
2.895	0.03
2.897	0.01
2.899	0.00
2.900	0.00
2.902	0.00
2.903	0.01
2.905	0.04
2.907	0.04
2.908	0.03
2.910	0.01
2.912	-0.01
2.913	0.00
2.915	0.01
2.916	0.02
2.918	0.03
2.920	0.03
2.921	0.02
2.923	0.02
2.925	0.04
2.926	0.05
2.928	0.03
2.930	0.01
2.931	0.00
2.933	0.00
2.935	0.02
2.936	0.03
2.938	0.03
2.940	0.03
2.941	0.02
2.943	0.02
2.945	0.02
2.946	0.01
2.948	0.01
2.950	0.01
2.951	0.01
2.953	0.01
2.955	0.02
2.956	0.03
2.958	0.03
2.960	0.02
2.961	0.01
2.963	0.02
2.965	0.03
2.967	0.02
2.968	0.00
2.970	-0.01
2.972	0.00
2.973	0.02
2.975	0.02
2.977	0.02
2.978	0.02
2.980	0.03
2.982	0.02
2.984	0.02
2.985	0.03
2.987	0.03
2.989	0.02
2.991	0.01
2.992	0.00
2.994	-0.01
2.996	-0.01
2.997	0.01
2.999	0.03
3.001	0.04
3.003	0.04
3.004	0.02
3.006	0.00
3.008	0.00
3.010	0.01
3.011	0.01
3.013	0.01
3.015	0.01
3.017	0.02
3.018	0.03
3.020	0.03
3.022	0.03
3.024	0.02
3.025	0.02
3.027	0.01
3.029	0.01
3.031	0.00
3.032	0.00
3.034	0.01
3.036	0.01
3.038	0.01
3.040	0.02
3.041	0.03
3.043	0.03
3.045	0.02
3.047	0.02
3.049	0.01
3.050	0.01
3.052	0.01
3.054	0.02
3.056	0.03
3.058	0.02
3.059	0.02
3.061	0.01
3.063	0.01
3.065	0.01
3.067	0.01
3.068	0.00
3.070	0.00
3.072	0.01
3.074	0.02
3.076	0.03
3.078	0.02
3.079	0.01
3.081	0.01
3.083	0.01
3.085	0.02
3.087	0.03
3.089	0.03
3.090	0.02
3.092	0.02
3.094	0.02
3.096	0.02
3.098	0.02
3.100	0.02
3.101	0.03
3.103	0.03
3.105	0.02
3.107	0.01
3.109	0.00
3.111	0.00
3.113	0.01
3.115	0.01
3.116	0.01
3.118	0.01
3.120	0.03
3.122	0.04
3.124	0.02
3.126	0.01
3.128	0.01
3.130	0.01
3.131	0.01
3.133	0.01
3.135	0.00
3.137	0.01
3.139	0.01
3.141	0.02
3.143	0.03
3.145	0.03
3.147	0.02
3.149	0.01
3.150	0.01
3.152	0.01
3.154	0.02
3.156	0.02
3.158	0.01
3.160	-0.01
3.162	-0.01
3.164	0.00
3.166	0.02
3.168	0.02
3.170	0.02
3.172	0.01
3.174	0.00
3.176	0.02
3.178	0.03
3.179	0.02
3.181	0.02
3.183	0.02
3.185	0.03
3.187	0.03
3.189	0.02
3.191	0.02
3.193	0.02
3.195	0.01
3.197	0.00
3.199	0.00
3.201	0.00
3.203	0.01
3.205	0.02
3.207	0.02
3.209	0.02
3.211	0.02
3.213	0.02
3.215	0.00
3.217	0.00
3.219	0.00
3.221	0.01
3.223	0.02
3.225	0.02
3.227	0.01
3.229	0.02
3.231	0.03
3.233	0.02
3.235	0.01
3.237	0.00
3.239	0.00
3.241	0.00
3.243	0.01
3.245	0.01
3.247	0.01
3.249	0.00
3.251	0.01
3.253	0.02
3.255	0.02
3.257	0.01
3.259	0.00
3.262	0.01
3.264	0.01
3.266	0.00
3.268	0.00
3.270	0.01
3.272	0.01
3.274	0.01
3.276	0.01
3.278	0.01
3.280	0.01
3.282	0.01
3.284	0.02
3.286	0.02
3.288	0.01
3.291	0.00
3.293	0.00
3.295	0.01
3.297	0.02
3.299	0.02
3.301	0.01
3.303	0.01
3.305	0.01
3.307	0.01
3.309	0.02
3.312	0.01
3.314	0.01
3.316	0.00
3.318	0.00
3.320	0.00
3.322	0.00
3.324	0.01
3.326	0.02
3.329	0.03
3.331	0.01
3.333	0.00
3.335	0.00
3.337	0.01
3.339	0.01
3.341	0.01
3.344	0.01
3.346	0.01
3.348	0.00
3.350	0.00
3.352	0.01
3.354	0.02
3.357	0.02
3.359	0.01
3.361	0.01
3.363	0.01
3.365	0.01
3.367	0.01
3.370	0.01
3.372	0.02
3.374	0.02
3.376	0.02
3.378	0.02
3.381	0.01
3.383	0.00
3.385	0.00
3.387	0.01
3.389	0.01
3.392	0.01
3.394	0.02
3.396	0.02
3.398	0.02
3.401	0.02
3.403	0.02
3.405	0.01
3.407	0.02
3.410	0.02
3.412	0.01
3.414	0.01
3.416	0.00
3.419	0.00
3.421	0.00
3.423	0.00
3.425	0.00
3.428	0.01
3.430	0.02
3.432	0.01
3.434	0.01
3.437	0.01
3.439	0.01
3.441	0.00
3.444	0.00
3.446	0.00
3.448	0.01
3.450	0.01
3.453	0.01
3.455	0.01
3.457	0.01
3.460	0.01
3.462	0.01
3.464	0.00
3.467	0.00
3.469	0.00
3.471	0.01
3.474	0.01
3.476	0.01
3.478	0.01
3.481	0.01
3.483	0.01
3.485	0.01
3.488	0.01
3.490	0.01
3.492	0.00
3.495	0.00
3.497	0.00
3.499	0.00
3.502	0.01
3.504	0.01
3.506	0.01
3.509	0.00
3.511	0.01
3.514	0.01
3.516	0.01
3.518	0.01
3.521	0.02
3.523	0.02
3.526	0.01
3.528	0.01
3.530	0.00
3.533	0.00
3.535	0.00
3.538	0.00
3.540	0.01
3.542	0.01
3.545	0.00
3.547	0.01
3.550	0.01
3.552	0.01
3.555	0.02
3.557	0.01
3.559	0.00
3.562	0.00
3.564	0.01
3.567	0.01
3.569	0.01
3.572	0.00
3.574	0.01
3.577	0.01
3.579	0.00
3.582	0.00
3.584	0.01
3.587	0.01
3.589	0.01
3.592	0.01
3.594	0.01
3.596	0.01
3.599	0.01
3.601	0.00
3.604	0.00
3.607	0.01
3.609	0.01
3.612	0.01
3.614	0.01
3.617	0.01
3.619	0.02
3.622	0.02
3.624	0.02
3.627	0.01
3.629	0.01
3.632	0.01
3.634	0.01
3.637	0.01
3.639	0.01
3.642	0.01
3.645	0.01
3.647	0.00
3.650	0.00
3.652	0.01
3.655	0.01
3.657	0.01
3.660	0.01
3.663	0.00
3.665	0.00
3.668	0.00
3.670	0.00
3.673	0.00
3.676	0.01
3.678	0.01
3.681	0.01
3.683	0.01
3.686	0.00
3.689	0.01
3.691	0.01
3.694	0.01
3.697	0.02
3.699	0.02
3.702	0.02
3.704	0.01
3.707	0.01
3.710	0.01
3.712	0.01
3.715	0.01
3.718	0.01
3.720	0.01
3.723	0.01
3.726	0.01
3.728	0.00
3.731	0.00
3.734	0.01
3.737	0.00
3.739	0.00
3.742	0.00
3.745	0.01
3.747	0.00
3.750	0.00
3.753	0.00
3.755	0.01
3.758	0.01
3.761	0.01
3.764	0.01
3.766	0.01
3.769	0.01
3.772	0.00
3.775	0.00
3.777	0.00
3.780	0.01
3.783	0.00
3.786	0.00
3.788	0.00
3.791	0.00
3.794	0.01
3.797	0.01
3.800	0.01
3.802	0.01
3.805	0.01
3.808	0.01
3.811	0.01
3.813	0.01
3.816	0.01
3.819	0.01
3.822	0.01
3.825	0.01
3.828	0.01
3.830	0.00
3.833	0.00
3.836	0.01
3.839	0.01
3.842	0.01
3.845	0.00
3.847	0.00
3.850	0.00
3.853	0.01
3.856	0.01
3.859	0.00
3.862	0.00
3.865	0.00
3.868	0.00
3.870	0.01
3.873	0.01
3.876	0.01
3.879	0.01
3.882	0.01
3.885	0.01
3.888	0.01
3.891	0.00
3.894	-0.01
3.897	0.00
3.900	0.01
3.903	0.01
3.905	0.00
3.908	0.00
3.911	0.00
3.914	0.01
3.917	0.02
3.920	0.02
3.923	0.01
3.926	0.01
3.929	0.01
3.932	0.01
3.935	0.01
3.938	0.01
3.941	0.01
3.944	0.01
3.947	0.02
3.950	0.02
3.953	0.02
3.956	0.02
3.959	0.02
3.962	0.02
3.965	0.02
3.968	0.02
3.971	0.02
3.974	0.02
3.977	0.02
3.980	0.03
3.984	0.04
3.987	0.04
3.990	0.04
3.993	0.04
3.996	0.05
3.999	0.04
4.002	0.03
4.005	0.02
4.008	0.02
4.011	0.02
4.014	0.02
4.017	0.01
4.021	0.01
4.024	0.01
4.027	0.01
4.030	0.01
4.033	0.01
4.036	0.02
4.039	0.02
4.043	0.01
4.046	0.01
4.049	0.01
4.052	0.01
4.055	0.01
4.058	0.00
4.062	0.01
4.065	0.01
4.068	0.01
4.071	0.00
4.074	0.00
4.078	0.01
4.081	0.01
4.084	0.02
4.087	0.02
4.090	0.01
4.094	0.00
4.097	0.00
4.100	0.01
4.103	0.02
4.107	0.02
4.110	0.02
4.113	0.02
4.116	0.03
4.120	0.04
4.123	0.04
4.126	0.03
4.130	0.02
4.133	0.02
4.136	0.02
4.139	0.01
4.143	0.01
4.146	0.01
4.149	0.01
4.153	0.01
4.156	0.01
4.159	0.01
4.163	0.00
4.166	0.00
4.169	0.01
4.173	0.01
4.176	0.02
4.179	0.01
4.183	0.01
4.186	0.01
4.190	0.01
4.193	0.01
4.196	0.01
4.200	0.01
4.203	0.01
4.207	0.01
4.210	0.01
4.213	0.02
4.217	0.01
4.220	0.01
4.224	0.01
4.227	0.01
4.231	0.02
4.234	0.02
4.238	0.02
4.241	0.02
4.245	0.01
4.248	0.02
4.251	0.02
4.255	0.02
4.258	0.01
4.262	0.01
4.265	0.02
4.269	0.02
4.273	0.01
4.276	0.01
4.280	0.01
4.283	0.01
4.287	0.01
4.290	0.01
4.294	0.02
4.297	0.01
4.301	0.01
4.304	0.01
4.308	0.01
4.312	0.01
4.315	0.00
4.319	0.00
4.322	0.00
4.326	0.01
4.330	0.01
4.333	0.00
4.337	0.00
4.340	0.00
4.344	0.00
4.348	0.00
4.351	0.00
4.355	0.01
4.359	0.01
4.362	0.01
4.366	0.01
4.370	0.01
4.373	0.00
4.377	0.01
4.381	0.01
4.385	0.01
4.388	0.01
4.392	0.01
4.396	0.01
4.399	0.01
4.403	0.01
4.407	0.01
4.411	0.01
4.414	0.01
4.418	0.01
4.422	0.02
4.426	0.01
4.430	0.01
4.433	0.00
4.437	0.00
4.441	0.01
4.445	0.01
4.449	0.00
4.452	0.00
4.456	0.00
4.460	0.01
4.464	0.01
4.468	0.01
4.472	0.01
4.475	0.01
4.479	0.00
4.483	0.00
4.487	0.00
4.491	0.00
4.495	0.00
4.499	0.00
4.503	0.01
4.507	0.01
4.510	0.01
4.514	0.01
4.518	0.01
4.522	0.01
4.526	0.01
4.530	0.00
4.534	0.00
4.538	0.00
4.542	0.01
4.546	0.01
4.550	0.01
4.554	0.01
4.558	0.01
4.562	0.01
4.566	0.02
4.570	0.02
4.574	0.02
4.578	0.02
4.582	0.02
4.586	0.01
4.590	0.01
4.594	0.01
4.599	0.01
4.603	0.01
4.607	0.02
4.611	0.02
4.615	0.01
4.619	0.00
4.623	0.00
4.627	0.01
4.631	0.01
4.636	0.01
4.640	0.01
4.644	0.01
4.648	0.01
4.652	0.01
4.656	0.02
4.661	0.02
4.665	0.02
4.669	0.02
4.673	0.02
4.677	0.02
4.682	0.02
4.686	0.02
4.690	0.02
4.694	0.02
4.699	0.02
4.703	0.02
4.707	0.02
4.711	0.02
4.716	0.02
4.720	0.02
4.724	0.02
4.729	0.03
4.733	0.02
4.737	0.02
4.742	0.02
4.746	0.02
4.750	0.03
4.755	0.03
4.759	0.04
4.763	0.04
4.768	0.04
4.772	0.03
4.777	0.02
4.781	0.02
4.785	0.02
4.790	0.03
4.794	0.03
4.799	0.02
4.803	0.02
4.808	0.02
4.812	0.02
4.816	0.02
4.821	0.02
4.825	0.01
4.830	0.01
4.834	0.01
4.839	0.01
4.844	0.02
4.848	0.03
4.853	0.03
4.857	0.04
4.862	0.06
4.866	0.06
4.871	0.05
4.875	0.04
4.880	0.03
4.885	0.03
4.889	0.03
4.894	0.02
4.898	0.02
4.903	0.02
4.908	0.02
4.912	0.02
4.917	0.02
4.922	0.03
4.926	0.03
4.931	0.03
4.936	0.04
4.940	0.04
4.945	0.04
4.950	0.05
4.955	0.06
4.959	0.07
4.964	0.06
4.969	0.06
4.974	0.05
4.978	0.05
4.983	0.04
4.988	0.04
4.993	0.03
4.998	0.02
5.002	0.01
5.007	0.00
5.012	0.01
5.017	0.02
5.022	0.02
5.027	0.02
5.032	0.02
5.036	0.02
5.041	0.03
5.046	0.04
5.051	0.05
5.056	0.05
5.061	0.05
5.066	0.03
5.071	0.02
5.076	0.01
5.081	0.01
5.086	0.01
5.091	0.02
5.096	0.02
5.101	0.02
5.106	0.02
5.111	0.02
5.116	0.02
5.121	0.02
5.126	0.01
5.131	0.01
5.136	0.01
5.141	0.01
5.147	0.01
5.152	0.01
5.157	0.01
5.162	0.01
5.167	0.02
5.172	0.01
5.177	0.01
5.183	0.01
5.188	0.01
5.193	0.01
5.198	0.01
5.203	0.01
5.209	0.00
5.214	0.00
5.219	0.01
5.224	0.01
5.230	0.01
5.235	0.00
5.240	0.01
5.245	0.01
5.251	0.01
5.256	0.01
5.261	0.01
5.267	0.00
5.272	0.01
5.278	0.01
5.283	0.01
5.288	0.01
5.294	0.01
5.299	0.01
5.305	0.01
5.310	0.00
5.315	-0.01
5.321	-0.01
5.326	0.00
5.332	0.01
5.337	0.01
5.343	0.01
5.348	0.01
5.354	0.01
5.359	0.01
5.365	0.01
5.371	0.00
5.376	0.01
5.382	0.01
5.387	0.00
5.393	0.00
5.398	0.01
5.404	0.01
5.410	0.01
5.415	0.01
5.421	0.00
5.427	0.00
5.432	0.00
5.438	0.01
5.444	0.01
5.450	0.00
5.455	0.00
5.461	0.00
5.467	0.00
5.473	0.00
5.478	0.00
5.484	0.00
5.490	0.00
5.496	0.00
5.502	0.01
5.507	0.01
5.513	0.02
5.519	0.03
5.525	0.04
5.531	0.04
5.537	0.03
5.543	0.02
5.549	0.01
5.555	0.01
5.561	0.01
5.567	0.01
5.573	0.01
5.579	0.01
5.585	0.01
5.591	0.02
5.597	0.02
5.603	0.02
5.609	0.02
5.615	0.03
5.621	0.04
5.627	0.04
5.633	0.04
5.639	0.03
5.645	0.03
5.652	0.03
5.658	0.02
5.664	0.01
5.670	0.01
5.676	0.01
5.683	0.01
5.689	0.01
5.695	0.01
5.701	0.01
5.708	0.01
5.714	0.01
5.720	0.01
5.727	0.01
5.733	0.01
5.739	0.01
5.746	0.02
5.752	0.03
5.758	0.03
5.765	0.04
5.771	0.04
5.778	0.03
5.784	0.04
5.791	0.04
5.797	0.03
5.804	0.02
5.810	0.01
5.817	0.01
5.823	0.01
5.830	0.01
5.836	0.01
5.843	0.00
5.849	0.00
5.856	0.01
5.863	0.01
5.869	0.01
5.876	0.02
5.883	0.02
5.889	0.02
5.896	0.02
5.903	0.02
5.909	0.03
5.916	0.02
5.923	0.02
5.930	0.01
5.936	0.01
5.943	0.02
5.950	0.01
5.957	0.01
5.964	0.01
5.971	0.01
5.978	0.01
5.984	0.01
5.991	0.01
5.998	0.00
6.005	0.00
6.012	0.00
6.019	0.00
6.026	0.01
6.033	0.01
6.040	0.01
6.047	0.01
6.054	0.01
6.061	0.01
6.069	0.01
6.076	0.01
6.083	0.01
6.090	0.02
6.097	0.02
6.104	0.02
6.111	0.02
6.119	0.02
6.126	0.02
6.133	0.02
6.140	0.01
6.148	0.01
6.155	0.01
6.162	0.01
6.170	0.01
6.177	0.01
6.184	0.00
6.192	0.00
6.199	0.01
6.207	0.01
6.214	0.01
6.222	0.01
6.229	0.01
6.237	0.01
6.244	0.01
6.252	0.01
6.259	0.00
6.267	0.00
6.274	0.00
6.282	0.00
6.290	0.01
6.297	0.01
6.305	0.01
6.312	0.02
6.320	0.02
6.328	0.03
6.336	0.04
6.343	0.04
6.351	0.05
6.359	0.04
6.367	0.04
6.375	0.03
6.382	0.03
6.390	0.03
6.398	0.03
6.406	0.04
6.414	0.05
6.422	0.06
6.430	0.07
6.438	0.06
6.446	0.05
6.454	0.04
6.462	0.03
6.470	0.02
6.478	0.02
6.486	0.01
6.494	0.01
6.503	0.00
6.511	0.00
6.519	0.00
6.527	0.00
6.535	0.00
6.544	0.00
6.552	0.00
6.560	0.01
6.568	0.01
6.577	0.01
6.585	0.01
6.594	0.00
6.602	0.00
6.610	0.01
6.619	0.01
6.627	0.01
6.636	0.01
6.644	0.01
6.653	0.01
6.661	0.01
6.670	0.01
6.679	0.01
6.687	0.01
6.696	0.00
6.704	0.00
6.713	0.00
6.722	0.00
6.731	0.00
6.739	0.01
6.748	0.01
6.757	0.00
6.766	0.00
6.775	0.00
6.783	0.01
6.792	0.01
6.801	0.01
6.810	0.01
6.819	0.01
6.828	0.01
6.837	0.01
6.846	0.01
6.855	0.01
6.864	0.00
6.873	0.01
6.883	0.01
6.892	0.01
6.901	0.01
6.910	0.01
6.919	0.00
6.929	0.00
6.938	0.00
6.947	0.00
6.956	0.00
6.966	0.00
6.975	0.00
6.985	0.00
6.994	0.00
7.003	0.00
7.013	0.01
7.022	0.00
7.032	0.00
7.042	0.01
7.051	0.03
7.061	0.06
7.070	0.13
7.080	0.22
7.090	0.28
7.099	0.29
7.109	0.27
7.119	0.24
7.129	0.22
7.138	0.19
7.148	0.15
7.158	0.10
7.168	0.07
7.178	0.04
7.188	0.02
7.198	0.01
7.208	0.01
7.218	0.01
7.228	0.01
7.238	0.01
7.248	0.00
7.258	0.00
7.269	0.00
7.279	0.00
7.289	0.00
7.299	0.01
7.310	0.01
7.320	0.01
7.330	0.01
7.341	0.01
7.351	0.01
7.362	0.01
7.372	0.01
7.383	0.01
7.393	0.01
7.404	0.01
7.414	0.00
7.425	0.00
7.435	0.00
7.446	0.00
7.457	0.00
7.468	0.00
7.478	0.00
7.489	0.00
7.500	0.00
7.511	0.01
7.522	0.01
7.533	0.01
7.544	0.01
7.555	0.01
7.566	0.01
7.577	0.02
7.588	0.02
7.599	0.01
7.610	0.01
7.621	0.01
7.633	0.01
7.644	0.01
7.655	0.01
7.666	0.01
7.678	0.01
7.689	0.01
7.701	0.01
7.712	0.01
7.724	0.01
7.735	0.00
7.747	0.00
7.758	0.00
7.770	0.00
7.782	0.00
7.793	0.01
7.805	0.01
7.817	0.01
7.829	0.01
7.840	0.00
7.852	0.00
7.864	0.01
7.876	0.01
7.888	0.01
7.900	0.01
7.912	0.01
7.924	0.00
7.937	0.01
7.949	0.01
7.961	0.01
7.973	0.00
7.985	0.00
7.998	0.00
8.010	0.01
8.023	0.01
8.035	0.01
8.047	0.01
8.060	0.01
8.073	0.02
8.085	0.02
8.098	0.01
8.110	0.01
8.123	0.00
8.136	-0.01
8.149	-0.01
8.161	0.00
8.174	0.00
8.187	0.00
8.200	0.00
8.213	0.01
8.226	0.01
8.239	0.00
8.252	0.00
8.266	0.00
8.279	0.01
8.292	0.01
8.305	0.01
8.319	0.01
8.332	0.01
8.346	0.01
8.359	0.01
8.372	0.01
8.386	0.01
8.400	0.01
8.413	0.01
8.427	0.00
8.441	0.00
8.454	0.00
8.468	0.01
8.482	0.01
8.496	0.01
8.510	0.01
8.524	0.01
8.538	0.01
8.552	0.01
8.566	0.01
8.580	0.01
8.595	0.01
8.609	0.01
8.623	0.00
8.638	0.00
8.652	0.01
8.666	0.01
8.681	0.00
8.696	0.00
8.710	0.00
8.725	0.01
8.740	0.01
8.754	0.01
8.769	0.02
8.784	0.02
8.799	0.02
8.814	0.02
8.829	0.02
8.844	0.02
8.859	0.01
8.874	0.01
8.889	0.01
8.905	0.01
8.920	0.00
8.935	0.00
8.951	0.01
8.966	0.01
8.982	0.01
8.997	0.01
9.013	0.01
9.029	0.01
9.045	0.02
9.060	0.01
9.076	0.00
9.092	-0.01
9.108	-0.01
9.124	0.00
9.140	0.01
9.156	0.01
9.173	0.02
9.189	0.02
9.205	0.01
9.222	0.00
9.238	-0.01
9.255	0.00
9.271	0.02
9.288	0.03
9.304	0.02
9.321	0.01
9.338	0.00
9.355	0.00
9.372	0.00
9.389	0.01
9.406	0.02
9.423	0.02
9.440	0.02
9.457	0.01
9.474	0.01
9.492	0.02
9.509	0.02
9.527	0.03
9.544	0.02
9.562	0.03
9.580	0.03
9.597	0.03
9.615	0.02
9.633	0.01
9.651	0.01
9.669	0.03
9.687	0.05
9.705	0.06
9.723	0.06
9.742	0.06
9.760	0.06
9.778	0.05
9.797	0.05
9.815	0.06
9.834	0.05
9.853	0.04
9.871	0.03
9.890	0.03
9.909	0.03
9.928	0.03
9.947	0.02
9.966	0.02
9.986	0.02
10.005	0.02
10.024	0.02
10.044	0.02
10.063	0.02
10.083	0.03
10.102	0.03
10.122	0.04
10.142	0.03
10.162	0.03
10.182	0.04
10.202	0.04
10.222	0.04
10.242	0.03
10.262	0.03
10.283	0.03
10.303	0.03
10.324	0.02
10.344	0.01
10.365	0.02
10.386	0.01
10.407	0.01
10.428	0.00
10.449	0.00
10.470	0.00
10.491	0.01
10.512	0.01
10.534	0.01
10.555	0.01
10.577	0.00
10.598	0.01
10.620	0.01
10.642	0.01
10.664	0.01
10.686	0.01
10.708	0.02
10.730	0.01
10.752	0.00
10.774	0.00
10.797	0.01
10.819	0.02
10.842	0.02
10.865	0.01
10.888	0.01
10.911	0.01
10.934	0.01
10.957	0.02
10.980	0.02
11.003	0.02
11.027	0.01
11.050	0.00
11.074	0.00
11.098	0.01
11.121	0.02
11.145	0.02
11.169	0.03
11.193	0.02
11.218	0.01
11.242	0.02
11.266	0.02
11.291	0.01
11.316	0.01
11.340	0.02
11.365	0.03
11.390	0.03
11.415	0.03
11.440	0.02
11.466	0.01
11.491	0.01
11.517	0.02
11.542	0.03
11.568	0.03
11.594	0.02
11.620	0.02
11.646	0.03
11.672	0.04
11.699	0.04
11.725	0.02
11.752	0.01
11.779	0.00
11.805	-0.01
11.832	-0.01
11.859	0.00
11.887	0.02
11.914	0.03
11.941	0.02
11.969	0.02
11.997	0.02
12.024	0.02
12.052	0.02
12.081	0.01
12.109	0.02
12.137	0.03
12.166	0.03
12.194	0.02
12.223	0.01
12.252	-0.01
12.281	-0.02
12.310	-0.01
12.339	0.00
12.369	0.02
12.398	0.03
12.428	0.01
12.458	0.00
12.488	0.00
12.518	0.01
12.548	0.02
12.579	0.02
12.610	0.01
12.640	0.00
12.671	0.00
12.702	0.00
12.734	0.00
12.765	0.00
12.796	0.01
12.828	0.02
12.860	0.02
12.892	0.03
12.924	0.02
12.956	0.02
12.989	0.01
13.022	0.01
13.054	0.01
13.087	0.01
13.120	0.02
13.154	0.01
13.187	0.01
13.221	0.02
13.255	0.03
13.289	0.03
13.323	0.03
13.357	0.02
13.392	0.02
13.426	0.02
13.461	0.02
13.496	0.02
13.531	0.02
13.567	0.01
13.602	0.00
13.638	0.00
13.674	0.01
13.710	0.02
13.747	0.01
13.783	0.00
13.820	0.01
13.857	0.03
13.894	0.04
13.932	0.03
13.969	0.01
14.007	0.00
14.045	0.00
14.083	0.01
14.121	0.01
14.160	0.00
14.199	0.00
14.238	0.00
14.277	0.02
14.316	0.03
14.356	0.03
14.396	0.02
14.436	-0.01
14.476	-0.02
14.517	0.00
14.558	0.00
14.599	0.00
14.640	0.00
14.681	0.00
14.723	0.01
14.765	0.01
14.807	0.02
14.850	0.02
14.892	0.02
14.935	0.01
14.978	0.01
15.022	0.01
15.065	0.02
15.109	0.03
15.154	0.03
15.198	0.02
15.243	0.00
15.288	0.00
15.333	0.01
15.378	0.02
15.424	0.02
15.470	0.02
15.517	0.02
15.563	0.00
15.610	0.00
15.657	0.01
15.705	0.00
15.752	-0.01
15.801	0.02
15.849	0.06
15.897	0.08
15.946	0.07
15.995	0.06
16.045	0.05
16.095	0.03
16.145	0.01
16.195	-0.01
16.246	-0.02
16.297	-0.01
16.349	0.03
16.400	0.08
16.453	0.13
16.505	0.16
16.558	0.19
16.611	0.25
16.664	0.32
16.718	0.42
16.772	0.60
16.827	0.87
16.881	1.22
16.937	1.69
16.992	2.33
17.048	3.20
17.104	4.39
17.161	6.04
17.218	8.37
17.275	11.68
17.333	16.28
17.391	22.56
17.450	30.85
17.509	41.10
17.568	52.63
17.628	64.06
17.688	73.76
17.748	80.71
17.809	84.71
17.871	86.36
17.933	86.69
17.995	86.57
18.058	86.38
18.121	86.31
18.184	86.47
18.249	86.74
18.313	87.00
18.378	87.20
18.443	87.26
18.509	87.20
18.575	87.12
18.642	87.02
18.709	86.91
18.777	86.76
18.846	86.48
18.914	86.04
18.984	85.49
19.053	84.82
19.124	83.98
19.195	82.90
19.266	81.34
19.338	78.97
19.410	75.25
19.483	69.47
19.557	61.28
19.631	51.16
19.706	40.28
19.781	29.99
19.857	21.34
19.933	14.72
20.010	10.01
20.087	6.81
20.165	4.66
20.244	3.20
20.324	2.22
20.404	1.57
20.484	1.15
20.566	0.83
20.648	0.59
20.730	0.45
20.813	0.40
20.897	0.35
20.982	0.30
21.067	0.28
21.153	0.28
21.240	0.22
21.327	0.16
21.416	0.16
21.504	0.17
21.594	0.13
21.684	0.08
21.776	0.11
21.867	0.16
21.960	0.14
22.053	0.07
22.147	0.07
22.242	0.15
22.338	0.15
22.435	0.08
22.533	0.10
22.631	0.18
22.730	0.21
22.831	0.19
22.932	0.09
23.034	-0.03
23.136	0.01
23.240	0.09
23.345	0.18
23.451	0.28
23.557	0.30
23.665	0.17
23.773	0.03
23.883	-0.03
23.993	0.05
24.218	0.79
24.446	0.95
24.679	0.54
24.916	0.28
25.158	0.93
25.405	1.33
25.656	1.27
25.913	1.22
26.175	0.95
26.442	0.27
26.714	-0.13
26.993	0.87
27.276	1.83
27.566	1.94
27.863	1.27
28.166	0.68
28.475	0.71
28.792	0.96
29.115	1.49
29.446	1.58
29.785	0.95
30.131	0.42
30.486	0.19
30.848	0.48
31.220	1.05
31.601	1.13
31.991	1.05
32.391	1.40
32.801	1.29
33.221	0.46
33.653	0.32
34.096	0.90
34.551	0.95
35.018	1.12
35.496	1.66
35.989	1.95
36.496	1.49
37.018	0.59
37.554	-0.13
38.107	0.22
38.676	0.95
39.262	1.39
39.866	1.49
40.489	0.82
41.132	0.22
41.796	0.57
42.479	0.87
43.187	0.85
43.919	0.68
44.677	0.48
45.461	0.35
46.273	0.61
47.114	0.78
47.987	1.04
48.893	1.86
49.833	2.32
50.810	1.46
51.824	0.80
52.882	0.89
53.984	1.04
55.133	0.45
56.332	0.79
57.584	1.31
58.893	0.98
60.263	0.61
61.698	0.95
63.203	0.53
64.784	0.53
66.441	1.13
68.190	0.94
70.033	-0.06
71.979	0.70
74.036	1.46
76.214	0.73
78.524	0.64
80.978	1.34
83.591	0.93
86.378	-0.31
89.358	1.08
92.541	3.33
95.969	5.44
99.661	5.99
103.648	4.60
107.968	4.16
112.663	4.24
117.786	3.54
123.396	3.58
129.567	3.79
136.388	2.55
143.968	2.64
152.439	2.71
161.943	3.98
172.741	6.67
185.082	9.95
199.322	8.56