Wavelengths (microns) Transmittance (%)
2.000	0.26
2.001	0.23
2.002	0.24
2.003	0.27
2.003	0.30
2.004	0.21
2.005	0.04
2.006	0.01
2.006	0.09
2.007	0.09
2.008	-0.01
2.009	0.01
2.010	0.15
2.010	0.29
2.011	0.35
2.012	0.23
2.013	0.07
2.013	0.01
2.014	0.01
2.015	0.02
2.016	0.09
2.017	0.10
2.017	0.07
2.018	0.04
2.019	0.00
2.020	0.06
2.020	0.11
2.021	0.06
2.022	0.04
2.023	0.07
2.024	0.09
2.024	0.13
2.025	0.15
2.026	0.11
2.027	0.08
2.028	0.13
2.028	0.21
2.029	0.18
2.030	0.07
2.031	0.02
2.032	0.06
2.032	0.10
2.033	0.08
2.034	0.04
2.035	0.10
2.036	0.16
2.036	0.19
2.037	0.08
2.038	-0.08
2.039	-0.19
2.040	-0.15
2.040	0.08
2.041	0.21
2.042	0.21
2.043	0.13
2.044	0.10
2.044	0.15
2.045	0.25
2.046	0.25
2.047	0.14
2.048	0.00
2.048	-0.07
2.049	-0.02
2.050	0.12
2.051	0.22
2.052	0.22
2.052	0.17
2.053	0.17
2.054	0.18
2.055	0.17
2.056	0.08
2.057	-0.02
2.057	0.07
2.058	0.19
2.059	0.23
2.060	0.26
2.061	0.26
2.061	0.20
2.062	0.03
2.063	-0.17
2.064	-0.23
2.065	-0.07
2.066	0.12
2.066	0.21
2.067	0.24
2.068	0.21
2.069	0.18
2.070	0.15
2.071	0.14
2.071	0.20
2.072	0.23
2.073	0.15
2.074	0.06
2.075	0.05
2.076	0.09
2.076	0.09
2.077	0.05
2.078	0.09
2.079	0.10
2.080	0.03
2.081	0.07
2.081	0.10
2.082	0.03
2.083	0.04
2.084	0.21
2.085	0.30
2.086	0.18
2.086	0.12
2.087	0.15
2.088	0.12
2.089	0.09
2.090	0.12
2.091	0.14
2.091	0.10
2.092	0.09
2.093	0.11
2.094	0.07
2.095	0.03
2.096	0.02
2.096	0.04
2.097	0.08
2.098	0.11
2.099	0.12
2.100	0.11
2.101	0.08
2.102	0.11
2.102	0.06
2.103	0.00
2.104	-0.02
2.105	-0.02
2.106	-0.03
2.107	0.02
2.108	0.08
2.108	0.07
2.109	0.04
2.110	0.11
2.111	0.23
2.112	0.27
2.113	0.20
2.114	0.13
2.114	0.14
2.115	0.17
2.116	0.12
2.117	0.07
2.118	0.05
2.119	0.09
2.120	0.14
2.121	0.12
2.121	0.13
2.122	0.17
2.123	0.21
2.124	0.22
2.125	0.18
2.126	0.09
2.127	0.01
2.127	-0.01
2.128	0.04
2.129	0.12
2.130	0.18
2.131	0.20
2.132	0.17
2.133	0.15
2.134	0.16
2.134	0.15
2.135	0.09
2.136	0.07
2.137	0.13
2.138	0.16
2.139	0.13
2.140	0.14
2.141	0.19
2.142	0.19
2.142	0.17
2.143	0.21
2.144	0.21
2.145	0.13
2.146	-0.01
2.147	-0.04
2.148	0.08
2.149	0.13
2.150	0.10
2.150	0.10
2.151	0.13
2.152	0.13
2.153	0.11
2.154	0.11
2.155	0.12
2.156	0.10
2.157	0.04
2.158	0.02
2.158	0.05
2.159	0.07
2.160	0.08
2.161	0.08
2.162	0.10
2.163	0.10
2.164	0.10
2.165	0.12
2.166	0.12
2.167	0.12
2.168	0.12
2.168	0.10
2.169	0.08
2.170	0.09
2.171	0.06
2.172	-0.01
2.173	-0.04
2.174	-0.01
2.175	0.03
2.176	0.06
2.177	0.06
2.178	0.02
2.178	0.04
2.179	0.12
2.180	0.20
2.181	0.23
2.182	0.20
2.183	0.14
2.184	0.07
2.185	0.06
2.186	0.10
2.187	0.11
2.188	0.08
2.189	0.01
2.189	-0.04
2.190	0.00
2.191	0.06
2.192	0.06
2.193	0.07
2.194	0.10
2.195	0.13
2.196	0.14
2.197	0.16
2.198	0.15
2.199	0.12
2.200	0.07
2.201	0.02
2.202	-0.02
2.203	0.00
2.203	0.06
2.204	0.05
2.205	0.03
2.206	0.08
2.207	0.18
2.208	0.21
2.209	0.13
2.210	0.06
2.211	0.05
2.212	0.06
2.213	0.08
2.214	0.10
2.215	0.15
2.216	0.20
2.217	0.23
2.218	0.16
2.219	0.04
2.220	-0.02
2.220	0.03
2.221	0.08
2.222	0.07
2.223	0.05
2.224	0.02
2.225	0.01
2.226	0.00
2.227	0.00
2.228	0.00
2.229	0.06
2.230	0.10
2.231	0.06
2.232	0.06
2.233	0.08
2.234	0.11
2.235	0.13
2.236	0.12
2.237	0.06
2.238	0.00
2.239	0.00
2.240	0.04
2.241	0.05
2.242	0.07
2.243	0.10
2.244	0.11
2.244	0.11
2.245	0.13
2.246	0.16
2.247	0.17
2.248	0.15
2.249	0.14
2.250	0.14
2.251	0.12
2.252	0.07
2.253	0.02
2.254	0.01
2.255	0.02
2.256	0.06
2.257	0.11
2.258	0.06
2.259	-0.02
2.260	-0.03
2.261	0.02
2.262	0.06
2.263	0.07
2.264	0.09
2.265	0.11
2.266	0.06
2.267	0.03
2.268	0.06
2.269	0.10
2.270	0.06
2.271	0.03
2.272	0.05
2.273	0.07
2.274	0.10
2.275	0.12
2.276	0.11
2.277	0.10
2.278	0.08
2.279	0.07
2.280	0.07
2.281	0.09
2.282	0.11
2.283	0.09
2.284	0.07
2.285	0.08
2.286	0.10
2.287	0.10
2.288	0.05
2.289	0.00
2.290	0.03
2.291	0.07
2.292	0.04
2.293	-0.02
2.294	-0.02
2.295	0.00
2.296	0.04
2.297	0.07
2.298	0.07
2.299	0.07
2.300	0.07
2.301	0.07
2.302	0.07
2.303	0.07
2.304	0.09
2.305	0.10
2.306	0.09
2.307	0.07
2.308	0.00
2.310	0.01
2.311	0.07
2.312	0.11
2.313	0.10
2.314	0.09
2.315	0.09
2.316	0.07
2.317	0.03
2.318	0.03
2.319	0.05
2.320	0.05
2.321	0.04
2.322	0.06
2.323	0.07
2.324	0.08
2.325	0.10
2.326	0.11
2.327	0.10
2.328	0.09
2.329	0.07
2.330	0.06
2.331	0.05
2.332	0.04
2.333	0.03
2.334	0.03
2.336	0.02
2.337	0.04
2.338	0.03
2.339	0.00
2.340	0.01
2.341	0.04
2.342	0.08
2.343	0.10
2.344	0.09
2.345	0.06
2.346	0.02
2.347	0.00
2.348	0.00
2.349	0.00
2.350	0.00
2.351	0.00
2.352	0.02
2.354	0.05
2.355	0.05
2.356	0.05
2.357	0.05
2.358	0.07
2.359	0.08
2.360	0.08
2.361	0.06
2.362	0.04
2.363	0.04
2.364	0.05
2.365	0.03
2.366	0.04
2.368	0.08
2.369	0.10
2.370	0.07
2.371	0.04
2.372	0.04
2.373	0.04
2.374	0.04
2.375	0.04
2.376	0.03
2.377	0.02
2.378	0.02
2.379	0.00
2.381	0.01
2.382	0.05
2.383	0.05
2.384	0.01
2.385	-0.01
2.386	0.00
2.387	0.02
2.388	0.04
2.389	0.04
2.390	0.02
2.392	0.03
2.393	0.04
2.394	0.04
2.395	0.05
2.396	0.04
2.397	0.02
2.398	0.03
2.399	0.04
2.400	0.05
2.402	0.07
2.403	0.08
2.404	0.06
2.405	0.04
2.406	0.04
2.407	0.03
2.408	0.05
2.409	0.06
2.410	0.05
2.412	0.04
2.413	0.03
2.414	0.03
2.415	0.04
2.416	0.06
2.417	0.06
2.418	0.03
2.419	0.00
2.421	0.00
2.422	0.03
2.423	0.06
2.424	0.07
2.425	0.06
2.426	0.03
2.427	-0.02
2.429	-0.06
2.430	-0.04
2.431	0.00
2.432	0.02
2.433	0.03
2.434	0.05
2.435	0.07
2.437	0.07
2.438	0.05
2.439	0.05
2.440	0.05
2.441	0.05
2.442	0.05
2.443	0.05
2.445	0.05
2.446	0.03
2.447	0.03
2.448	0.07
2.449	0.07
2.450	0.01
2.452	-0.03
2.453	-0.01
2.454	0.02
2.455	0.02
2.456	0.01
2.457	0.03
2.459	0.04
2.460	0.04
2.461	0.02
2.462	0.02
2.463	0.05
2.464	0.08
2.466	0.10
2.467	0.08
2.468	0.06
2.469	0.08
2.470	0.10
2.471	0.10
2.473	0.08
2.474	0.05
2.475	0.04
2.476	0.05
2.477	0.04
2.478	0.02
2.480	0.02
2.481	0.03
2.482	0.04
2.483	0.04
2.484	0.03
2.486	0.01
2.487	-0.01
2.488	0.00
2.489	-0.01
2.490	-0.01
2.492	0.04
2.493	0.08
2.494	0.07
2.495	0.05
2.496	0.02
2.498	0.00
2.499	0.00
2.500	0.01
2.501	0.02
2.502	0.03
2.504	0.04
2.505	0.06
2.506	0.06
2.507	0.05
2.508	0.03
2.510	0.02
2.511	0.02
2.512	0.03
2.513	0.04
2.515	0.04
2.516	0.02
2.517	0.02
2.518	0.03
2.519	0.03
2.521	0.05
2.522	0.06
2.523	0.07
2.524	0.07
2.526	0.06
2.527	0.02
2.528	-0.01
2.529	-0.01
2.531	0.03
2.532	0.06
2.533	0.06
2.534	0.03
2.535	0.02
2.537	0.02
2.538	0.03
2.539	0.03
2.540	0.04
2.542	0.05
2.543	0.06
2.544	0.06
2.545	0.03
2.547	-0.01
2.548	0.01
2.549	0.05
2.550	0.05
2.552	0.01
2.553	-0.02
2.554	0.01
2.555	0.02
2.557	0.03
2.558	0.05
2.559	0.07
2.561	0.07
2.562	0.04
2.563	0.02
2.564	0.02
2.566	0.03
2.567	0.05
2.568	0.06
2.569	0.06
2.571	0.04
2.572	0.02
2.573	0.03
2.575	0.04
2.576	0.00
2.577	-0.02
2.578	0.00
2.580	0.03
2.581	0.04
2.582	0.04
2.584	0.03
2.585	0.04
2.586	0.06
2.587	0.06
2.589	0.05
2.590	0.04
2.591	0.01
2.593	-0.01
2.594	0.01
2.595	0.05
2.596	0.07
2.598	0.08
2.599	0.06
2.600	0.02
2.602	0.01
2.603	0.03
2.604	0.05
2.606	0.05
2.607	0.04
2.608	0.02
2.610	0.00
2.611	-0.01
2.612	-0.01
2.613	0.00
2.615	0.00
2.616	0.02
2.617	0.03
2.619	0.02
2.620	0.00
2.621	0.00
2.623	0.01
2.624	0.02
2.625	0.05
2.627	0.06
2.628	0.07
2.629	0.07
2.631	0.05
2.632	0.03
2.633	0.01
2.635	0.00
2.636	0.02
2.637	0.04
2.639	0.04
2.640	0.03
2.641	0.04
2.643	0.06
2.644	0.06
2.646	0.04
2.647	0.03
2.648	0.03
2.650	0.02
2.651	0.02
2.652	0.04
2.654	0.06
2.655	0.05
2.656	0.02
2.658	-0.01
2.659	-0.01
2.660	0.01
2.662	0.02
2.663	0.04
2.665	0.05
2.666	0.03
2.667	0.01
2.669	0.02
2.670	0.07
2.671	0.08
2.673	0.05
2.674	0.01
2.676	0.00
2.677	0.01
2.678	0.04
2.680	0.04
2.681	0.03
2.682	0.04
2.684	0.03
2.685	0.01
2.687	0.00
2.688	0.02
2.689	0.04
2.691	0.05
2.692	0.06
2.694	0.07
2.695	0.08
2.696	0.07
2.698	0.05
2.699	0.02
2.701	0.01
2.702	0.00
2.703	0.02
2.705	0.01
2.706	0.00
2.708	0.01
2.709	0.03
2.711	0.02
2.712	0.01
2.713	0.01
2.715	0.03
2.716	0.04
2.718	0.02
2.719	0.01
2.720	0.00
2.722	0.01
2.723	0.02
2.725	0.01
2.726	0.01
2.728	0.03
2.729	0.05
2.731	0.04
2.732	0.02
2.733	0.01
2.735	0.01
2.736	0.03
2.738	0.04
2.739	0.03
2.741	0.00
2.742	-0.01
2.744	0.00
2.745	0.01
2.746	0.02
2.748	0.04
2.749	0.05
2.751	0.05
2.752	0.03
2.754	0.01
2.755	0.00
2.757	0.01
2.758	0.04
2.760	0.05
2.761	0.04
2.763	0.03
2.764	0.00
2.765	-0.01
2.767	0.01
2.768	0.02
2.770	0.02
2.771	0.02
2.773	0.03
2.774	0.03
2.776	0.03
2.777	0.03
2.779	0.02
2.780	0.03
2.782	0.05
2.783	0.04
2.785	0.02
2.786	0.00
2.788	0.01
2.789	0.02
2.791	0.01
2.792	0.01
2.794	0.02
2.795	0.04
2.797	0.03
2.798	0.01
2.800	0.01
2.801	0.02
2.803	0.02
2.804	0.02
2.806	0.02
2.807	0.01
2.809	0.01
2.810	0.00
2.812	0.01
2.814	0.02
2.815	0.03
2.817	0.03
2.818	0.03
2.820	0.01
2.821	0.01
2.823	0.02
2.824	0.02
2.826	0.02
2.827	0.01
2.829	0.01
2.830	0.01
2.832	0.01
2.834	0.01
2.835	0.01
2.837	0.02
2.838	0.00
2.840	0.00
2.841	0.02
2.843	0.03
2.844	0.03
2.846	0.02
2.848	0.00
2.849	0.01
2.851	0.02
2.852	0.02
2.854	0.02
2.855	0.02
2.857	0.01
2.859	0.00
2.860	0.00
2.862	0.00
2.863	0.00
2.865	0.02
2.866	0.04
2.868	0.03
2.870	0.02
2.871	0.02
2.873	0.02
2.874	0.02
2.876	0.01
2.878	0.00
2.879	0.00
2.881	0.02
2.882	0.04
2.884	0.04
2.886	0.03
2.887	0.02
2.889	0.02
2.890	0.03
2.892	0.01
2.894	0.02
2.895	0.04
2.897	0.05
2.899	0.04
2.900	0.02
2.902	0.01
2.903	0.01
2.905	0.00
2.907	0.00
2.908	0.02
2.910	0.04
2.912	0.04
2.913	0.03
2.915	0.03
2.916	0.02
2.918	0.00
2.920	-0.01
2.921	0.00
2.923	0.01
2.925	0.01
2.926	0.01
2.928	0.02
2.930	0.03
2.931	0.04
2.933	0.03
2.935	0.03
2.936	0.03
2.938	0.01
2.940	0.01
2.941	0.03
2.943	0.03
2.945	0.00
2.946	-0.01
2.948	0.00
2.950	0.03
2.951	0.04
2.953	0.04
2.955	0.03
2.956	0.02
2.958	0.02
2.960	0.03
2.961	0.02
2.963	0.01
2.965	0.00
2.967	0.00
2.968	0.02
2.970	0.03
2.972	0.03
2.973	0.03
2.975	0.02
2.977	0.01
2.978	0.01
2.980	0.01
2.982	0.01
2.984	0.02
2.985	0.04
2.987	0.03
2.989	0.03
2.991	0.02
2.992	0.03
2.994	0.02
2.996	0.01
2.997	0.00
2.999	0.00
3.001	0.02
3.003	0.03
3.004	0.03
3.006	0.02
3.008	0.02
3.010	0.02
3.011	0.02
3.013	0.01
3.015	0.02
3.017	0.02
3.018	0.01
3.020	0.01
3.022	0.02
3.024	0.03
3.025	0.04
3.027	0.03
3.029	0.02
3.031	0.00
3.032	0.00
3.034	0.02
3.036	0.02
3.038	0.00
3.040	0.02
3.041	0.04
3.043	0.03
3.045	0.02
3.047	0.02
3.049	0.02
3.050	0.00
3.052	0.00
3.054	0.01
3.056	0.01
3.058	0.01
3.059	0.01
3.061	0.00
3.063	0.00
3.065	0.00
3.067	0.00
3.068	0.01
3.070	0.03
3.072	0.01
3.074	-0.01
3.076	-0.01
3.078	0.01
3.079	0.02
3.081	0.02
3.083	0.01
3.085	0.01
3.087	0.01
3.089	0.03
3.090	0.03
3.092	0.02
3.094	0.01
3.096	0.01
3.098	0.02
3.100	0.03
3.101	0.02
3.103	0.00
3.105	0.00
3.107	0.00
3.109	0.02
3.111	0.03
3.113	0.02
3.115	0.01
3.116	0.00
3.118	0.01
3.120	0.02
3.122	0.02
3.124	0.01
3.126	0.02
3.128	0.03
3.130	0.03
3.131	0.03
3.133	0.03
3.135	0.02
3.137	0.00
3.139	0.00
3.141	0.02
3.143	0.04
3.145	0.04
3.147	0.04
3.149	0.04
3.150	0.04
3.152	0.04
3.154	0.03
3.156	0.02
3.158	0.01
3.160	0.00
3.162	-0.01
3.164	0.00
3.166	0.02
3.168	0.03
3.170	0.03
3.172	0.02
3.174	0.02
3.176	0.02
3.178	0.02
3.179	0.02
3.181	0.03
3.183	0.03
3.185	0.01
3.187	0.01
3.189	0.02
3.191	0.03
3.193	0.03
3.195	0.03
3.197	0.03
3.199	0.02
3.201	0.01
3.203	0.00
3.205	0.00
3.207	0.00
3.209	0.01
3.211	0.01
3.213	0.01
3.215	0.01
3.217	0.01
3.219	0.01
3.221	0.02
3.223	0.02
3.225	0.02
3.227	0.01
3.229	0.00
3.231	0.00
3.233	0.01
3.235	0.01
3.237	0.02
3.239	0.02
3.241	0.01
3.243	0.01
3.245	0.01
3.247	0.01
3.249	0.01
3.251	0.02
3.253	0.02
3.255	0.01
3.257	0.00
3.259	0.00
3.262	0.01
3.264	0.02
3.266	0.02
3.268	0.03
3.270	0.02
3.272	0.01
3.274	0.01
3.276	0.01
3.278	0.01
3.280	0.01
3.282	0.01
3.284	0.00
3.286	0.00
3.288	0.01
3.291	0.02
3.293	0.01
3.295	0.01
3.297	0.02
3.299	0.02
3.301	0.02
3.303	0.02
3.305	0.03
3.307	0.02
3.309	0.02
3.312	0.02
3.314	0.02
3.316	0.02
3.318	0.01
3.320	0.01
3.322	0.02
3.324	0.03
3.326	0.02
3.329	0.01
3.331	0.00
3.333	0.01
3.335	0.02
3.337	0.03
3.339	0.02
3.341	0.01
3.344	0.01
3.346	0.01
3.348	0.01
3.350	0.01
3.352	0.02
3.354	0.02
3.357	0.02
3.359	0.02
3.361	0.02
3.363	0.01
3.365	-0.01
3.367	0.00
3.370	0.01
3.372	0.01
3.374	0.01
3.376	0.00
3.378	0.00
3.381	0.00
3.383	0.00
3.385	0.00
3.387	0.01
3.389	0.01
3.392	0.01
3.394	0.01
3.396	0.01
3.398	0.01
3.401	0.01
3.403	0.02
3.405	0.01
3.407	0.00
3.410	0.00
3.412	0.01
3.414	0.02
3.416	0.02
3.419	0.02
3.421	0.01
3.423	0.01
3.425	0.01
3.428	0.01
3.430	0.01
3.432	0.00
3.434	0.00
3.437	0.00
3.439	0.00
3.441	-0.01
3.444	-0.01
3.446	0.01
3.448	0.02
3.450	0.02
3.453	0.01
3.455	0.00
3.457	0.01
3.460	0.01
3.462	0.02
3.464	0.01
3.467	0.00
3.469	0.00
3.471	0.00
3.474	0.01
3.476	0.01
3.478	0.00
3.481	0.00
3.483	0.00
3.485	0.00
3.488	0.01
3.490	0.01
3.492	0.01
3.495	0.01
3.497	0.00
3.499	0.00
3.502	0.00
3.504	0.01
3.506	0.03
3.509	0.03
3.511	0.02
3.514	0.01
3.516	0.00
3.518	0.01
3.521	0.01
3.523	0.00
3.526	0.00
3.528	0.01
3.530	0.02
3.533	0.01
3.535	0.00
3.538	0.00
3.540	0.01
3.542	0.02
3.545	0.02
3.547	0.01
3.550	0.01
3.552	0.00
3.555	0.00
3.557	0.00
3.559	0.00
3.562	0.01
3.564	0.02
3.567	0.01
3.569	0.00
3.572	0.00
3.574	0.00
3.577	0.01
3.579	0.01
3.582	0.01
3.584	0.01
3.587	0.01
3.589	0.00
3.592	-0.01
3.594	0.00
3.596	0.01
3.599	0.01
3.601	0.01
3.604	0.01
3.607	0.02
3.609	0.01
3.612	0.00
3.614	0.00
3.617	0.01
3.619	0.01
3.622	0.01
3.624	0.01
3.627	0.01
3.629	0.00
3.632	-0.01
3.634	-0.01
3.637	0.00
3.639	0.01
3.642	0.02
3.645	0.01
3.647	0.01
3.650	0.01
3.652	0.01
3.655	0.00
3.657	0.00
3.660	0.01
3.663	0.01
3.665	0.01
3.668	0.00
3.670	0.00
3.673	0.01
3.676	0.01
3.678	0.01
3.681	0.01
3.683	0.01
3.686	0.01
3.689	0.01
3.691	0.01
3.694	0.01
3.697	0.01
3.699	0.01
3.702	0.02
3.704	0.02
3.707	0.01
3.710	0.00
3.712	0.00
3.715	0.00
3.718	0.01
3.720	0.01
3.723	0.01
3.726	0.01
3.728	0.01
3.731	0.01
3.734	0.01
3.737	0.01
3.739	0.00
3.742	0.01
3.745	0.01
3.747	0.02
3.750	0.01
3.753	0.01
3.755	0.01
3.758	0.01
3.761	0.00
3.764	0.00
3.766	0.00
3.769	0.00
3.772	0.00
3.775	0.01
3.777	0.01
3.780	0.00
3.783	0.01
3.786	0.01
3.788	0.01
3.791	0.01
3.794	0.01
3.797	0.00
3.800	0.00
3.802	0.01
3.805	0.01
3.808	0.01
3.811	0.01
3.813	0.01
3.816	0.01
3.819	0.01
3.822	0.02
3.825	0.02
3.828	0.01
3.830	0.01
3.833	0.01
3.836	0.01
3.839	0.01
3.842	0.01
3.845	0.01
3.847	0.01
3.850	0.02
3.853	0.02
3.856	0.01
3.859	0.01
3.862	0.01
3.865	0.01
3.868	0.01
3.870	0.01
3.873	0.01
3.876	0.01
3.879	0.00
3.882	0.00
3.885	0.01
3.888	0.02
3.891	0.02
3.894	0.02
3.897	0.01
3.900	-0.01
3.903	-0.01
3.905	-0.01
3.908	-0.01
3.911	0.00
3.914	0.01
3.917	0.01
3.920	0.02
3.923	0.02
3.926	0.01
3.929	0.01
3.932	0.00
3.935	0.00
3.938	0.00
3.941	0.01
3.944	0.01
3.947	0.01
3.950	0.01
3.953	0.00
3.956	0.00
3.959	0.01
3.962	0.01
3.965	0.00
3.968	0.00
3.971	0.00
3.974	0.00
3.977	0.01
3.980	0.01
3.984	0.01
3.987	0.01
3.990	0.00
3.993	0.00
3.996	0.00
3.999	0.00
4.002	0.00
4.005	0.00
4.008	0.01
4.011	0.01
4.014	0.01
4.017	0.01
4.021	0.01
4.024	0.01
4.027	0.02
4.030	0.01
4.033	0.00
4.036	0.00
4.039	0.01
4.043	0.02
4.046	0.02
4.049	0.02
4.052	0.01
4.055	0.01
4.058	0.01
4.062	0.01
4.065	0.01
4.068	0.01
4.071	0.01
4.074	0.01
4.078	0.01
4.081	0.03
4.084	0.05
4.087	0.05
4.090	0.06
4.094	0.06
4.097	0.06
4.100	0.06
4.103	0.05
4.107	0.04
4.110	0.04
4.113	0.04
4.116	0.04
4.120	0.04
4.123	0.03
4.126	0.03
4.130	0.03
4.133	0.03
4.136	0.04
4.139	0.04
4.143	0.04
4.146	0.05
4.149	0.07
4.153	0.09
4.156	0.11
4.159	0.15
4.163	0.20
4.166	0.28
4.169	0.39
4.173	0.50
4.176	0.60
4.179	0.66
4.183	0.67
4.186	0.64
4.190	0.57
4.193	0.49
4.196	0.42
4.200	0.36
4.203	0.31
4.207	0.28
4.210	0.25
4.213	0.23
4.217	0.22
4.220	0.21
4.224	0.19
4.227	0.18
4.231	0.16
4.234	0.14
4.238	0.11
4.241	0.09
4.245	0.06
4.248	0.04
4.251	0.03
4.255	0.03
4.258	0.03
4.262	0.03
4.265	0.02
4.269	0.02
4.273	0.01
4.276	0.01
4.280	0.01
4.283	0.01
4.287	0.02
4.290	0.02
4.294	0.02
4.297	0.01
4.301	0.01
4.304	0.01
4.308	0.01
4.312	0.01
4.315	0.01
4.319	0.01
4.322	0.01
4.326	0.01
4.330	0.00
4.333	0.01
4.337	0.01
4.340	0.01
4.344	0.02
4.348	0.02
4.351	0.02
4.355	0.01
4.359	0.01
4.362	0.01
4.366	0.01
4.370	0.01
4.373	0.01
4.377	0.01
4.381	0.00
4.385	0.00
4.388	0.00
4.392	0.01
4.396	0.02
4.399	0.02
4.403	0.02
4.407	0.02
4.411	0.02
4.414	0.02
4.418	0.01
4.422	0.01
4.426	0.01
4.430	0.02
4.433	0.02
4.437	0.01
4.441	0.01
4.445	0.01
4.449	0.02
4.452	0.02
4.456	0.01
4.460	0.01
4.464	0.01
4.468	0.00
4.472	0.00
4.475	0.00
4.479	0.00
4.483	0.00
4.487	0.00
4.491	0.01
4.495	0.01
4.499	0.01
4.503	0.02
4.507	0.03
4.510	0.03
4.514	0.03
4.518	0.03
4.522	0.03
4.526	0.02
4.530	0.02
4.534	0.01
4.538	0.01
4.542	0.00
4.546	0.00
4.550	0.00
4.554	0.01
4.558	0.01
4.562	0.01
4.566	0.02
4.570	0.02
4.574	0.03
4.578	0.03
4.582	0.03
4.586	0.04
4.590	0.05
4.594	0.07
4.599	0.08
4.603	0.07
4.607	0.06
4.611	0.05
4.615	0.04
4.619	0.04
4.623	0.04
4.627	0.04
4.631	0.04
4.636	0.05
4.640	0.07
4.644	0.10
4.648	0.12
4.652	0.14
4.656	0.14
4.661	0.13
4.665	0.11
4.669	0.09
4.673	0.07
4.677	0.06
4.682	0.06
4.686	0.08
4.690	0.09
4.694	0.09
4.699	0.10
4.703	0.10
4.707	0.09
4.711	0.08
4.716	0.07
4.720	0.05
4.724	0.04
4.729	0.02
4.733	0.02
4.737	0.02
4.742	0.02
4.746	0.01
4.750	0.01
4.755	0.01
4.759	0.01
4.763	0.02
4.768	0.03
4.772	0.03
4.777	0.04
4.781	0.04
4.785	0.05
4.790	0.05
4.794	0.04
4.799	0.03
4.803	0.03
4.808	0.02
4.812	0.02
4.816	0.03
4.821	0.03
4.825	0.03
4.830	0.03
4.834	0.02
4.839	0.02
4.844	0.01
4.848	0.01
4.853	0.01
4.857	0.00
4.862	0.00
4.866	0.00
4.871	0.00
4.875	0.00
4.880	0.01
4.885	0.00
4.889	0.00
4.894	0.00
4.898	0.00
4.903	0.00
4.908	0.00
4.912	0.00
4.917	0.00
4.922	0.01
4.926	0.01
4.931	0.01
4.936	0.01
4.940	0.01
4.945	0.01
4.950	0.01
4.955	0.01
4.959	0.01
4.964	0.01
4.969	0.02
4.974	0.02
4.978	0.02
4.983	0.02
4.988	0.01
4.993	0.01
4.998	0.02
5.002	0.02
5.007	0.03
5.012	0.03
5.017	0.03
5.022	0.03
5.027	0.03
5.032	0.03
5.036	0.03
5.041	0.02
5.046	0.02
5.051	0.01
5.056	0.01
5.061	0.01
5.066	0.01
5.071	0.01
5.076	0.00
5.081	0.00
5.086	0.00
5.091	0.01
5.096	0.01
5.101	0.01
5.106	0.01
5.111	0.01
5.116	0.01
5.121	0.01
5.126	0.00
5.131	0.00
5.136	0.00
5.141	0.01
5.147	0.01
5.152	0.01
5.157	0.01
5.162	0.01
5.167	0.00
5.172	0.00
5.177	0.00
5.183	0.00
5.188	0.00
5.193	0.00
5.198	0.01
5.203	0.01
5.209	0.01
5.214	0.01
5.219	0.01
5.224	0.00
5.230	0.00
5.235	0.01
5.240	0.01
5.245	0.01
5.251	0.00
5.256	0.00
5.261	0.00
5.267	0.00
5.272	0.00
5.278	0.00
5.283	0.00
5.288	0.00
5.294	0.00
5.299	0.00
5.305	0.00
5.310	0.00
5.315	0.00
5.321	0.00
5.326	0.00
5.332	0.00
5.337	0.01
5.343	0.00
5.348	0.00
5.354	0.01
5.359	0.01
5.365	0.01
5.371	0.02
5.376	0.02
5.382	0.01
5.387	0.01
5.393	0.00
5.398	0.00
5.404	0.01
5.410	0.01
5.415	0.01
5.421	0.00
5.427	0.00
5.432	0.00
5.438	0.00
5.444	0.01
5.450	0.01
5.455	0.01
5.461	0.01
5.467	0.01
5.473	0.01
5.478	0.01
5.484	0.01
5.490	0.01
5.496	0.01
5.502	0.01
5.507	0.01
5.513	0.00
5.519	0.00
5.525	0.00
5.531	0.01
5.537	0.01
5.543	0.01
5.549	0.01
5.555	0.01
5.561	0.01
5.567	0.01
5.573	0.01
5.579	0.02
5.585	0.02
5.591	0.02
5.597	0.03
5.603	0.04
5.609	0.05
5.615	0.05
5.621	0.04
5.627	0.02
5.633	0.02
5.639	0.02
5.645	0.02
5.652	0.02
5.658	0.02
5.664	0.02
5.670	0.03
5.676	0.04
5.683	0.06
5.689	0.07
5.695	0.07
5.701	0.06
5.708	0.04
5.714	0.03
5.720	0.02
5.727	0.01
5.733	0.01
5.739	0.01
5.746	0.01
5.752	0.01
5.758	0.01
5.765	0.01
5.771	0.01
5.778	0.01
5.784	0.01
5.791	0.01
5.797	0.01
5.804	0.02
5.810	0.02
5.817	0.02
5.823	0.02
5.830	0.02
5.836	0.02
5.843	0.01
5.849	0.01
5.856	0.01
5.863	0.02
5.869	0.02
5.876	0.01
5.883	0.01
5.889	0.01
5.896	0.01
5.903	0.01
5.909	0.01
5.916	0.02
5.923	0.01
5.930	0.01
5.936	0.01
5.943	0.03
5.950	0.03
5.957	0.03
5.964	0.03
5.971	0.03
5.978	0.02
5.984	0.01
5.991	0.01
5.998	0.01
6.005	0.02
6.012	0.02
6.019	0.01
6.026	0.01
6.033	0.01
6.040	0.01
6.047	0.00
6.054	0.00
6.061	0.00
6.069	-0.01
6.076	0.00
6.083	0.00
6.090	0.01
6.097	0.01
6.104	0.01
6.111	0.01
6.119	0.01
6.126	0.00
6.133	0.00
6.140	0.00
6.148	0.00
6.155	0.01
6.162	0.01
6.170	0.01
6.177	0.02
6.184	0.03
6.192	0.02
6.199	0.01
6.207	0.00
6.214	0.01
6.222	0.00
6.229	0.00
6.237	0.01
6.244	0.01
6.252	0.01
6.259	0.01
6.267	0.01
6.274	0.01
6.282	0.01
6.290	0.01
6.297	0.00
6.305	0.00
6.312	0.01
6.320	0.01
6.328	0.01
6.336	0.01
6.343	0.01
6.351	0.01
6.359	0.01
6.367	0.01
6.375	0.01
6.382	0.00
6.390	0.00
6.398	0.00
6.406	0.00
6.414	0.00
6.422	0.00
6.430	0.00
6.438	0.01
6.446	0.02
6.454	0.04
6.462	0.04
6.470	0.05
6.478	0.04
6.486	0.03
6.494	0.02
6.503	0.01
6.511	0.00
6.519	0.00
6.527	0.00
6.535	0.00
6.544	0.00
6.552	0.00
6.560	0.01
6.568	0.01
6.577	0.01
6.585	0.02
6.594	0.02
6.602	0.03
6.610	0.03
6.619	0.03
6.627	0.02
6.636	0.01
6.644	0.01
6.653	0.01
6.661	0.01
6.670	0.00
6.679	0.00
6.687	0.00
6.696	0.00
6.704	0.01
6.713	0.00
6.722	0.00
6.731	0.00
6.739	0.01
6.748	0.01
6.757	0.01
6.766	0.01
6.775	0.02
6.783	0.02
6.792	0.03
6.801	0.03
6.810	0.03
6.819	0.03
6.828	0.02
6.837	0.01
6.846	0.01
6.855	0.01
6.864	0.01
6.873	0.01
6.883	0.01
6.892	0.01
6.901	0.01
6.910	0.02
6.919	0.03
6.929	0.03
6.938	0.04
6.947	0.03
6.956	0.02
6.966	0.02
6.975	0.01
6.985	0.00
6.994	0.00
7.003	0.00
7.013	0.00
7.022	0.00
7.032	0.01
7.042	0.01
7.051	0.01
7.061	0.00
7.070	0.00
7.080	0.00
7.090	0.01
7.099	0.02
7.109	0.02
7.119	0.02
7.129	0.02
7.138	0.02
7.148	0.02
7.158	0.02
7.168	0.02
7.178	0.01
7.188	0.01
7.198	0.00
7.208	0.00
7.218	0.01
7.228	0.01
7.238	0.02
7.248	0.02
7.258	0.01
7.269	0.01
7.279	0.01
7.289	0.01
7.299	0.01
7.310	0.00
7.320	0.00
7.330	0.00
7.341	0.00
7.351	0.00
7.362	0.00
7.372	0.00
7.383	0.00
7.393	0.01
7.404	0.01
7.414	0.02
7.425	0.02
7.435	0.02
7.446	0.02
7.457	0.02
7.468	0.02
7.478	0.02
7.489	0.01
7.500	0.01
7.511	0.01
7.522	0.01
7.533	0.01
7.544	0.00
7.555	0.00
7.566	0.01
7.577	0.02
7.588	0.04
7.599	0.05
7.610	0.05
7.621	0.04
7.633	0.02
7.644	0.01
7.655	0.00
7.666	-0.01
7.678	-0.01
7.689	-0.01
7.701	0.00
7.712	0.01
7.724	0.01
7.735	0.01
7.747	0.01
7.758	0.01
7.770	0.01
7.782	0.01
7.793	0.01
7.805	0.01
7.817	0.02
7.829	0.02
7.840	0.02
7.852	0.01
7.864	0.00
7.876	0.01
7.888	0.01
7.900	0.01
7.912	0.01
7.924	0.00
7.937	-0.01
7.949	0.00
7.961	0.01
7.973	0.00
7.985	0.00
7.998	0.01
8.010	0.01
8.023	0.01
8.035	0.01
8.047	0.00
8.060	0.01
8.073	0.01
8.085	0.01
8.098	0.00
8.110	0.01
8.123	0.01
8.136	0.01
8.149	0.01
8.161	0.01
8.174	0.01
8.187	0.00
8.200	0.00
8.213	0.00
8.226	0.00
8.239	0.00
8.252	0.01
8.266	0.01
8.279	0.02
8.292	0.03
8.305	0.05
8.319	0.07
8.332	0.08
8.346	0.07
8.359	0.06
8.372	0.06
8.386	0.08
8.400	0.14
8.413	0.22
8.427	0.29
8.441	0.28
8.454	0.20
8.468	0.10
8.482	0.04
8.496	0.02
8.510	0.02
8.524	0.01
8.538	0.01
8.552	0.00
8.566	0.00
8.580	0.00
8.595	0.00
8.609	0.01
8.623	0.01
8.638	0.00
8.652	0.00
8.666	0.01
8.681	0.01
8.696	0.01
8.710	0.00
8.725	0.01
8.740	0.01
8.754	0.01
8.769	0.00
8.784	0.00
8.799	0.01
8.814	0.01
8.829	0.01
8.844	0.01
8.859	0.01
8.874	0.01
8.889	0.02
8.905	0.01
8.920	0.01
8.935	0.02
8.951	0.02
8.966	0.01
8.982	0.01
8.997	0.01
9.013	0.01
9.029	0.01
9.045	0.01
9.060	0.02
9.076	0.02
9.092	0.01
9.108	0.00
9.124	0.00
9.140	0.00
9.156	0.01
9.173	0.01
9.189	0.01
9.205	0.00
9.222	0.00
9.238	-0.01
9.255	-0.01
9.271	0.00
9.288	0.01
9.304	0.01
9.321	0.01
9.338	0.02
9.355	0.03
9.372	0.03
9.389	0.03
9.406	0.03
9.423	0.02
9.440	0.02
9.457	0.02
9.474	0.01
9.492	0.02
9.509	0.02
9.527	0.03
9.544	0.03
9.562	0.02
9.580	0.01
9.597	0.01
9.615	0.00
9.633	0.00
9.651	0.01
9.669	0.02
9.687	0.03
9.705	0.03
9.723	0.02
9.742	0.02
9.760	0.02
9.778	0.02
9.797	0.01
9.815	0.00
9.834	0.00
9.853	0.01
9.871	0.01
9.890	0.02
9.909	0.01
9.928	0.00
9.947	0.01
9.966	0.02
9.986	0.02
10.005	0.01
10.024	0.00
10.044	0.00
10.063	0.01
10.083	0.02
10.102	0.01
10.122	0.01
10.142	0.01
10.162	0.01
10.182	0.02
10.202	0.01
10.222	0.01
10.242	0.00
10.262	0.00
10.283	0.02
10.303	0.02
10.324	0.01
10.344	0.01
10.365	0.00
10.386	0.00
10.407	0.00
10.428	0.01
10.449	0.01
10.470	0.02
10.491	0.02
10.512	0.02
10.534	0.02
10.555	0.01
10.577	0.01
10.598	0.00
10.620	0.00
10.642	0.01
10.664	0.01
10.686	0.01
10.708	0.01
10.730	0.01
10.752	0.01
10.774	0.01
10.797	0.02
10.819	0.03
10.842	0.03
10.865	0.01
10.888	0.00
10.911	0.01
10.934	0.01
10.957	0.01
10.980	0.01
11.003	0.00
11.027	0.00
11.050	0.00
11.074	-0.01
11.098	0.00
11.121	0.01
11.145	0.01
11.169	0.01
11.193	0.01
11.218	0.02
11.242	0.01
11.266	0.00
11.291	0.01
11.316	0.01
11.340	0.03
11.365	0.04
11.390	0.05
11.415	0.04
11.440	0.03
11.466	0.04
11.491	0.05
11.517	0.05
11.542	0.04
11.568	0.03
11.594	0.04
11.620	0.04
11.646	0.03
11.672	0.02
11.699	0.02
11.725	0.02
11.752	0.03
11.779	0.03
11.805	0.04
11.832	0.05
11.859	0.05
11.887	0.05
11.914	0.05
11.941	0.05
11.969	0.04
11.997	0.03
12.024	0.02
12.052	0.02
12.081	0.01
12.109	-0.01
12.137	-0.01
12.166	0.00
12.194	0.01
12.223	0.02
12.252	0.02
12.281	0.01
12.310	0.00
12.339	0.00
12.369	0.01
12.398	0.02
12.428	0.01
12.458	0.01
12.488	0.01
12.518	0.02
12.548	0.03
12.579	0.03
12.610	0.02
12.640	0.01
12.671	0.01
12.702	0.01
12.734	0.02
12.765	0.01
12.796	0.01
12.828	0.01
12.860	0.02
12.892	0.02
12.924	0.01
12.956	0.00
12.989	0.00
13.022	0.01
13.054	0.02
13.087	0.02
13.120	0.02
13.154	0.01
13.187	-0.01
13.221	-0.01
13.255	0.00
13.289	0.01
13.323	0.02
13.357	0.02
13.392	0.01
13.426	0.01
13.461	0.01
13.496	0.01
13.531	0.02
13.567	0.03
13.602	0.03
13.638	0.01
13.674	-0.01
13.710	-0.01
13.747	0.01
13.783	0.01
13.820	0.00
13.857	0.01
13.894	0.02
13.932	0.02
13.969	0.02
14.007	0.03
14.045	0.03
14.083	0.02
14.121	0.01
14.160	0.00
14.199	-0.01
14.238	-0.01
14.277	0.00
14.316	0.01
14.356	0.01
14.396	0.02
14.436	0.01
14.476	0.01
14.517	0.01
14.558	0.00
14.599	-0.01
14.640	-0.01
14.681	0.01
14.723	0.02
14.765	0.02
14.807	0.02
14.850	0.02
14.892	0.02
14.935	0.02
14.978	0.03
15.022	0.05
15.065	0.05
15.109	0.03
15.154	0.03
15.198	0.01
15.243	0.00
15.288	0.01
15.333	0.03
15.378	0.04
15.424	0.03
15.470	0.02
15.517	0.01
15.563	0.02
15.610	0.03
15.657	0.04
15.705	0.03
15.752	0.02
15.801	0.03
15.849	0.04
15.897	0.06
15.946	0.05
15.995	0.01
16.045	0.00
16.095	-0.01
16.145	-0.01
16.195	0.00
16.246	0.02
16.297	0.03
16.349	0.04
16.400	0.03
16.453	0.02
16.505	0.02
16.558	0.04
16.611	0.05
16.664	0.05
16.718	0.05
16.772	0.05
16.827	0.05
16.881	0.05
16.937	0.05
16.992	0.03
17.048	0.01
17.104	0.01
17.161	0.02
17.218	0.04
17.275	0.05
17.333	0.04
17.391	0.03
17.450	0.03
17.509	0.03
17.568	0.00
17.628	0.00
17.688	0.02
17.748	0.05
17.809	0.05
17.871	0.02
17.933	-0.01
17.995	0.00
18.058	0.03
18.121	0.04
18.184	0.04
18.249	0.04
18.313	0.04
18.378	0.05
18.443	0.05
18.509	0.04
18.575	0.03
18.642	0.03
18.709	0.05
18.777	0.08
18.846	0.08
18.914	0.06
18.984	0.07
19.053	0.08
19.124	0.11
19.195	0.14
19.266	0.14
19.338	0.16
19.410	0.21
19.483	0.34
19.557	0.55
19.631	0.82
19.706	1.19
19.781	1.77
19.857	2.72
19.933	4.19
20.010	6.45
20.087	9.86
20.165	14.92
20.244	22.22
20.324	32.13
20.404	44.23
20.484	57.04
20.566	68.27
20.648	75.92
20.730	79.48
20.813	80.17
20.897	79.69
20.982	79.13
21.067	79.00
21.153	79.45
21.240	80.25
21.327	81.03
21.416	81.53
21.504	81.61
21.594	81.31
21.684	80.89
21.776	80.47
21.867	79.78
21.960	78.24
22.053	74.85
22.147	68.42
22.242	58.50
22.338	46.17
22.435	33.59
22.533	22.74
22.631	14.65
22.730	9.30
22.831	5.97
22.932	3.85
23.136	3.20
23.345	2.19
23.557	0.94
23.773	0.33
23.993	1.07
24.218	1.76
24.446	1.65
24.679	0.98
24.916	0.51
25.158	0.85
25.405	1.51
25.656	0.31
25.913	0.41
26.175	1.40
26.442	2.12
26.714	2.07
26.993	1.40
27.276	0.69
27.566	0.92
27.863	0.63
28.166	1.48
28.475	2.25
28.792	1.55
29.115	0.28
29.446	0.62
29.785	1.93
30.131	2.26
30.486	1.59
30.848	0.93
31.220	1.06
31.601	0.54
31.991	1.57
32.391	3.00
32.801	3.23
33.221	2.37
33.653	1.72
34.096	1.74
34.551	1.83
35.018	1.58
35.496	0.41
35.989	0.64
36.496	0.31
37.018	0.62
37.554	0.61
38.107	1.64
38.676	1.89
39.262	1.20
39.866	0.66
40.489	0.65
41.132	1.11
41.796	1.53
42.479	1.38
43.187	1.68
43.919	2.69
44.677	2.47
45.461	1.76
46.273	1.68
47.114	1.23
47.987	0.91
48.893	0.26
49.833	0.29
50.810	1.03
51.824	1.07
52.882	0.54
53.984	2.50
55.133	4.29
56.332	4.24
57.584	2.46
58.893	1.88
60.263	2.60
61.698	2.71
63.203	2.06
64.784	1.44
66.441	0.68
68.190	0.34
70.033	0.88
71.979	2.00
74.036	1.70
76.214	1.22
78.524	2.45
80.978	3.27
83.591	3.00
86.378	3.07
89.358	3.47
92.541	3.25
95.969	3.41
99.661	4.48
103.648	3.15
107.968	0.99
112.663	1.24
117.786	4.00
123.396	5.95
129.567	7.15
136.388	7.21
143.968	5.47
152.439	2.54
161.943	2.34
172.741	7.25
185.082	12.73
199.322	7.36