Wavelengths (microns) Transmittance (%)
2.000	0.22
2.001	0.13
2.002	0.09
2.003	0.13
2.003	0.20
2.004	0.22
2.005	0.19
2.006	0.24
2.006	0.24
2.007	0.09
2.008	-0.07
2.009	-0.07
2.010	0.02
2.010	-0.03
2.011	-0.09
2.012	0.10
2.013	0.25
2.013	0.16
2.014	0.00
2.015	-0.10
2.016	-0.11
2.017	-0.02
2.017	0.15
2.018	0.24
2.019	0.16
2.020	0.15
2.020	0.26
2.021	0.28
2.022	0.13
2.023	0.00
2.024	-0.01
2.024	0.10
2.025	0.23
2.026	0.30
2.027	0.26
2.028	0.19
2.028	0.18
2.029	0.11
2.030	-0.02
2.031	0.00
2.032	0.03
2.032	0.09
2.033	0.18
2.034	0.18
2.035	0.20
2.036	0.24
2.036	0.23
2.037	0.22
2.038	0.21
2.039	0.16
2.040	0.08
2.040	0.03
2.041	0.04
2.042	0.12
2.043	0.19
2.044	0.15
2.044	0.08
2.045	0.11
2.046	0.13
2.047	0.14
2.048	0.18
2.048	0.11
2.049	0.02
2.050	0.06
2.051	0.15
2.052	0.17
2.052	0.19
2.053	0.25
2.054	0.19
2.055	0.07
2.056	0.05
2.057	0.10
2.057	0.10
2.058	0.13
2.059	0.23
2.060	0.27
2.061	0.24
2.061	0.22
2.062	0.25
2.063	0.29
2.064	0.27
2.065	0.19
2.066	0.16
2.066	0.20
2.067	0.14
2.068	0.06
2.069	0.03
2.070	0.07
2.071	0.16
2.071	0.26
2.072	0.31
2.073	0.26
2.074	0.15
2.075	0.09
2.076	0.08
2.076	0.15
2.077	0.25
2.078	0.25
2.079	0.13
2.080	0.01
2.081	-0.02
2.081	0.02
2.082	0.10
2.083	0.19
2.084	0.21
2.085	0.17
2.086	0.14
2.086	0.12
2.087	0.13
2.088	0.17
2.089	0.04
2.090	-0.09
2.091	-0.03
2.091	0.13
2.092	0.19
2.093	0.08
2.094	0.01
2.095	0.09
2.096	0.22
2.096	0.24
2.097	0.13
2.098	0.02
2.099	0.03
2.100	0.06
2.101	-0.05
2.102	-0.03
2.102	0.06
2.103	0.10
2.104	0.13
2.105	0.19
2.106	0.24
2.107	0.25
2.108	0.20
2.108	0.11
2.109	0.07
2.110	0.08
2.111	0.11
2.112	0.10
2.113	0.13
2.114	0.23
2.114	0.26
2.115	0.23
2.116	0.17
2.117	0.14
2.118	0.06
2.119	0.09
2.120	0.20
2.121	0.26
2.121	0.29
2.122	0.30
2.123	0.24
2.124	0.17
2.125	0.19
2.126	0.17
2.127	0.10
2.127	0.11
2.128	0.10
2.129	0.04
2.130	0.00
2.131	0.03
2.132	0.09
2.133	0.12
2.134	0.12
2.134	0.14
2.135	0.15
2.136	0.14
2.137	0.13
2.138	0.13
2.139	0.10
2.140	0.06
2.141	0.05
2.142	0.00
2.142	-0.04
2.143	0.02
2.144	0.12
2.145	0.16
2.146	0.14
2.147	0.07
2.148	0.02
2.149	0.08
2.150	0.14
2.150	0.15
2.151	0.06
2.152	-0.06
2.153	0.00
2.154	0.17
2.155	0.28
2.156	0.28
2.157	0.23
2.158	0.16
2.158	0.12
2.159	0.11
2.160	0.11
2.161	0.10
2.162	0.05
2.163	0.03
2.164	0.08
2.165	0.15
2.166	0.18
2.167	0.11
2.168	0.00
2.168	-0.02
2.169	0.07
2.170	0.14
2.171	0.11
2.172	0.07
2.173	0.07
2.174	0.09
2.175	0.05
2.176	0.03
2.177	0.05
2.178	0.06
2.178	0.03
2.179	0.06
2.180	0.16
2.181	0.20
2.182	0.18
2.183	0.18
2.184	0.14
2.185	0.06
2.186	0.03
2.187	0.09
2.188	0.12
2.189	0.08
2.189	0.05
2.190	0.05
2.191	0.07
2.192	0.09
2.193	0.10
2.194	0.09
2.195	0.05
2.196	0.02
2.197	0.01
2.198	0.00
2.199	0.01
2.200	0.06
2.201	0.08
2.202	0.07
2.203	0.08
2.203	0.11
2.204	0.09
2.205	0.05
2.206	0.02
2.207	0.03
2.208	0.04
2.209	0.04
2.210	0.04
2.211	0.03
2.212	0.08
2.213	0.09
2.214	0.00
2.215	-0.05
2.216	-0.03
2.217	0.04
2.218	0.08
2.219	0.08
2.220	0.06
2.220	0.08
2.221	0.11
2.222	0.12
2.223	0.12
2.224	0.11
2.225	0.06
2.226	0.02
2.227	0.00
2.228	0.00
2.229	0.01
2.230	0.04
2.231	0.08
2.232	0.12
2.233	0.11
2.234	0.07
2.235	0.04
2.236	0.07
2.237	0.14
2.238	0.17
2.239	0.14
2.240	0.11
2.241	0.12
2.242	0.13
2.243	0.07
2.244	0.01
2.244	0.03
2.245	0.06
2.246	0.03
2.247	0.09
2.248	0.13
2.249	0.11
2.250	0.11
2.251	0.07
2.252	0.02
2.253	0.04
2.254	0.11
2.255	0.11
2.256	0.08
2.257	0.06
2.258	0.06
2.259	0.08
2.260	0.09
2.261	0.10
2.262	0.06
2.263	0.03
2.264	0.07
2.265	0.13
2.266	0.12
2.267	0.06
2.268	0.04
2.269	0.05
2.270	0.05
2.271	0.02
2.272	-0.03
2.273	-0.04
2.274	-0.01
2.275	0.03
2.276	0.08
2.277	0.12
2.278	0.12
2.279	0.09
2.280	0.06
2.281	0.08
2.282	0.12
2.283	0.15
2.284	0.17
2.285	0.18
2.286	0.11
2.287	0.00
2.288	-0.05
2.289	-0.02
2.290	0.03
2.291	0.06
2.292	0.07
2.293	0.10
2.294	0.09
2.295	0.04
2.296	0.01
2.297	0.05
2.298	0.04
2.299	-0.02
2.300	-0.04
2.301	0.02
2.302	0.11
2.303	0.16
2.304	0.16
2.305	0.14
2.306	0.09
2.307	0.04
2.308	0.02
2.310	0.04
2.311	0.07
2.312	0.02
2.313	-0.04
2.314	-0.03
2.315	0.05
2.316	0.12
2.317	0.15
2.318	0.14
2.319	0.13
2.320	0.10
2.321	0.05
2.322	0.02
2.323	0.01
2.324	0.04
2.325	0.10
2.326	0.11
2.327	0.06
2.328	0.05
2.329	0.08
2.330	0.09
2.331	0.06
2.332	0.02
2.333	0.05
2.334	0.12
2.336	0.14
2.337	0.07
2.338	0.01
2.339	0.06
2.340	0.10
2.341	0.11
2.342	0.12
2.343	0.12
2.344	0.09
2.345	0.06
2.346	0.07
2.347	0.07
2.348	0.04
2.349	0.04
2.350	0.06
2.351	0.07
2.352	0.05
2.354	0.03
2.355	0.03
2.356	0.06
2.357	0.09
2.358	0.12
2.359	0.11
2.360	0.07
2.361	0.03
2.362	0.04
2.363	0.04
2.364	0.02
2.365	0.01
2.366	0.02
2.368	0.01
2.369	0.00
2.370	-0.01
2.371	0.01
2.372	0.04
2.373	0.08
2.374	0.11
2.375	0.10
2.376	0.07
2.377	0.05
2.378	0.05
2.379	0.04
2.381	0.00
2.382	-0.02
2.383	0.01
2.384	0.06
2.385	0.08
2.386	0.07
2.387	0.06
2.388	0.09
2.389	0.10
2.390	0.09
2.392	0.07
2.393	0.08
2.394	0.09
2.395	0.08
2.396	0.08
2.397	0.08
2.398	0.08
2.399	0.08
2.400	0.07
2.402	0.07
2.403	0.07
2.404	0.05
2.405	0.04
2.406	0.04
2.407	0.02
2.408	0.01
2.409	0.02
2.410	0.03
2.412	0.06
2.413	0.07
2.414	0.02
2.415	-0.04
2.416	-0.03
2.417	-0.01
2.418	0.03
2.419	0.07
2.421	0.05
2.422	0.04
2.423	0.05
2.424	0.05
2.425	0.04
2.426	0.03
2.427	0.02
2.429	0.02
2.430	0.03
2.431	0.02
2.432	-0.01
2.433	-0.01
2.434	0.03
2.435	0.05
2.437	0.06
2.438	0.06
2.439	0.05
2.440	0.06
2.441	0.10
2.442	0.11
2.443	0.09
2.445	0.05
2.446	0.02
2.447	0.03
2.448	0.03
2.449	0.02
2.450	0.01
2.452	0.04
2.453	0.07
2.454	0.07
2.455	0.08
2.456	0.09
2.457	0.08
2.459	0.05
2.460	0.02
2.461	0.01
2.462	-0.01
2.463	-0.01
2.464	0.01
2.466	0.02
2.467	0.00
2.468	0.02
2.469	0.07
2.470	0.09
2.471	0.07
2.473	0.06
2.474	0.06
2.475	0.05
2.476	0.03
2.477	0.02
2.478	0.03
2.480	0.05
2.481	0.06
2.482	0.04
2.483	0.03
2.484	0.04
2.486	0.05
2.487	0.06
2.488	0.05
2.489	0.04
2.490	0.02
2.492	0.03
2.493	0.05
2.494	0.07
2.495	0.07
2.496	0.05
2.498	0.03
2.499	0.02
2.500	0.04
2.501	0.04
2.502	0.03
2.504	0.03
2.505	0.04
2.506	0.04
2.507	0.02
2.508	0.01
2.510	0.02
2.511	0.06
2.512	0.07
2.513	0.06
2.515	0.04
2.516	0.01
2.517	0.00
2.518	0.01
2.519	0.01
2.521	-0.02
2.522	-0.01
2.523	0.00
2.524	0.02
2.526	0.05
2.527	0.06
2.528	0.06
2.529	0.04
2.531	0.02
2.532	0.02
2.533	0.03
2.534	0.03
2.535	0.06
2.537	0.07
2.538	0.06
2.539	0.02
2.540	0.00
2.542	-0.01
2.543	0.01
2.544	0.03
2.545	0.03
2.547	0.03
2.548	0.04
2.549	0.05
2.550	0.04
2.552	0.03
2.553	0.03
2.554	0.04
2.555	0.03
2.557	0.01
2.558	-0.01
2.559	-0.02
2.561	0.00
2.562	0.03
2.563	0.04
2.564	0.03
2.566	0.03
2.567	0.03
2.568	0.02
2.569	0.03
2.571	0.03
2.572	0.00
2.573	-0.01
2.575	0.00
2.576	0.03
2.577	0.05
2.578	0.06
2.580	0.05
2.581	0.02
2.582	-0.01
2.584	-0.01
2.585	0.02
2.586	0.05
2.587	0.07
2.589	0.07
2.590	0.05
2.591	0.03
2.593	0.02
2.594	0.03
2.595	0.05
2.596	0.05
2.598	0.04
2.599	0.03
2.600	0.02
2.602	0.03
2.603	0.03
2.604	0.05
2.606	0.05
2.607	0.02
2.608	0.00
2.610	0.01
2.611	0.02
2.612	0.02
2.613	0.02
2.615	0.02
2.616	0.03
2.617	0.03
2.619	0.03
2.620	0.03
2.621	0.04
2.623	0.04
2.624	0.04
2.625	0.03
2.627	0.02
2.628	0.03
2.629	0.05
2.631	0.02
2.632	0.00
2.633	0.01
2.635	0.04
2.636	0.04
2.637	0.02
2.639	-0.01
2.640	-0.02
2.641	0.00
2.643	0.03
2.644	0.06
2.646	0.05
2.647	0.04
2.648	0.02
2.650	0.01
2.651	0.00
2.652	0.01
2.654	0.02
2.655	0.03
2.656	0.03
2.658	0.00
2.659	-0.01
2.660	0.03
2.662	0.03
2.663	0.01
2.665	0.00
2.666	0.00
2.667	0.02
2.669	0.02
2.670	0.03
2.671	0.04
2.673	0.02
2.674	0.00
2.676	-0.01
2.677	0.01
2.678	0.05
2.680	0.05
2.681	0.01
2.682	0.00
2.684	-0.01
2.685	0.00
2.687	0.02
2.688	0.03
2.689	0.02
2.691	0.01
2.692	0.01
2.694	0.02
2.695	0.02
2.696	0.04
2.698	0.04
2.699	0.03
2.701	0.03
2.702	0.02
2.703	0.01
2.705	0.01
2.706	0.00
2.708	0.00
2.709	0.01
2.711	0.01
2.712	0.01
2.713	0.02
2.715	0.01
2.716	0.01
2.718	0.03
2.719	0.04
2.720	0.06
2.722	0.06
2.723	0.04
2.725	0.03
2.726	0.01
2.728	0.00
2.729	0.00
2.731	0.02
2.732	0.03
2.733	0.01
2.735	-0.01
2.736	0.00
2.738	0.02
2.739	0.04
2.741	0.05
2.742	0.04
2.744	0.05
2.745	0.06
2.746	0.06
2.748	0.05
2.749	0.05
2.751	0.03
2.752	0.02
2.754	0.01
2.755	0.01
2.757	0.01
2.758	0.02
2.760	0.00
2.761	0.00
2.763	0.04
2.764	0.07
2.765	0.08
2.767	0.05
2.768	0.01
2.770	0.01
2.771	0.03
2.773	0.03
2.774	0.02
2.776	0.01
2.777	0.01
2.779	0.01
2.780	0.03
2.782	0.02
2.783	0.01
2.785	0.00
2.786	0.00
2.788	0.02
2.789	0.03
2.791	0.03
2.792	0.03
2.794	0.02
2.795	0.00
2.797	0.00
2.798	0.02
2.800	0.02
2.801	0.01
2.803	0.00
2.804	0.01
2.806	0.02
2.807	0.02
2.809	0.02
2.810	0.03
2.812	0.03
2.814	0.04
2.815	0.06
2.817	0.06
2.818	0.04
2.820	0.02
2.821	0.03
2.823	0.04
2.824	0.02
2.826	-0.01
2.827	-0.01
2.829	0.01
2.830	0.03
2.832	0.06
2.834	0.06
2.835	0.04
2.837	0.01
2.838	0.00
2.840	0.00
2.841	-0.01
2.843	-0.01
2.844	0.00
2.846	0.01
2.848	0.03
2.849	0.04
2.851	0.03
2.852	0.01
2.854	0.01
2.855	0.02
2.857	0.03
2.859	0.02
2.860	0.02
2.862	0.03
2.863	0.02
2.865	0.02
2.866	0.02
2.868	0.01
2.870	0.00
2.871	-0.01
2.873	0.01
2.874	0.02
2.876	0.02
2.878	0.03
2.879	0.03
2.881	0.03
2.882	0.02
2.884	0.02
2.886	0.01
2.887	0.01
2.889	0.01
2.890	0.00
2.892	-0.02
2.894	-0.01
2.895	0.01
2.897	0.04
2.899	0.05
2.900	0.05
2.902	0.05
2.903	0.05
2.905	0.03
2.907	0.03
2.908	0.03
2.910	0.03
2.912	0.02
2.913	0.00
2.915	-0.01
2.916	0.00
2.918	0.01
2.920	0.01
2.921	0.01
2.923	0.02
2.925	0.02
2.926	0.02
2.928	0.02
2.930	0.03
2.931	0.03
2.933	0.02
2.935	0.01
2.936	0.01
2.938	0.02
2.940	0.02
2.941	0.03
2.943	0.03
2.945	0.03
2.946	0.03
2.948	0.02
2.950	0.02
2.951	0.03
2.953	0.03
2.955	0.04
2.956	0.04
2.958	0.03
2.960	0.01
2.961	0.01
2.963	0.03
2.965	0.03
2.967	0.03
2.968	0.02
2.970	0.01
2.972	0.01
2.973	-0.01
2.975	-0.01
2.977	0.01
2.978	0.01
2.980	0.00
2.982	0.01
2.984	0.04
2.985	0.05
2.987	0.04
2.989	0.01
2.991	0.00
2.992	0.01
2.994	0.03
2.996	0.05
2.997	0.05
2.999	0.04
3.001	0.03
3.003	0.03
3.004	0.03
3.006	0.02
3.008	0.00
3.010	0.00
3.011	0.03
3.013	0.05
3.015	0.05
3.017	0.03
3.018	0.01
3.020	0.01
3.022	0.02
3.024	0.02
3.025	0.02
3.027	0.03
3.029	0.04
3.031	0.03
3.032	0.02
3.034	0.02
3.036	0.02
3.038	0.02
3.040	0.03
3.041	0.03
3.043	0.01
3.045	0.00
3.047	0.00
3.049	0.01
3.050	0.02
3.052	0.02
3.054	0.02
3.056	0.02
3.058	0.03
3.059	0.03
3.061	0.03
3.063	0.03
3.065	0.03
3.067	0.01
3.068	0.00
3.070	0.00
3.072	-0.01
3.074	-0.01
3.076	0.01
3.078	0.02
3.079	0.01
3.081	0.01
3.083	0.02
3.085	0.01
3.087	0.01
3.089	0.01
3.090	0.02
3.092	0.01
3.094	0.01
3.096	0.02
3.098	0.01
3.100	0.00
3.101	0.00
3.103	0.02
3.105	0.03
3.107	0.04
3.109	0.04
3.111	0.02
3.113	0.00
3.115	-0.01
3.116	0.00
3.118	0.01
3.120	0.02
3.122	0.03
3.124	0.03
3.126	0.02
3.128	0.01
3.130	0.00
3.131	-0.01
3.133	-0.01
3.135	0.00
3.137	0.01
3.139	0.01
3.141	0.00
3.143	-0.01
3.145	0.00
3.147	0.01
3.149	0.01
3.150	0.01
3.152	0.02
3.154	0.03
3.156	0.03
3.158	0.03
3.160	0.02
3.162	0.01
3.164	0.01
3.166	0.00
3.168	-0.01
3.170	0.00
3.172	0.02
3.174	0.04
3.176	0.04
3.178	0.03
3.179	0.02
3.181	0.03
3.183	0.03
3.185	0.02
3.187	0.01
3.189	0.01
3.191	0.03
3.193	0.03
3.195	0.02
3.197	0.01
3.199	0.01
3.201	-0.01
3.203	-0.02
3.205	-0.01
3.207	0.01
3.209	0.03
3.211	0.02
3.213	0.01
3.215	0.01
3.217	0.01
3.219	0.01
3.221	0.01
3.223	0.01
3.225	0.02
3.227	0.02
3.229	0.02
3.231	0.02
3.233	0.01
3.235	0.01
3.237	0.01
3.239	0.01
3.241	0.02
3.243	0.02
3.245	0.02
3.247	0.01
3.249	0.00
3.251	0.00
3.253	0.01
3.255	0.01
3.257	0.01
3.259	0.01
3.262	0.01
3.264	0.02
3.266	0.02
3.268	0.02
3.270	0.03
3.272	0.03
3.274	0.02
3.276	0.01
3.278	0.00
3.280	0.01
3.282	0.02
3.284	0.02
3.286	0.02
3.288	0.02
3.291	0.01
3.293	0.00
3.295	0.00
3.297	0.01
3.299	0.01
3.301	0.01
3.303	0.01
3.305	0.02
3.307	0.02
3.309	0.01
3.312	0.00
3.314	-0.01
3.316	-0.01
3.318	-0.01
3.320	0.01
3.322	0.02
3.324	0.01
3.326	0.00
3.329	0.01
3.331	0.02
3.333	0.02
3.335	0.01
3.337	0.02
3.339	0.02
3.341	0.01
3.344	0.01
3.346	0.01
3.348	0.01
3.350	0.01
3.352	0.01
3.354	0.02
3.357	0.02
3.359	0.02
3.361	0.02
3.363	0.02
3.365	0.01
3.367	0.01
3.370	0.01
3.372	0.01
3.374	0.01
3.376	0.01
3.378	0.00
3.381	0.01
3.383	0.01
3.385	0.01
3.387	0.01
3.389	0.01
3.392	0.01
3.394	0.01
3.396	0.02
3.398	0.02
3.401	0.01
3.403	0.00
3.405	0.00
3.407	0.01
3.410	0.03
3.412	0.02
3.414	0.00
3.416	0.00
3.419	0.00
3.421	0.00
3.423	0.01
3.425	0.01
3.428	0.01
3.430	0.01
3.432	0.01
3.434	0.01
3.437	0.02
3.439	0.02
3.441	0.01
3.444	0.01
3.446	0.01
3.448	0.02
3.450	0.02
3.453	0.01
3.455	0.01
3.457	0.01
3.460	0.01
3.462	0.00
3.464	0.00
3.467	0.00
3.469	0.01
3.471	0.01
3.474	0.01
3.476	0.00
3.478	0.00
3.481	0.01
3.483	0.01
3.485	0.01
3.488	0.01
3.490	0.01
3.492	0.01
3.495	0.00
3.497	-0.01
3.499	0.00
3.502	0.01
3.504	0.01
3.506	0.02
3.509	0.02
3.511	0.03
3.514	0.02
3.516	0.02
3.518	0.02
3.521	0.02
3.523	0.01
3.526	0.01
3.528	0.01
3.530	0.01
3.533	0.01
3.535	0.01
3.538	0.01
3.540	0.00
3.542	0.00
3.545	0.01
3.547	0.01
3.550	0.02
3.552	0.02
3.555	0.01
3.557	0.01
3.559	0.01
3.562	0.01
3.564	0.00
3.567	0.00
3.569	0.00
3.572	0.01
3.574	0.01
3.577	0.01
3.579	0.01
3.582	0.01
3.584	0.01
3.587	0.01
3.589	0.01
3.592	0.00
3.594	0.00
3.596	0.01
3.599	0.01
3.601	0.01
3.604	0.01
3.607	0.01
3.609	0.01
3.612	0.01
3.614	0.01
3.617	0.01
3.619	0.00
3.622	0.00
3.624	0.00
3.627	0.00
3.629	0.00
3.632	0.00
3.634	0.01
3.637	0.01
3.639	0.01
3.642	0.01
3.645	0.00
3.647	0.00
3.650	0.00
3.652	0.00
3.655	0.00
3.657	0.00
3.660	0.01
3.663	0.01
3.665	0.01
3.668	0.01
3.670	0.02
3.673	0.02
3.676	0.01
3.678	0.01
3.681	0.01
3.683	0.01
3.686	0.01
3.689	0.01
3.691	0.01
3.694	0.01
3.697	0.00
3.699	0.00
3.702	0.01
3.704	0.02
3.707	0.02
3.710	0.01
3.712	0.01
3.715	0.01
3.718	0.01
3.720	0.00
3.723	0.00
3.726	0.01
3.728	0.01
3.731	0.01
3.734	0.01
3.737	0.01
3.739	0.01
3.742	0.01
3.745	0.00
3.747	0.00
3.750	0.00
3.753	0.00
3.755	0.00
3.758	0.01
3.761	0.01
3.764	0.01
3.766	0.01
3.769	0.01
3.772	0.00
3.775	0.00
3.777	0.01
3.780	0.01
3.783	0.01
3.786	0.01
3.788	0.01
3.791	0.02
3.794	0.03
3.797	0.04
3.800	0.03
3.802	0.03
3.805	0.03
3.808	0.04
3.811	0.03
3.813	0.03
3.816	0.03
3.819	0.03
3.822	0.03
3.825	0.02
3.828	0.02
3.830	0.01
3.833	0.02
3.836	0.01
3.839	0.00
3.842	0.00
3.845	0.00
3.847	0.00
3.850	0.01
3.853	0.01
3.856	0.01
3.859	0.01
3.862	0.01
3.865	0.01
3.868	0.01
3.870	0.01
3.873	0.01
3.876	0.01
3.879	0.01
3.882	0.01
3.885	0.01
3.888	0.01
3.891	0.01
3.894	0.01
3.897	0.01
3.900	0.01
3.903	0.01
3.905	0.01
3.908	0.02
3.911	0.02
3.914	0.01
3.917	0.00
3.920	0.01
3.923	0.01
3.926	0.01
3.929	0.01
3.932	0.00
3.935	0.00
3.938	0.01
3.941	0.01
3.944	0.01
3.947	0.02
3.950	0.02
3.953	0.02
3.956	0.02
3.959	0.02
3.962	0.02
3.965	0.02
3.968	0.03
3.971	0.03
3.974	0.04
3.977	0.04
3.980	0.04
3.984	0.04
3.987	0.04
3.990	0.04
3.993	0.05
3.996	0.05
3.999	0.05
4.002	0.04
4.005	0.04
4.008	0.03
4.011	0.02
4.014	0.02
4.017	0.02
4.021	0.02
4.024	0.02
4.027	0.02
4.030	0.03
4.033	0.04
4.036	0.05
4.039	0.06
4.043	0.07
4.046	0.08
4.049	0.08
4.052	0.07
4.055	0.06
4.058	0.05
4.062	0.04
4.065	0.03
4.068	0.03
4.071	0.02
4.074	0.02
4.078	0.01
4.081	0.01
4.084	0.01
4.087	0.01
4.090	0.01
4.094	0.01
4.097	0.01
4.100	0.02
4.103	0.02
4.107	0.02
4.110	0.02
4.113	0.02
4.116	0.02
4.120	0.03
4.123	0.03
4.126	0.02
4.130	0.01
4.133	0.01
4.136	0.00
4.139	0.01
4.143	0.01
4.146	0.01
4.149	0.01
4.153	0.01
4.156	0.01
4.159	0.01
4.163	0.01
4.166	0.01
4.169	0.01
4.173	0.01
4.176	0.01
4.179	0.02
4.183	0.02
4.186	0.02
4.190	0.02
4.193	0.02
4.196	0.02
4.200	0.02
4.203	0.02
4.207	0.02
4.210	0.02
4.213	0.02
4.217	0.03
4.220	0.02
4.224	0.02
4.227	0.02
4.231	0.02
4.234	0.02
4.238	0.02
4.241	0.03
4.245	0.04
4.248	0.06
4.251	0.07
4.255	0.08
4.258	0.09
4.262	0.10
4.265	0.09
4.269	0.09
4.273	0.09
4.276	0.08
4.280	0.08
4.283	0.06
4.287	0.05
4.290	0.04
4.294	0.04
4.297	0.03
4.301	0.02
4.304	0.01
4.308	0.01
4.312	0.02
4.315	0.02
4.319	0.02
4.322	0.01
4.326	0.01
4.330	0.01
4.333	0.01
4.337	0.02
4.340	0.02
4.344	0.02
4.348	0.02
4.351	0.02
4.355	0.02
4.359	0.02
4.362	0.02
4.366	0.02
4.370	0.02
4.373	0.03
4.377	0.02
4.381	0.02
4.385	0.01
4.388	0.00
4.392	0.00
4.396	-0.01
4.399	0.00
4.403	0.00
4.407	0.00
4.411	0.01
4.414	0.01
4.418	0.01
4.422	0.00
4.426	0.00
4.430	0.00
4.433	0.00
4.437	0.00
4.441	0.00
4.445	0.01
4.449	0.01
4.452	0.01
4.456	0.01
4.460	0.01
4.464	0.01
4.468	0.00
4.472	0.00
4.475	0.00
4.479	0.01
4.483	0.01
4.487	0.01
4.491	0.00
4.495	0.00
4.499	0.00
4.503	0.00
4.507	0.01
4.510	0.01
4.514	0.01
4.518	0.01
4.522	0.01
4.526	0.02
4.530	0.02
4.534	0.02
4.538	0.01
4.542	0.01
4.546	0.01
4.550	0.01
4.554	0.01
4.558	0.01
4.562	0.01
4.566	0.01
4.570	0.01
4.574	0.01
4.578	0.01
4.582	0.01
4.586	0.01
4.590	0.01
4.594	0.00
4.599	0.00
4.603	0.00
4.607	0.00
4.611	0.00
4.615	0.01
4.619	0.01
4.623	0.02
4.627	0.01
4.631	0.01
4.636	0.01
4.640	0.01
4.644	0.01
4.648	0.01
4.652	0.01
4.656	0.01
4.661	0.00
4.665	0.00
4.669	0.00
4.673	0.01
4.677	0.01
4.682	0.01
4.686	0.00
4.690	0.00
4.694	0.01
4.699	0.01
4.703	0.00
4.707	0.01
4.711	0.01
4.716	0.01
4.720	0.01
4.724	0.01
4.729	0.00
4.733	0.00
4.737	0.01
4.742	0.01
4.746	0.01
4.750	0.01
4.755	0.00
4.759	0.01
4.763	0.01
4.768	0.01
4.772	0.01
4.777	0.01
4.781	0.00
4.785	0.00
4.790	0.00
4.794	0.01
4.799	0.01
4.803	0.01
4.808	0.01
4.812	0.01
4.816	0.00
4.821	0.00
4.825	0.01
4.830	0.01
4.834	0.01
4.839	0.01
4.844	0.01
4.848	0.01
4.853	0.00
4.857	0.00
4.862	0.01
4.866	0.01
4.871	0.00
4.875	0.00
4.880	0.00
4.885	0.01
4.889	0.01
4.894	0.01
4.898	0.01
4.903	0.01
4.908	0.01
4.912	0.01
4.917	0.00
4.922	0.00
4.926	0.00
4.931	0.00
4.936	0.00
4.940	0.01
4.945	0.01
4.950	0.01
4.955	0.00
4.959	0.00
4.964	0.01
4.969	0.01
4.974	0.01
4.978	0.01
4.983	0.01
4.988	0.00
4.993	0.01
4.998	0.01
5.002	0.01
5.007	0.00
5.012	0.01
5.017	0.01
5.022	0.02
5.027	0.02
5.032	0.01
5.036	0.01
5.041	0.01
5.046	0.01
5.051	0.01
5.056	0.01
5.061	0.01
5.066	0.01
5.071	0.01
5.076	0.02
5.081	0.02
5.086	0.02
5.091	0.01
5.096	0.01
5.101	0.01
5.106	0.01
5.111	0.01
5.116	0.01
5.121	0.02
5.126	0.02
5.131	0.02
5.136	0.02
5.141	0.02
5.147	0.02
5.152	0.01
5.157	0.01
5.162	0.01
5.167	0.01
5.172	0.01
5.177	0.01
5.183	0.01
5.188	0.01
5.193	0.02
5.198	0.02
5.203	0.02
5.209	0.02
5.214	0.02
5.219	0.01
5.224	0.01
5.230	0.01
5.235	0.01
5.240	0.01
5.245	0.01
5.251	0.01
5.256	0.01
5.261	0.00
5.267	0.00
5.272	0.01
5.278	0.01
5.283	0.01
5.288	0.01
5.294	0.01
5.299	0.01
5.305	0.01
5.310	0.01
5.315	0.01
5.321	0.01
5.326	0.01
5.332	0.00
5.337	0.00
5.343	0.01
5.348	0.01
5.354	0.00
5.359	0.01
5.365	0.01
5.371	0.01
5.376	0.01
5.382	0.00
5.387	0.00
5.393	0.00
5.398	0.00
5.404	0.00
5.410	0.00
5.415	0.00
5.421	0.00
5.427	0.00
5.432	0.00
5.438	0.01
5.444	0.01
5.450	0.01
5.455	0.01
5.461	0.01
5.467	0.01
5.473	0.01
5.478	0.01
5.484	0.02
5.490	0.01
5.496	0.01
5.502	0.02
5.507	0.02
5.513	0.02
5.519	0.02
5.525	0.02
5.531	0.02
5.537	0.02
5.543	0.01
5.549	0.01
5.555	0.00
5.561	0.00
5.567	0.01
5.573	0.01
5.579	0.02
5.585	0.02
5.591	0.01
5.597	0.00
5.603	0.01
5.609	0.01
5.615	0.01
5.621	0.01
5.627	0.02
5.633	0.02
5.639	0.02
5.645	0.03
5.652	0.05
5.658	0.08
5.664	0.11
5.670	0.13
5.676	0.13
5.683	0.12
5.689	0.10
5.695	0.08
5.701	0.06
5.708	0.05
5.714	0.03
5.720	0.02
5.727	0.01
5.733	0.00
5.739	0.00
5.746	0.01
5.752	0.01
5.758	0.01
5.765	0.01
5.771	0.00
5.778	0.01
5.784	0.00
5.791	0.00
5.797	0.00
5.804	0.01
5.810	0.01
5.817	0.02
5.823	0.02
5.830	0.01
5.836	0.01
5.843	0.02
5.849	0.03
5.856	0.03
5.863	0.03
5.869	0.03
5.876	0.04
5.883	0.03
5.889	0.02
5.896	0.01
5.903	0.01
5.909	0.01
5.916	0.01
5.923	0.01
5.930	0.01
5.936	0.01
5.943	0.01
5.950	0.00
5.957	0.00
5.964	0.01
5.971	0.01
5.978	0.02
5.984	0.03
5.991	0.03
5.998	0.03
6.005	0.02
6.012	0.02
6.019	0.02
6.026	0.02
6.033	0.02
6.040	0.01
6.047	0.00
6.054	0.00
6.061	0.00
6.069	0.00
6.076	0.00
6.083	0.01
6.090	0.01
6.097	0.00
6.104	0.01
6.111	0.01
6.119	0.01
6.126	0.00
6.133	0.00
6.140	0.01
6.148	0.01
6.155	0.01
6.162	0.01
6.170	0.01
6.177	0.01
6.184	0.02
6.192	0.02
6.199	0.02
6.207	0.03
6.214	0.03
6.222	0.02
6.229	0.02
6.237	0.02
6.244	0.01
6.252	0.01
6.259	0.01
6.267	0.01
6.274	0.02
6.282	0.02
6.290	0.03
6.297	0.04
6.305	0.04
6.312	0.04
6.320	0.03
6.328	0.02
6.336	0.02
6.343	0.01
6.351	0.01
6.359	0.00
6.367	0.00
6.375	0.00
6.382	0.00
6.390	0.00
6.398	0.00
6.406	0.00
6.414	0.01
6.422	0.01
6.430	0.01
6.438	0.01
6.446	0.01
6.454	0.01
6.462	0.01
6.470	0.02
6.478	0.02
6.486	0.02
6.494	0.02
6.503	0.02
6.511	0.01
6.519	0.00
6.527	0.00
6.535	0.00
6.544	0.00
6.552	0.00
6.560	0.00
6.568	0.00
6.577	0.01
6.585	0.01
6.594	0.01
6.602	0.01
6.610	0.01
6.619	0.01
6.627	0.01
6.636	0.00
6.644	0.00
6.653	0.01
6.661	0.01
6.670	0.01
6.679	0.00
6.687	0.00
6.696	0.00
6.704	0.01
6.713	0.01
6.722	0.01
6.731	0.01
6.739	0.02
6.748	0.02
6.757	0.02
6.766	0.01
6.775	0.01
6.783	0.01
6.792	0.00
6.801	0.00
6.810	0.01
6.819	0.01
6.828	0.00
6.837	0.00
6.846	0.01
6.855	0.01
6.864	0.01
6.873	0.00
6.883	0.00
6.892	0.00
6.901	0.00
6.910	0.01
6.919	0.01
6.929	0.02
6.938	0.03
6.947	0.03
6.956	0.03
6.966	0.03
6.975	0.02
6.985	0.02
6.994	0.02
7.003	0.02
7.013	0.01
7.022	0.00
7.032	0.00
7.042	0.00
7.051	0.01
7.061	0.02
7.070	0.03
7.080	0.04
7.090	0.05
7.099	0.05
7.109	0.04
7.119	0.03
7.129	0.02
7.138	0.01
7.148	0.01
7.158	0.00
7.168	0.00
7.178	0.00
7.188	0.00
7.198	0.00
7.208	0.00
7.218	0.00
7.228	0.00
7.238	0.01
7.248	0.01
7.258	0.01
7.269	0.01
7.279	0.01
7.289	0.01
7.299	0.01
7.310	0.01
7.320	0.01
7.330	0.00
7.341	0.00
7.351	0.01
7.362	0.01
7.372	0.01
7.383	0.01
7.393	0.00
7.404	0.00
7.414	0.00
7.425	0.00
7.435	0.00
7.446	0.00
7.457	0.00
7.468	0.01
7.478	0.01
7.489	0.01
7.500	0.01
7.511	0.01
7.522	0.02
7.533	0.03
7.544	0.03
7.555	0.04
7.566	0.04
7.577	0.03
7.588	0.03
7.599	0.02
7.610	0.02
7.621	0.02
7.633	0.02
7.644	0.02
7.655	0.02
7.666	0.03
7.678	0.06
7.689	0.12
7.701	0.18
7.712	0.21
7.724	0.19
7.735	0.14
7.747	0.09
7.758	0.06
7.770	0.03
7.782	0.01
7.793	0.00
7.805	0.00
7.817	0.00
7.829	0.01
7.840	0.01
7.852	0.01
7.864	0.01
7.876	0.01
7.888	0.01
7.900	0.01
7.912	0.00
7.924	0.00
7.937	0.01
7.949	0.01
7.961	0.01
7.973	0.01
7.985	0.01
7.998	0.01
8.010	0.01
8.023	0.01
8.035	0.01
8.047	0.01
8.060	0.01
8.073	0.00
8.085	0.01
8.098	0.01
8.110	0.01
8.123	0.00
8.136	0.00
8.149	0.00
8.161	0.00
8.174	0.01
8.187	0.01
8.200	0.01
8.213	0.01
8.226	0.00
8.239	0.00
8.252	0.00
8.266	0.00
8.279	0.00
8.292	0.01
8.305	0.01
8.319	0.01
8.332	0.01
8.346	0.01
8.359	0.01
8.372	0.01
8.386	0.00
8.400	0.00
8.413	0.01
8.427	0.01
8.441	0.01
8.454	0.02
8.468	0.02
8.482	0.01
8.496	0.00
8.510	0.00
8.524	0.00
8.538	0.01
8.552	0.01
8.566	0.00
8.580	0.00
8.595	0.00
8.609	0.01
8.623	0.02
8.638	0.02
8.652	0.01
8.666	0.00
8.681	0.00
8.696	0.00
8.710	0.01
8.725	0.00
8.740	0.00
8.754	0.00
8.769	0.00
8.784	0.00
8.799	0.01
8.814	0.01
8.829	0.01
8.844	0.02
8.859	0.02
8.874	0.03
8.889	0.03
8.905	0.01
8.920	0.00
8.935	0.00
8.951	0.01
8.966	0.01
8.982	0.01
8.997	0.01
9.013	0.01
9.029	0.01
9.045	0.01
9.060	0.02
9.076	0.02
9.092	0.02
9.108	0.02
9.124	0.01
9.140	0.00
9.156	0.01
9.173	0.01
9.189	0.01
9.205	0.01
9.222	0.02
9.238	0.02
9.255	0.01
9.271	0.01
9.288	0.01
9.304	0.02
9.321	0.02
9.338	0.02
9.355	0.02
9.372	0.03
9.389	0.03
9.406	0.02
9.423	0.01
9.440	0.00
9.457	0.00
9.474	0.01
9.492	0.01
9.509	0.02
9.527	0.02
9.544	0.02
9.562	0.01
9.580	0.00
9.597	0.00
9.615	0.00
9.633	0.00
9.651	0.00
9.669	0.01
9.687	0.02
9.705	0.03
9.723	0.02
9.742	0.01
9.760	0.00
9.778	0.01
9.797	0.02
9.815	0.03
9.834	0.03
9.853	0.03
9.871	0.04
9.890	0.03
9.909	0.01
9.928	0.01
9.947	0.01
9.966	0.01
9.986	0.01
10.005	0.01
10.024	0.01
10.044	0.02
10.063	0.02
10.083	0.02
10.102	0.02
10.122	0.02
10.142	0.03
10.162	0.03
10.182	0.02
10.202	0.01
10.222	0.00
10.242	0.00
10.262	0.01
10.283	0.00
10.303	0.00
10.324	0.01
10.344	0.02
10.365	0.03
10.386	0.03
10.407	0.03
10.428	0.03
10.449	0.02
10.470	0.02
10.491	0.01
10.512	0.01
10.534	0.01
10.555	0.01
10.577	0.01
10.598	0.01
10.620	0.03
10.642	0.04
10.664	0.03
10.686	0.02
10.708	0.01
10.730	0.01
10.752	0.02
10.774	0.03
10.797	0.03
10.819	0.04
10.842	0.04
10.865	0.04
10.888	0.04
10.911	0.04
10.934	0.04
10.957	0.03
10.980	0.02
11.003	0.01
11.027	0.01
11.050	0.01
11.074	0.01
11.098	0.01
11.121	0.02
11.145	0.04
11.169	0.03
11.193	0.03
11.218	0.03
11.242	0.02
11.266	0.02
11.291	0.02
11.316	0.02
11.340	0.03
11.365	0.03
11.390	0.02
11.415	0.01
11.440	0.01
11.466	0.01
11.491	0.02
11.517	0.02
11.542	0.01
11.568	0.00
11.594	-0.01
11.620	0.02
11.646	0.03
11.672	0.02
11.699	0.01
11.725	0.01
11.752	0.02
11.779	0.02
11.805	0.01
11.832	0.00
11.859	0.00
11.887	0.00
11.914	0.01
11.941	0.02
11.969	0.02
11.997	0.02
12.024	0.02
12.052	0.02
12.081	0.02
12.109	0.02
12.137	0.02
12.166	0.01
12.194	0.00
12.223	0.00
12.252	0.00
12.281	0.01
12.310	0.03
12.339	0.03
12.369	0.02
12.398	0.02
12.428	0.03
12.458	0.03
12.488	0.02
12.518	0.01
12.548	0.01
12.579	0.00
12.610	0.00
12.640	0.01
12.671	0.02
12.702	0.02
12.734	0.02
12.765	0.01
12.796	0.00
12.828	0.01
12.860	0.02
12.892	0.03
12.924	0.03
12.956	0.03
12.989	0.03
13.022	0.02
13.054	0.01
13.087	0.01
13.120	0.01
13.154	0.02
13.187	0.02
13.221	0.02
13.255	0.03
13.289	0.03
13.323	0.03
13.357	0.02
13.392	0.01
13.426	0.01
13.461	0.01
13.496	0.02
13.531	0.02
13.567	0.01
13.602	0.01
13.638	0.02
13.674	0.02
13.710	0.02
13.747	0.02
13.783	0.01
13.820	0.01
13.857	0.02
13.894	0.02
13.932	0.02
13.969	0.02
14.007	0.03
14.045	0.03
14.083	0.02
14.121	0.02
14.160	0.01
14.199	0.01
14.238	0.02
14.277	0.01
14.316	0.00
14.356	-0.01
14.396	-0.01
14.436	0.00
14.476	0.01
14.517	0.02
14.558	0.01
14.599	0.01
14.640	0.02
14.681	0.02
14.723	0.02
14.765	0.01
14.807	0.01
14.850	0.02
14.892	0.02
14.935	0.02
14.978	0.02
15.022	0.02
15.065	0.01
15.109	0.02
15.154	0.02
15.198	0.02
15.243	0.03
15.288	0.04
15.333	0.04
15.378	0.04
15.424	0.03
15.470	0.04
15.517	0.02
15.563	-0.01
15.610	-0.02
15.657	-0.02
15.705	0.01
15.752	0.04
15.801	0.06
15.849	0.04
15.897	0.00
15.946	-0.02
15.995	0.01
16.045	0.04
16.095	0.05
16.145	0.04
16.195	0.02
16.246	0.00
16.297	0.00
16.349	0.03
16.400	0.05
16.453	0.04
16.505	0.04
16.558	0.04
16.611	0.04
16.664	0.04
16.718	0.06
16.772	0.08
16.827	0.08
16.881	0.06
16.937	0.04
16.992	0.02
17.048	0.02
17.104	0.06
17.161	0.05
17.218	0.02
17.275	0.06
17.333	0.10
17.391	0.10
17.450	0.08
17.509	0.08
17.568	0.14
17.628	0.21
17.688	0.28
17.748	0.36
17.809	0.49
17.871	0.68
17.933	0.98
17.995	1.42
18.058	2.07
18.121	3.00
18.184	4.32
18.249	6.14
18.313	8.68
18.378	12.17
18.443	16.90
18.509	23.17
18.575	31.22
18.642	40.90
18.709	51.54
18.777	62.09
18.846	71.30
18.914	78.19
18.984	82.60
19.053	84.98
19.124	86.03
19.195	86.38
19.266	86.43
19.338	86.34
19.410	86.18
19.483	85.86
19.557	85.36
19.631	84.79
19.706	84.15
19.781	83.11
19.857	81.12
19.933	77.32
20.010	70.85
20.087	61.42
20.165	49.82
20.244	37.78
20.324	27.06
20.404	18.65
20.484	12.58
20.566	8.40
20.648	5.62
20.730	3.82
20.813	2.66
20.897	1.89
20.982	1.34
21.067	0.99
21.153	0.77
21.240	0.61
21.327	0.45
21.416	0.36
21.504	0.31
21.594	0.25
21.684	0.18
21.776	0.10
21.867	0.08
21.960	0.11
22.053	0.11
22.147	0.05
22.242	0.02
22.338	0.03
22.435	0.03
22.533	0.09
22.631	0.15
22.730	0.16
22.831	0.12
22.932	0.06
23.034	0.00
23.136	-0.01
23.240	-0.02
23.345	-0.01
23.451	0.00
23.557	0.01
23.665	0.02
23.773	0.02
23.883	0.01
23.993	0.00
24.105	-0.01
24.218	-0.01
24.331	0.00
24.446	0.00
24.562	0.01
24.679	0.01
24.797	0.02
24.916	0.01
25.036	0.01
25.158	0.01
25.281	0.01
25.405	0.02
25.530	0.02
25.656	0.01
25.784	0.01
25.913	0.00
26.043	0.00
26.175	0.00
26.307	0.00
26.442	0.00
26.577	0.01
26.714	0.01
26.853	0.01
26.993	0.01
27.133	0.01
27.276	0.01
27.421	0.01
27.566	0.01
27.714	0.01
27.863	0.00
28.014	-0.01
28.166	-0.01
28.320	-0.01
28.475	0.00
28.633	0.02
28.792	0.03
28.953	0.03
29.115	0.02
29.280	0.00
29.446	-0.01
29.615	-0.02
29.785	-0.02
29.957	-0.03
30.131	-0.03
30.308	-0.03
30.486	-0.02
30.666	-0.02
30.848	-0.01
31.033	0.01
31.220	0.02
31.409	0.03
31.601	0.02
31.794	0.01
31.991	0.00
32.190	-0.01
32.391	-0.01
32.595	-0.01
32.801	-0.02
33.010	-0.02
33.221	-0.02
33.436	-0.01
33.653	0.00
33.873	0.01
34.096	0.01
34.322	0.01
34.551	0.01
34.783	0.01
35.018	0.01
35.256	0.01
35.496	0.01
35.741	0.01
35.989	0.01
36.241	0.01
36.496	0.01
36.755	0.01
37.018	0.01
37.284	0.00
37.554	-0.01
37.829	-0.01
38.107	-0.01
38.389	-0.01
38.676	-0.01
38.967	0.00
39.262	0.00
39.562	0.00
39.866	0.00
40.175	0.01
40.489	0.01
40.808	0.01
41.132	0.01
41.461	0.01
41.796	0.01
42.134	0.01
42.479	0.00
42.830	-0.01
43.187	-0.01
43.550	-0.01
43.919	-0.01
44.295	-0.01
44.677	0.00
45.065	0.00
45.461	-0.01
45.863	-0.01
46.273	0.00
46.690	0.00
47.114	0.01
47.547	0.01
47.987	0.01
48.436	0.00
48.893	0.00
49.358	0.00
49.833	0.01
50.317	0.02
50.810	0.02
51.311	0.02
51.824	0.01
52.348	0.00
52.882	-0.01
53.427	-0.02
53.984	-0.02
54.552	-0.03
55.133	-0.03
55.726	-0.02
56.332	-0.01
56.951	0.00
57.584	0.01
58.231	0.02
58.893	0.03
59.570	0.03
60.263	0.03
60.972	0.03
61.698	0.03
62.441	0.03
63.203	0.02
63.984	0.02
64.784	0.02
65.604	0.01
66.441	0.00
67.304	-0.01
68.190	-0.01
69.099	0.00
70.033	0.01
70.992	0.03
71.979	0.03
72.993	0.02
74.036	0.01
75.109	0.01
76.214	0.01
77.351	0.02
78.524	0.01
79.732	0.00
80.978	-0.01
82.264	-0.02
83.591	-0.03
84.962	-0.04
86.378	-0.04
87.843	-0.04
89.358	-0.04
90.926	-0.03
92.541	-0.01
94.224	0.00
95.969	0.01
97.780	0.01
99.661	0.02
101.616	0.04
103.648	0.03
105.764	0.00
107.968	-0.02
110.266	-0.02
112.663	-0.01
115.168	0.00
117.786	0.00
120.525	-0.01
123.396	-0.01
126.406	-0.01
129.567	-0.01
132.890	-0.01
136.388	-0.01
140.076	-0.01
143.968	-0.02
148.082	-0.02
152.439	-0.03
157.035	-0.03
161.943	-0.02
167.168	-0.01
172.741	0.00
178.699	0.01
185.082	0.02
191.939	0.02
199.322	0.02