MS Elapsed,Bolo T,stddev,BB HBB Top,stddev,BB HBB Bottom,stddev,BB HBB Apex,stddev,BB HBB Avg,stddev,BB ABB Top,stddev,BB ABB Bottom,stddev,BB ABB Apex,stddev,BB ABB Avg,stddev,T Ch0,stddev,T Ch1,stddev,T Ch2,stddev,T Ch3,stddev,T Ch4,stddev,T Ch5,stddev,T Ch6,stddev,RH% Ch7,stddev
0,15.001,0.001,55.114,0.004,55.126,0.003,54.980,0.004,55.008,0.004,28.318,0.004,28.312,0.004,28.314,0.004,28.314,0.004,26.560,0.014,27.242,0.011,26.441,0.015,26.471,0.015,26.581,0.015,28.625,0.012,24.177,0.282,28.407,0.223
1000,15.000,0.001,55.114,0.004,55.124,0.003,54.980,0.004,55.008,0.004,28.318,0.004,28.312,0.004,28.314,0.004,28.314,0.004,26.561,0.014,27.242,0.011,26.442,0.015,26.472,0.015,26.580,0.015,28.625,0.012,24.384,0.280,28.411,0.222
2000,14.998,0.001,55.114,0.004,55.126,0.003,54.980,0.004,55.008,0.004,28.318,0.004,28.314,0.004,28.314,0.004,28.314,0.004,26.561,0.014,27.243,0.011,26.441,0.015,26.472,0.015,26.581,0.015,28.624,0.012,24.521,0.278,28.392,0.222
3000,14.998,0.001,55.114,0.004,55.124,0.003,54.978,0.004,55.006,0.004,28.318,0.004,28.314,0.004,28.314,0.004,28.314,0.004,26.562,0.014,27.242,0.011,26.442,0.015,26.472,0.015,26.582,0.015,28.622,0.013,24.219,0.276,28.366,0.221
4000,15.004,0.001,55.112,0.004,55.126,0.003,54.982,0.004,55.008,0.004,28.318,0.004,28.314,0.004,28.314,0.004,28.314,0.004,26.562,0.014,27.243,0.011,26.442,0.015,26.473,0.015,26.581,0.014,28.621,0.013,24.241,0.274,28.345,0.220
5000,15.002,0.001,55.116,0.004,55.126,0.003,54.982,0.004,55.008,0.004,28.318,0.004,28.314,0.004,28.314,0.004,28.314,0.004,26.563,0.014,27.244,0.011,26.443,0.015,26.473,0.015,26.583,0.014,28.619,0.013,24.295,0.271,28.353,0.219
6000,15.002,0.001,55.116,0.004,55.124,0.003,54.984,0.004,55.010,0.004,28.320,0.004,28.312,0.004,28.314,0.004,28.314,0.004,26.563,0.014,27.244,0.011,26.443,0.015,26.474,0.015,26.583,0.014,28.618,0.014,24.320,0.269,28.374,0.218
7000,15.002,0.001,55.116,0.004,55.126,0.003,54.984,0.004,55.010,0.004,28.318,0.004,28.314,0.004,28.314,0.004,28.314,0.004,26.562,0.014,27.244,0.011,26.444,0.015,26.475,0.015,26.583,0.014,28.616,0.014,24.336,0.267,28.394,0.217
8000,15.001,0.001,55.114,0.004,55.124,0.003,54.984,0.004,55.010,0.004,28.318,0.004,28.314,0.004,28.316,0.004,28.316,0.004,26.564,0.014,27.244,0.011,26.444,0.015,26.474,0.015,26.584,0.014,28.615,0.015,24.302,0.265,28.409,0.216
9000,14.998,0.001,55.114,0.004,55.124,0.003,54.984,0.004,55.010,0.004,28.318,0.004,28.314,0.004,28.316,0.004,28.316,0.004,26.564,0.014,27.244,0.011,26.444,0.015,26.475,0.015,26.584,0.014,28.614,0.015,24.193,0.263,28.420,0.215
10000,14.999,0.001,55.114,0.004,55.128,0.003,54.980,0.004,55.008,0.004,28.318,0.004,28.314,0.004,28.314,0.004,28.316,0.004,26.566,0.014,27.245,0.011,26.444,0.015,26.475,0.015,26.585,0.014,28.615,0.015,24.184,0.261,28.438,0.215
11000,15.000,0.001,55.112,0.004,55.126,0.003,54.980,0.004,55.008,0.004,28.318,0.004,28.314,0.004,28.314,0.004,28.314,0.004,26.564,0.014,27.246,0.011,26.447,0.015,26.476,0.015,26.584,0.014,28.616,0.016,24.229,0.260,28.428,0.214
12000,14.998,0.001,55.116,0.004,55.126,0.003,54.982,0.004,55.010,0.004,28.320,0.004,28.314,0.004,28.316,0.004,28.316,0.004,26.566,0.014,27.247,0.011,26.446,0.015,26.476,0.015,26.586,0.014,28.615,0.016,24.168,0.259,28.414,0.212
13000,14.999,0.001,55.112,0.003,55.124,0.003,54.980,0.004,55.008,0.004,28.320,0.004,28.314,0.004,28.316,0.004,28.316,0.004,26.566,0.014,27.247,0.011,26.446,0.015,26.476,0.015,26.585,0.014,28.615,0.017,24.068,0.258,28.414,0.211
14000,15.000,0.001,55.116,0.003,55.124,0.003,54.980,0.004,55.008,0.004,28.320,0.004,28.314,0.004,28.316,0.004,28.316,0.004,26.567,0.014,27.247,0.011,26.445,0.015,26.476,0.015,26.586,0.014,28.615,0.017,24.072,0.257,28.411,0.209
15000,15.000,0.001,55.112,0.003,55.124,0.003,54.978,0.004,55.006,0.004,28.320,0.004,28.314,0.004,28.316,0.004,28.316,0.004,26.565,0.014,27.248,0.011,26.447,0.015,26.478,0.015,26.586,0.014,28.615,0.017,24.119,0.258,28.411,0.207
16000,15.001,0.001,55.114,0.003,55.128,0.003,54.980,0.004,55.008,0.004,28.320,0.004,28.314,0.004,28.316,0.004,28.316,0.004,26.567,0.014,27.247,0.012,26.447,0.015,26.478,0.015,26.588,0.014,28.614,0.018,24.090,0.258,28.409,0.206
17001,15.000,0.001,55.116,0.003,55.128,0.003,54.980,0.004,55.008,0.004,28.320,0.004,28.314,0.004,28.316,0.004,28.316,0.004,26.567,0.014,27.249,0.012,26.448,0.015,26.478,0.015,26.587,0.014,28.614,0.018,24.093,0.256,28.411,0.204
18001,15.000,0.001,55.116,0.003,55.124,0.003,54.982,0.004,55.010,0.004,28.320,0.004,28.314,0.004,28.316,0.004,28.316,0.004,26.568,0.014,27.249,0.012,26.449,0.015,26.480,0.015,26.587,0.014,28.615,0.018,24.053,0.254,28.419,0.203
19001,15.000,0.001,55.116,0.003,55.126,0.003,54.982,0.004,55.010,0.004,28.320,0.004,28.316,0.004,28.316,0.004,28.316,0.004,26.568,0.014,27.249,0.012,26.449,0.015,26.479,0.015,26.588,0.014,28.614,0.019,24.058,0.251,28.420,0.202
20001,14.999,0.001,55.114,0.003,55.126,0.003,54.982,0.004,55.008,0.004,28.320,0.004,28.314,0.004,28.316,0.004,28.316,0.004,26.568,0.014,27.249,0.012,26.450,0.015,26.480,0.015,26.589,0.014,28.614,0.019,24.087,0.248,28.427,0.201
21001,15.000,0.001,55.114,0.003,55.128,0.003,54.982,0.004,55.008,0.004,28.320,0.004,28.316,0.004,28.316,0.004,28.316,0.004,26.570,0.014,27.250,0.012,26.450,0.015,26.479,0.015,26.588,0.014,28.613,0.019,24.080,0.245,28.430,0.200
22001,15.000,0.001,55.118,0.003,55.126,0.003,54.984,0.004,55.012,0.004,28.320,0.004,28.316,0.004,28.316,0.004,28.316,0.004,26.570,0.014,27.250,0.012,26.450,0.015,26.480,0.015,26.588,0.014,28.614,0.019,24.098,0.242,28.438,0.199
23001,15.001,0.001,55.112,0.003,55.126,0.003,54.980,0.004,55.008,0.004,28.320,0.004,28.316,0.004,28.316,0.004,28.318,0.004,26.571,0.014,27.252,0.012,26.451,0.015,26.481,0.015,26.590,0.014,28.614,0.020,24.133,0.237,28.439,0.198
24001,15.001,0.001,55.112,0.003,55.128,0.003,54.982,0.004,55.008,0.004,28.320,0.004,28.316,0.004,28.318,0.004,28.318,0.004,26.570,0.014,27.251,0.012,26.450,0.015,26.481,0.015,26.589,0.014,28.614,0.020,24.127,0.233,28.443,0.197
25001,15.000,0.001,55.114,0.003,55.126,0.003,54.980,0.004,55.008,0.004,28.322,0.004,28.316,0.004,28.316,0.004,28.316,0.004,26.571,0.014,27.252,0.012,26.451,0.015,26.482,0.014,26.590,0.014,28.614,0.020,24.081,0.230,28.447,0.196
26001,15.001,0.001,55.114,0.003,55.126,0.003,54.980,0.004,55.008,0.004,28.322,0.004,28.316,0.004,28.316,0.004,28.316,0.004,26.571,0.014,27.253,0.012,26.451,0.015,26.482,0.015,26.591,0.014,28.614,0.020,24.076,0.226,28.450,0.195
27001,15.000,0.001,55.114,0.003,55.130,0.003,54.982,0.004,55.010,0.004,28.320,0.004,28.316,0.004,28.316,0.004,28.318,0.004,26.573,0.014,27.252,0.012,26.452,0.015,26.483,0.015,26.591,0.014,28.614,0.021,24.085,0.224,28.456,0.195
28001,15.000,0.001,55.112,0.003,55.126,0.003,54.982,0.004,55.008,0.004,28.322,0.004,28.316,0.004,28.316,0.004,28.316,0.004,26.572,0.014,27.253,0.012,26.452,0.015,26.483,0.014,26.591,0.014,28.614,0.021,24.115,0.225,28.459,0.194
29001,15.000,0.001,55.116,0.003,55.126,0.003,54.984,0.004,55.012,0.004,28.322,0.004,28.316,0.004,28.318,0.004,28.318,0.004,26.572,0.014,27.253,0.012,26.453,0.015,26.484,0.014,26.591,0.014,28.613,0.021,24.052,0.220,28.463,0.194
30001,15.000,0.001,55.116,0.003,55.126,0.003,54.980,0.004,55.008,0.004,28.320,0.004,28.316,0.004,28.318,0.004,28.318,0.004,26.573,0.014,27.255,0.012,26.454,0.015,26.483,0.014,26.593,0.014,28.613,0.021,24.018,0.212,28.467,0.195
31001,15.000,0.001,55.116,0.003,55.126,0.003,54.980,0.004,55.008,0.004,28.322,0.004,28.316,0.004,28.316,0.004,28.318,0.004,26.573,0.014,27.254,0.012,26.453,0.015,26.484,0.014,26.593,0.014,28.611,0.022,23.951,0.212,28.468,0.195
32001,15.002,0.001,55.114,0.003,55.126,0.003,54.982,0.004,55.010,0.004,28.322,0.004,28.316,0.004,28.318,0.004,28.318,0.004,26.574,0.014,27.254,0.012,26.455,0.015,26.484,0.014,26.593,0.014,28.610,0.022,23.928,0.211,28.466,0.195
33001,15.000,0.001,55.116,0.003,55.126,0.003,54.982,0.004,55.010,0.004,28.322,0.004,28.316,0.004,28.318,0.004,28.318,0.004,26.574,0.014,27.256,0.012,26.455,0.015,26.485,0.014,26.594,0.014,28.610,0.022,24.008,0.212,28.465,0.196
34001,14.999,0.001,55.114,0.003,55.128,0.003,54.980,0.004,55.008,0.004,28.322,0.004,28.316,0.004,28.318,0.004,28.318,0.004,26.575,0.014,27.255,0.012,26.455,0.015,26.485,0.014,26.594,0.014,28.609,0.022,24.002,0.214,28.456,0.197
35001,15.000,0.001,55.116,0.003,55.126,0.003,54.982,0.004,55.010,0.004,28.322,0.004,28.316,0.004,28.318,0.004,28.318,0.004,26.575,0.014,27.256,0.012,26.456,0.015,26.485,0.014,26.594,0.014,28.608,0.022,24.012,0.216,28.461,0.198
36001,15.000,0.001,55.114,0.003,55.122,0.003,54.984,0.004,55.012,0.004,28.322,0.004,28.316,0.004,28.318,0.004,28.318,0.004,26.574,0.014,27.257,0.013,26.456,0.015,26.487,0.014,26.594,0.014,28.607,0.023,24.010,0.216,28.472,0.199
37001,15.000,0.001,55.116,0.003,55.126,0.003,54.982,0.004,55.010,0.004,28.322,0.004,28.316,0.004,28.318,0.004,28.318,0.004,26.576,0.014,27.257,0.013,26.456,0.015,26.486,0.014,26.595,0.014,28.606,0.023,23.998,0.218,28.477,0.200
38001,15.000,0.001,55.116,0.003,55.128,0.003,54.982,0.004,55.010,0.003,28.322,0.004,28.316,0.004,28.318,0.004,28.318,0.004,26.576,0.014,27.257,0.013,26.456,0.015,26.486,0.014,26.596,0.014,28.604,0.023,23.966,0.220,28.458,0.201
39001,15.001,0.001,55.118,0.003,55.126,0.003,54.982,0.004,55.010,0.003,28.322,0.004,28.316,0.004,28.318,0.004,28.318,0.004,26.577,0.014,27.257,0.013,26.458,0.015,26.487,0.014,26.596,0.014,28.604,0.023,23.988,0.221,28.429,0.201
40001,15.000,0.001,55.116,0.003,55.124,0.003,54.982,0.004,55.010,0.003,28.322,0.004,28.318,0.004,28.318,0.004,28.318,0.004,26.576,0.014,27.258,0.013,26.457,0.015,26.487,0.014,26.595,0.014,28.601,0.023,23.994,0.223,28.392,0.201
41001,15.001,0.001,55.114,0.003,55.126,0.003,54.984,0.004,55.012,0.003,28.322,0.004,28.318,0.004,28.318,0.004,28.320,0.004,26.576,0.014,27.258,0.013,26.458,0.015,26.487,0.014,26.596,0.014,28.602,0.024,23.989,0.225,28.368,0.201
42001,15.000,0.001,55.116,0.003,55.126,0.003,54.982,0.004,55.010,0.003,28.322,0.004,28.318,0.004,28.318,0.004,28.318,0.004,26.579,0.014,27.260,0.013,26.457,0.015,26.488,0.014,26.597,0.014,28.601,0.024,24.054,0.226,28.376,0.201
43001,15.000,0.001,55.116,0.003,55.126,0.003,54.984,0.004,55.010,0.003,28.322,0.004,28.318,0.004,28.318,0.004,28.318,0.004,26.579,0.014,27.259,0.013,26.458,0.015,26.489,0.014,26.597,0.014,28.600,0.024,24.034,0.227,28.393,0.200
44001,15.000,0.001,55.114,0.003,55.124,0.003,54.984,0.004,55.010,0.003,28.322,0.004,28.318,0.004,28.318,0.004,28.318,0.004,26.579,0.014,27.259,0.013,26.460,0.015,26.490,0.014,26.599,0.014,28.599,0.024,24.000,0.229,28.410,0.200
45001,14.999,0.001,55.116,0.003,55.124,0.003,54.982,0.004,55.010,0.003,28.322,0.004,28.318,0.004,28.318,0.004,28.320,0.004,26.579,0.014,27.260,0.013,26.461,0.015,26.490,0.014,26.599,0.014,28.597,0.025,24.082,0.229,28.421,0.200
46001,14.999,0.001,55.114,0.003,55.126,0.003,54.982,0.004,55.010,0.003,28.322,0.004,28.318,0.004,28.318,0.004,28.318,0.004,26.579,0.014,27.260,0.013,26.461,0.015,26.490,0.014,26.599,0.014,28.595,0.025,24.140,0.227,28.428,0.200
47001,15.001,0.001,55.114,0.003,55.128,0.003,54.984,0.004,55.012,0.003,28.324,0.004,28.318,0.004,28.318,0.004,28.318,0.004,26.581,0.014,27.261,0.013,26.461,0.015,26.490,0.014,26.599,0.014,28.595,0.025,23.971,0.227,28.429,0.201
48002,15.001,0.001,55.116,0.003,55.128,0.003,54.984,0.004,55.012,0.003,28.324,0.004,28.318,0.004,28.318,0.004,28.320,0.004,26.580,0.014,27.261,0.013,26.461,0.015,26.490,0.014,26.598,0.014,28.593,0.025,24.031,0.225,28.431,0.201
49002,15.002,0.001,55.116,0.003,55.128,0.003,54.984,0.004,55.012,0.003,28.324,0.004,28.318,0.004,28.318,0.004,28.320,0.004,26.581,0.014,27.262,0.013,26.462,0.015,26.490,0.014,26.601,0.014,28.591,0.026,24.021,0.223,28.433,0.202
50002,15.002,0.001,55.118,0.003,55.128,0.003,54.984,0.004,55.012,0.003,28.324,0.004,28.318,0.004,28.320,0.004,28.320,0.004,26.581,0.014,27.263,0.013,26.461,0.015,26.491,0.014,26.601,0.014,28.589,0.026,23.993,0.222,28.431,0.202
51002,15.001,0.001,55.114,0.003,55.128,0.003,54.984,0.004,55.010,0.003,28.324,0.004,28.318,0.004,28.320,0.004,28.320,0.004,26.581,0.014,27.263,0.013,26.462,0.015,26.492,0.014,26.600,0.014,28.588,0.026,23.998,0.221,28.430,0.203
52002,15.001,0.001,55.116,0.003,55.122,0.003,54.984,0.004,55.012,0.003,28.324,0.004,28.318,0.004,28.320,0.004,28.320,0.004,26.582,0.014,27.263,0.013,26.463,0.015,26.491,0.014,26.601,0.014,28.586,0.026,24.032,0.219,28.414,0.203
53002,15.000,0.001,55.114,0.003,55.126,0.003,54.982,0.004,55.010,0.003,28.324,0.004,28.318,0.004,28.320,0.004,28.320,0.004,26.581,0.014,27.264,0.013,26.463,0.015,26.492,0.014,26.601,0.014,28.585,0.027,23.982,0.218,28.394,0.203
54002,15.000,0.001,55.116,0.002,55.126,0.003,54.986,0.004,55.014,0.003,28.324,0.004,28.318,0.004,28.320,0.004,28.320,0.004,26.583,0.014,27.263,0.013,26.463,0.015,26.493,0.014,26.601,0.014,28.584,0.027,23.984,0.215,28.371,0.203
55002,15.000,0.001,55.114,0.002,55.128,0.003,54.984,0.004,55.012,0.003,28.324,0.004,28.318,0.004,28.320,0.004,28.320,0.004,26.583,0.014,27.264,0.013,26.463,0.015,26.493,0.014,26.602,0.014,28.584,0.027,23.988,0.213,28.358,0.203
56002,15.000,0.001,55.114,0.002,55.128,0.003,54.984,0.004,55.012,0.003,28.324,0.004,28.320,0.004,28.320,0.004,28.320,0.004,26.584,0.014,27.264,0.013,26.464,0.015,26.494,0.014,26.602,0.014,28.582,0.028,23.970,0.212,28.353,0.203
57002,15.000,0.001,55.116,0.002,55.126,0.003,54.986,0.004,55.012,0.003,28.324,0.004,28.318,0.004,28.320,0.004,28.320,0.004,26.584,0.014,27.264,0.013,26.464,0.015,26.494,0.014,26.602,0.014,28.582,0.028,23.970,0.212,28.353,0.203
58002,15.000,0.001,55.116,0.002,55.126,0.003,54.982,0.004,55.010,0.003,28.324,0.004,28.320,0.004,28.320,0.004,28.320,0.004,26.583,0.014,27.264,0.013,26.464,0.015,26.494,0.014,26.603,0.014,28.582,0.028,24.006,0.211,28.349,0.202
59002,15.000,0.001,55.114,0.002,55.128,0.003,54.984,0.004,55.012,0.003,28.324,0.004,28.318,0.004,28.320,0.004,28.320,0.004,26.585,0.014,27.265,0.013,26.465,0.015,26.495,0.014,26.603,0.014,28.582,0.028,24.024,0.209,28.345,0.201
60002,15.000,0.001,55.114,0.002,55.126,0.002,54.984,0.004,55.010,0.003,28.324,0.004,28.320,0.004,28.320,0.004,28.322,0.004,26.585,0.014,27.266,0.013,26.465,0.015,26.496,0.014,26.604,0.014,28.584,0.028,23.974,0.207,28.347,0.200
61002,15.000,0.001,55.114,0.002,55.126,0.002,54.982,0.003,55.010,0.003,28.324,0.004,28.320,0.004,28.320,0.004,28.320,0.004,26.585,0.014,27.264,0.013,26.465,0.015,26.496,0.014,26.605,0.014,28.583,0.028,23.966,0.206,28.357,0.200
62002,15.000,0.001,55.114,0.002,55.126,0.002,54.984,0.003,55.010,0.003,28.326,0.004,28.320,0.004,28.320,0.004,28.322,0.004,26.586,0.014,27.266,0.013,26.467,0.015,26.496,0.014,26.604,0.014,28.584,0.028,23.953,0.204,28.387,0.198
63002,15.000,0.001,55.114,0.002,55.126,0.002,54.980,0.003,55.008,0.003,28.324,0.004,28.320,0.004,28.320,0.004,28.320,0.004,26.586,0.014,27.266,0.013,26.467,0.015,26.496,0.014,26.604,0.014,28.583,0.028,23.950,0.201,28.432,0.197
64002,14.999,0.001,55.116,0.002,55.128,0.002,54.984,0.003,55.012,0.003,28.324,0.004,28.320,0.004,28.322,0.004,28.322,0.004,26.586,0.014,27.268,0.014,26.467,0.015,26.496,0.014,26.606,0.014,28.585,0.028,23.937,0.197,28.448,0.196
65002,15.000,0.001,55.114,0.002,55.124,0.002,54.984,0.003,55.010,0.003,28.324,0.004,28.320,0.004,28.322,0.004,28.322,0.004,26.586,0.014,27.268,0.014,26.467,0.015,26.497,0.014,26.606,0.014,28.584,0.028,23.933,0.193,28.456,0.193
66002,15.000,0.001,55.114,0.002,55.126,0.002,54.984,0.003,55.010,0.003,28.324,0.004,28.320,0.004,28.322,0.004,28.322,0.004,26.587,0.014,27.269,0.014,26.468,0.015,26.497,0.014,26.606,0.014,28.584,0.028,23.973,0.187,28.468,0.191
67002,15.000,0.001,55.114,0.002,55.130,0.002,54.984,0.003,55.012,0.003,28.326,0.004,28.320,0.004,28.322,0.004,28.322,0.004,26.587,0.014,27.268,0.014,26.469,0.015,26.497,0.014,26.607,0.014,28.584,0.028,23.950,0.181,28.486,0.188
68002,15.000,0.001,55.118,0.002,55.124,0.002,54.982,0.003,55.010,0.003,28.324,0.004,28.320,0.004,28.320,0.004,28.322,0.004,26.588,0.014,27.270,0.014,26.468,0.015,26.498,0.014,26.607,0.014,28.583,0.028,23.964,0.176,28.501,0.186
69002,14.999,0.001,55.116,0.002,55.128,0.002,54.984,0.003,55.012,0.003,28.324,0.004,28.320,0.004,28.322,0.004,28.322,0.004,26.589,0.014,27.270,0.014,26.469,0.015,26.499,0.014,26.608,0.014,28.583,0.028,23.962,0.177,28.516,0.183
70002,15.000,0.001,55.116,0.002,55.126,0.002,54.984,0.003,55.012,0.003,28.326,0.004,28.320,0.004,28.322,0.004,28.322,0.004,26.589,0.014,27.270,0.014,26.470,0.015,26.499,0.014,26.608,0.014,28.583,0.028,23.948,0.177,28.529,0.179
71002,15.000,0.001,55.114,0.002,55.126,0.002,54.986,0.003,55.014,0.003,28.326,0.004,28.320,0.004,28.322,0.004,28.322,0.004,26.589,0.014,27.270,0.014,26.469,0.015,26.499,0.014,26.608,0.014,28.583,0.028,23.931,0.178,28.536,0.174
72002,15.000,0.001,55.114,0.002,55.124,0.002,54.984,0.003,55.010,0.003,28.326,0.004,28.322,0.004,28.322,0.004,28.322,0.004,26.589,0.014,27.271,0.014,26.471,0.015,26.499,0.014,26.609,0.014,28.582,0.028,23.933,0.177,28.547,0.168
73002,15.001,0.001,55.114,0.002,55.126,0.002,54.982,0.003,55.010,0.003,28.326,0.004,28.320,0.004,28.322,0.004,28.322,0.004,26.590,0.014,27.270,0.014,26.470,0.015,26.500,0.014,26.609,0.014,28.582,0.028,23.935,0.177,28.560,0.161
74002,15.000,0.001,55.116,0.002,55.126,0.002,54.986,0.003,55.012,0.003,28.326,0.004,28.322,0.004,28.324,0.004,28.324,0.004,26.591,0.014,27.272,0.014,26.470,0.015,26.500,0.014,26.610,0.014,28.582,0.028,23.931,0.173,28.568,0.155
75002,15.000,0.001,55.112,0.002,55.128,0.002,54.984,0.003,55.010,0.003,28.326,0.004,28.320,0.004,28.322,0.004,28.322,0.004,26.591,0.014,27.272,0.014,26.471,0.015,26.501,0.014,26.610,0.014,28.582,0.027,23.926,0.169,28.571,0.149
76003,15.000,0.001,55.116,0.002,55.124,0.002,54.984,0.003,55.012,0.003,28.326,0.004,28.322,0.004,28.322,0.004,28.322,0.004,26.590,0.014,27.272,0.014,26.472,0.015,26.502,0.014,26.610,0.014,28.582,0.027,23.944,0.167,28.577,0.144
77003,15.000,0.001,55.116,0.002,55.124,0.002,54.986,0.003,55.012,0.003,28.326,0.004,28.320,0.004,28.322,0.004,28.322,0.004,26.591,0.014,27.273,0.014,26.472,0.015,26.501,0.014,26.610,0.014,28.581,0.027,23.919,0.165,28.574,0.139
78003,15.000,0.001,55.114,0.002,55.126,0.002,54.982,0.003,55.010,0.003,28.326,0.004,28.322,0.004,28.322,0.004,28.322,0.004,26.592,0.014,27.272,0.014,26.474,0.015,26.501,0.014,26.611,0.014,28.582,0.027,23.917,0.164,28.569,0.135
79003,15.000,0.001,55.116,0.002,55.126,0.002,54.982,0.003,55.010,0.003,28.326,0.004,28.322,0.004,28.324,0.004,28.324,0.004,26.592,0.014,27.274,0.014,26.473,0.015,26.502,0.014,26.611,0.014,28.583,0.027,23.835,0.164,28.557,0.131
80003,15.000,0.001,55.114,0.002,55.124,0.002,54.982,0.003,55.010,0.003,28.326,0.004,28.322,0.004,28.324,0.004,28.324,0.004,26.593,0.014,27.275,0.014,26.473,0.015,26.502,0.014,26.611,0.014,28.582,0.026,23.830,0.162,28.553,0.127
81003,15.000,0.001,55.114,0.002,55.128,0.002,54.984,0.003,55.012,0.003,28.326,0.004,28.322,0.004,28.322,0.004,28.324,0.004,26.594,0.014,27.274,0.014,26.475,0.015,26.503,0.014,26.612,0.014,28.584,0.026,23.862,0.160,28.548,0.123
82003,15.000,0.001,55.114,0.002,55.128,0.002,54.984,0.003,55.012,0.003,28.326,0.004,28.322,0.004,28.322,0.004,28.324,0.004,26.594,0.014,27.274,0.014,26.475,0.015,26.503,0.014,26.612,0.014,28.584,0.026,23.810,0.158,28.547,0.119
83003,15.000,0.001,55.116,0.002,55.126,0.002,54.984,0.003,55.010,0.003,28.326,0.004,28.322,0.004,28.324,0.004,28.324,0.004,26.594,0.014,27.276,0.014,26.474,0.015,26.504,0.014,26.613,0.014,28.583,0.026,23.828,0.158,28.543,0.117
84003,15.000,0.001,55.116,0.002,55.126,0.002,54.982,0.003,55.010,0.003,28.326,0.004,28.322,0.004,28.324,0.004,28.324,0.004,26.595,0.014,27.275,0.014,26.476,0.015,26.504,0.014,26.613,0.014,28.584,0.025,23.823,0.159,28.545,0.116
85003,15.000,0.001,55.112,0.002,55.128,0.002,54.986,0.003,55.012,0.003,28.328,0.004,28.322,0.004,28.324,0.004,28.324,0.004,26.594,0.014,27.277,0.014,26.475,0.015,26.504,0.014,26.614,0.014,28.585,0.025,23.832,0.159,28.545,0.115
86003,15.000,0.001,55.114,0.002,55.126,0.002,54.984,0.003,55.010,0.002,28.326,0.004,28.322,0.004,28.324,0.004,28.324,0.004,26.595,0.014,27.277,0.014,26.476,0.014,26.505,0.014,26.615,0.014,28.584,0.025,23.811,0.159,28.536,0.115
87003,15.000,0.001,55.116,0.002,55.126,0.002,54.986,0.003,55.012,0.002,28.328,0.004,28.322,0.004,28.324,0.004,28.324,0.004,26.595,0.014,27.276,0.014,26.476,0.014,26.505,0.014,26.614,0.014,28.585,0.025,23.788,0.159,28.520,0.114
88003,15.000,0.001,55.116,0.002,55.126,0.002,54.984,0.003,55.010,0.002,28.328,0.004,28.322,0.004,28.324,0.004,28.324,0.004,26.595,0.014,27.277,0.014,26.477,0.015,26.506,0.014,26.615,0.014,28.584,0.024,23.788,0.159,28.501,0.114
89003,15.001,0.001,55.116,0.002,55.126,0.002,54.984,0.003,55.012,0.002,28.328,0.004,28.322,0.004,28.322,0.004,28.324,0.004,26.597,0.014,27.278,0.014,26.477,0.014,26.506,0.014,26.615,0.014,28.585,0.024,23.815,0.158,28.477,0.114
90003,15.000,0.001,55.114,0.002,55.126,0.002,54.986,0.003,55.012,0.002,28.326,0.004,28.324,0.004,28.324,0.004,28.324,0.004,26.597,0.014,27.279,0.014,26.477,0.014,26.507,0.014,26.616,0.014,28.585,0.024,23.812,0.158,28.451,0.113
91003,15.000,0.001,55.114,0.002,55.126,0.002,54.986,0.003,55.012,0.002,28.328,0.004,28.324,0.004,28.324,0.004,28.324,0.004,26.597,0.014,27.278,0.014,26.478,0.014,26.507,0.014,26.615,0.014,28.585,0.024,23.809,0.160,28.435,0.113
92003,15.000,0.001,55.114,0.002,55.126,0.002,54.986,0.003,55.012,0.002,28.328,0.004,28.324,0.004,28.324,0.004,28.324,0.004,26.598,0.014,27.279,0.014,26.478,0.014,26.507,0.014,26.616,0.014,28.585,0.023,23.815,0.157,28.418,0.113
93003,15.000,0.001,55.114,0.002,55.128,0.002,54.982,0.003,55.010,0.002,28.328,0.004,28.324,0.004,28.324,0.004,28.324,0.004,26.599,0.014,27.278,0.014,26.479,0.014,26.507,0.014,26.617,0.014,28.587,0.023,23.819,0.158,28.390,0.113
94003,15.001,0.001,55.112,0.002,55.124,0.002,54.984,0.003,55.010,0.002,28.328,0.004,28.322,0.004,28.324,0.004,28.324,0.004,26.598,0.014,27.280,0.014,26.479,0.014,26.508,0.014,26.617,0.014,28.586,0.023,23.842,0.159,28.359,0.113
95003,15.000,0.001,55.112,0.002,55.126,0.002,54.986,0.003,55.012,0.002,28.328,0.004,28.324,0.004,28.324,0.004,28.324,0.004,26.599,0.014,27.279,0.014,26.479,0.014,26.508,0.014,26.617,0.014,28.586,0.022,23.863,0.160,28.330,0.114
96003,14.999,0.001,55.116,0.002,55.122,0.002,54.984,0.003,55.010,0.002,28.328,0.004,28.324,0.004,28.326,0.004,28.326,0.004,26.600,0.014,27.279,0.014,26.479,0.014,26.509,0.014,26.617,0.014,28.587,0.022,23.827,0.161,28.310,0.115
97003,14.999,0.001,55.110,0.002,55.124,0.002,54.984,0.003,55.010,0.002,28.328,0.004,28.322,0.004,28.324,0.004,28.324,0.004,26.600,0.014,27.280,0.014,26.480,0.014,26.508,0.014,26.619,0.014,28.587,0.022,23.950,0.161,28.287,0.116
98003,15.000,0.001,55.112,0.002,55.124,0.002,54.986,0.003,55.012,0.002,28.328,0.004,28.324,0.004,28.324,0.004,28.324,0.004,26.599,0.014,27.281,0.014,26.480,0.014,26.510,0.014,26.618,0.014,28.587,0.021,24.032,0.160,28.271,0.118
99003,15.001,0.001,55.116,0.002,55.126,0.002,54.982,0.002,55.010,0.002,28.328,0.004,28.324,0.004,28.326,0.004,28.326,0.004,26.600,0.014,27.281,0.014,26.481,0.014,26.509,0.014,26.620,0.014,28.587,0.021,24.010,0.159,28.253,0.121
100003,15.001,0.001,55.114,0.002,55.126,0.002,54.984,0.002,55.012,0.002,28.330,0.004,28.324,0.004,28.324,0.004,28.324,0.004,26.602,0.014,27.281,0.014,26.482,0.014,26.510,0.014,26.619,0.014,28.586,0.021,24.076,0.159,28.237,0.124
101003,15.000,0.001,55.114,0.002,55.124,0.002,54.982,0.002,55.010,0.002,28.328,0.004,28.324,0.004,28.326,0.004,28.326,0.004,26.601,0.014,27.281,0.014,26.481,0.014,26.511,0.014,26.619,0.014,28.587,0.020,24.016,0.157,28.231,0.127
102003,15.000,0.001,55.112,0.002,55.122,0.002,54.984,0.002,55.010,0.002,28.328,0.004,28.324,0.004,28.324,0.004,28.326,0.004,26.602,0.014,27.281,0.014,26.483,0.014,26.511,0.014,26.620,0.014,28.587,0.020,24.037,0.157,28.231,0.130
103003,14.999,0.001,55.112,0.002,55.122,0.002,54.982,0.002,55.010,0.002,28.330,0.004,28.324,0.004,28.326,0.004,28.326,0.004,26.603,0.014,27.282,0.014,26.483,0.014,26.510,0.014,26.620,0.014,28.588,0.019,23.923,0.156,28.238,0.132
104003,15.001,0.001,55.116,0.002,55.124,0.002,54.982,0.002,55.010,0.002,28.330,0.004,28.324,0.004,28.326,0.004,28.326,0.004,26.602,0.014,27.282,0.014,26.484,0.014,26.512,0.014,26.622,0.014,28.588,0.019,23.865,0.156,28.247,0.134
105003,15.001,0.001,55.112,0.002,55.124,0.002,54.982,0.002,55.010,0.002,28.328,0.004,28.324,0.004,28.324,0.004,28.326,0.004,26.603,0.014,27.282,0.014,26.484,0.014,26.511,0.014,26.621,0.014,28.589,0.018,23.908,0.156,28.262,0.134
106004,15.002,0.001,55.116,0.002,55.124,0.002,54.984,0.002,55.010,0.002,28.330,0.004,28.324,0.004,28.326,0.004,28.326,0.004,26.603,0.014,27.283,0.014,26.485,0.014,26.512,0.014,26.622,0.014,28.591,0.018,23.919,0.155,28.279,0.134
107004,15.001,0.001,55.112,0.002,55.124,0.002,54.986,0.002,55.012,0.002,28.330,0.004,28.326,0.004,28.326,0.004,28.326,0.004,26.603,0.014,27.284,0.014,26.485,0.014,26.512,0.014,26.623,0.014,28.590,0.018,23.922,0.154,28.301,0.134
108004,15.000,0.001,55.114,0.002,55.126,0.002,54.982,0.002,55.010,0.002,28.330,0.004,28.324,0.004,28.326,0.004,28.326,0.004,26.604,0.014,27.283,0.014,26.484,0.014,26.514,0.014,26.623,0.014,28.591,0.017,23.898,0.154,28.317,0.133
109004,15.001,0.001,55.112,0.002,55.124,0.002,54.982,0.002,55.010,0.002,28.330,0.004,28.324,0.004,28.326,0.004,28.326,0.004,26.605,0.014,27.284,0.014,26.486,0.014,26.514,0.014,26.623,0.014,28.592,0.017,23.887,0.154,28.334,0.133
110004,15.001,0.001,55.112,0.002,55.126,0.002,54.984,0.002,55.010,0.002,28.330,0.004,28.324,0.004,28.326,0.004,28.326,0.004,26.605,0.014,27.284,0.014,26.486,0.014,26.513,0.014,26.624,0.014,28.593,0.016,23.887,0.153,28.352,0.131
111004,15.002,0.001,55.110,0.002,55.124,0.002,54.984,0.002,55.012,0.002,28.330,0.004,28.326,0.004,28.326,0.004,28.326,0.004,26.605,0.014,27.284,0.014,26.486,0.014,26.514,0.014,26.624,0.014,28.594,0.016,23.965,0.151,28.371,0.130
112004,14.999,0.001,55.114,0.002,55.124,0.002,54.982,0.002,55.010,0.002,28.330,0.004,28.326,0.004,28.326,0.004,28.326,0.004,26.606,0.014,27.285,0.014,26.487,0.014,26.514,0.014,26.624,0.014,28.595,0.016,23.996,0.148,28.380,0.129
113004,14.999,0.001,55.112,0.002,55.124,0.002,54.984,0.002,55.010,0.002,28.330,0.004,28.326,0.004,28.326,0.004,28.326,0.004,26.606,0.014,27.286,0.014,26.487,0.014,26.515,0.014,26.624,0.014,28.596,0.015,24.012,0.147,28.394,0.128
114004,15.000,0.001,55.112,0.002,55.120,0.002,54.984,0.002,55.010,0.002,28.330,0.004,28.326,0.004,28.326,0.004,28.326,0.004,26.606,0.014,27.286,0.014,26.488,0.014,26.515,0.013,26.625,0.014,28.598,0.015,24.003,0.146,28.402,0.128
115004,15.000,0.001,55.114,0.002,55.124,0.002,54.984,0.002,55.010,0.002,28.330,0.004,28.326,0.004,28.326,0.004,28.326,0.004,26.606,0.014,27.285,0.014,26.488,0.014,26.516,0.013,26.625,0.014,28.597,0.015,23.995,0.140,28.415,0.128
116004,15.000,0.001,55.112,0.002,55.124,0.002,54.980,0.002,55.008,0.002,28.330,0.004,28.326,0.004,28.326,0.004,28.326,0.004,26.607,0.014,27.286,0.014,26.487,0.014,26.516,0.013,26.626,0.014,28.598,0.015,23.988,0.136,28.423,0.128
117004,15.003,0.001,55.112,0.002,55.122,0.002,54.984,0.002,55.010,0.002,28.330,0.004,28.326,0.004,28.326,0.004,28.328,0.004,26.608,0.014,27.287,0.014,26.488,0.014,26.516,0.013,26.627,0.014,28.600,0.014,23.879,0.133,28.429,0.128
118004,15.000,0.001,55.112,0.002,55.122,0.002,54.984,0.002,55.010,0.002,28.330,0.004,28.326,0.004,28.328,0.004,28.328,0.004,26.607,0.014,27.288,0.014,26.488,0.014,26.517,0.013,26.627,0.014,28.602,0.014,23.868,0.132,28.438,0.128
119004,14.999,0.001,55.112,0.002,55.122,0.002,54.982,0.002,55.010,0.002,28.330,0.004,28.326,0.004,28.326,0.004,28.328,0.004,26.608,0.014,27.288,0.014,26.490,0.014,26.518,0.013,26.627,0.014,28.603,0.014,23.928,0.131,28.441,0.128
120004,14.999,0.001,55.112,0.002,55.122,0.002,54.982,0.002,55.010,0.002,28.330,0.004,28.326,0.004,28.328,0.004,28.328,0.004,26.609,0.014,27.287,0.014,26.489,0.014,26.518,0.013,26.628,0.014,28.605,0.014,23.916,0.131,28.440,0.127
121004,14.999,0.001,55.114,0.002,55.128,0.002,54.986,0.002,55.012,0.002,28.330,0.004,28.326,0.004,28.328,0.004,28.328,0.004,26.609,0.014,27.288,0.014,26.489,0.014,26.518,0.013,26.628,0.014,28.607,0.013,23.920,0.130,28.432,0.127
122004,14.999,0.001,55.110,0.002,55.124,0.002,54.984,0.002,55.010,0.002,28.332,0.004,28.326,0.004,28.328,0.004,28.328,0.004,26.609,0.014,27.289,0.014,26.490,0.014,26.518,0.013,26.629,0.014,28.609,0.013,23.923,0.125,28.418,0.127
123004,15.000,0.001,55.112,0.002,55.120,0.002,54.982,0.002,55.008,0.002,28.330,0.004,28.326,0.004,28.328,0.004,28.328,0.004,26.609,0.014,27.288,0.014,26.491,0.014,26.519,0.013,26.629,0.014,28.611,0.013,23.987,0.116,28.399,0.127
124004,15.000,0.001,55.112,0.002,55.122,0.002,54.984,0.002,55.010,0.002,28.330,0.004,28.326,0.004,28.328,0.004,28.328,0.004,26.611,0.014,27.289,0.014,26.491,0.014,26.519,0.013,26.629,0.014,28.613,0.013,23.908,0.114,28.381,0.127
125004,15.001,0.001,55.110,0.002,55.122,0.002,54.984,0.002,55.010,0.001,28.332,0.004,28.326,0.004,28.328,0.004,28.328,0.004,26.610,0.014,27.289,0.014,26.492,0.014,26.520,0.013,26.630,0.014,28.614,0.013,23.931,0.112,28.362,0.127
126004,15.001,0.001,55.110,0.002,55.124,0.002,54.982,0.002,55.008,0.001,28.332,0.004,28.326,0.004,28.328,0.004,28.328,0.004,26.611,0.014,27.291,0.014,26.491,0.014,26.520,0.013,26.629,0.014,28.615,0.013,23.947,0.108,28.340,0.127
127004,15.001,0.001,55.110,0.002,55.120,0.002,54.982,0.002,55.010,0.001,28.332,0.004,28.326,0.004,28.328,0.004,28.328,0.004,26.611,0.014,27.290,0.014,26.491,0.014,26.521,0.013,26.630,0.014,28.617,0.013,23.988,0.103,28.320,0.128
128004,15.000,0.001,55.108,0.002,55.122,0.002,54.982,0.002,55.008,0.001,28.332,0.004,28.326,0.004,28.328,0.004,28.328,0.004,26.613,0.014,27.290,0.013,26.493,0.014,26.522,0.013,26.631,0.014,28.617,0.013,23.997,0.098,28.302,0.129
129004,15.000,0.001,55.112,0.002,55.124,0.002,54.984,0.002,55.010,0.001,28.332,0.004,28.326,0.004,28.328,0.004,28.328,0.004,26.613,0.014,27.290,0.013,26.493,0.014,26.522,0.013,26.631,0.014,28.617,0.013,23.997,0.098,28.302,0.129
130004,15.000,0.001,55.112,0.002,55.124,0.002,54.982,0.002,55.010,0.001,28.332,0.004,28.326,0.004,28.328,0.004,28.328,0.004,26.612,0.014,27.291,0.013,26.493,0.014,26.521,0.013,26.632,0.014,28.619,0.013,23.953,0.093,28.281,0.131
131004,15.000,0.001,55.114,0.002,55.124,0.002,54.984,0.002,55.010,0.001,28.332,0.004,28.328,0.004,28.328,0.004,28.328,0.004,26.613,0.014,27.293,0.013,26.494,0.014,26.522,0.013,26.631,0.014,28.620,0.013,23.907,0.091,28.270,0.132
132004,15.000,0.001,55.112,0.002,55.122,0.002,54.984,0.002,55.010,0.001,28.332,0.004,28.328,0.004,28.328,0.004,28.330,0.004,26.613,0.014,27.293,0.013,26.495,0.014,26.522,0.013,26.632,0.014,28.620,0.013,23.874,0.090,28.251,0.134
133004,15.001,0.001,55.110,0.002,55.122,0.002,54.982,0.002,55.008,0.001,28.332,0.004,28.328,0.004,28.330,0.004,28.330,0.004,26.612,0.014,27.292,0.013,26.494,0.014,26.523,0.013,26.632,0.014,28.622,0.013,23.894,0.087,28.210,0.138
134004,15.001,0.001,55.112,0.002,55.122,0.002,54.986,0.002,55.012,0.001,28.332,0.004,28.328,0.004,28.328,0.004,28.328,0.004,26.613,0.014,27.292,0.013,26.495,0.014,26.523,0.013,26.633,0.014,28.623,0.013,23.832,0.085,28.161,0.142
135004,15.001,0.001,55.110,0.002,55.120,0.002,54.982,0.002,55.008,0.001,28.332,0.004,28.328,0.004,28.328,0.004,28.330,0.004,26.613,0.014,27.293,0.013,26.495,0.014,26.523,0.013,26.633,0.014,28.624,0.013,23.934,0.085,28.145,0.148
136005,15.000,0.001,55.112,0.002,55.124,0.002,54.984,0.002,55.012,0.001,28.332,0.004,28.328,0.004,28.328,0.004,28.330,0.004,26.615,0.014,27.293,0.013,26.496,0.014,26.523,0.013,26.633,0.014,28.624,0.013,23.939,0.084,28.144,0.152
137005,15.000,0.001,55.110,0.002,55.122,0.002,54.982,0.002,55.008,0.001,28.332,0.004,28.328,0.004,28.328,0.004,28.328,0.004,26.615,0.014,27.295,0.013,26.496,0.014,26.524,0.013,26.634,0.014,28.625,0.013,23.915,0.083,28.149,0.157
138005,15.002,0.001,55.110,0.002,55.120,0.002,54.982,0.002,55.008,0.001,28.332,0.004,28.328,0.004,28.330,0.004,28.330,0.004,26.614,0.014,27.295,0.013,26.497,0.014,26.524,0.013,26.634,0.014,28.624,0.014,23.953,0.082,28.162,0.161
139005,15.002,0.001,55.110,0.002,55.122,0.002,54.980,0.002,55.008,0.001,28.332,0.004,28.328,0.004,28.328,0.004,28.328,0.004,26.616,0.014,27.295,0.013,26.497,0.014,26.525,0.013,26.634,0.014,28.626,0.014,23.898,0.081,28.181,0.164
140005,15.001,0.001,55.112,0.002,55.122,0.002,54.984,0.002,55.010,0.001,28.332,0.004,28.328,0.004,28.328,0.004,28.328,0.004,26.616,0.014,27.295,0.013,26.498,0.014,26.526,0.013,26.634,0.014,28.626,0.014,23.889,0.081,28.202,0.166
141005,15.000,0.001,55.110,0.002,55.122,0.002,54.984,0.002,55.010,0.001,28.332,0.004,28.328,0.004,28.330,0.004,28.330,0.004,26.616,0.014,27.296,0.013,26.497,0.014,26.526,0.013,26.635,0.014,28.626,0.014,23.892,0.081,28.217,0.168
142005,14.999,0.001,55.110,0.002,55.120,0.002,54.984,0.002,55.010,0.001,28.332,0.004,28.328,0.004,28.330,0.004,28.330,0.004,26.617,0.014,27.296,0.013,26.498,0.014,26.526,0.013,26.636,0.014,28.626,0.014,23.986,0.080,28.236,0.170
143005,15.000,0.001,55.110,0.002,55.120,0.002,54.980,0.002,55.006,0.001,28.332,0.004,28.328,0.004,28.330,0.004,28.330,0.004,26.617,0.014,27.297,0.013,26.499,0.014,26.527,0.013,26.636,0.014,28.628,0.014,24.091,0.080,28.254,0.171
144005,14.999,0.001,55.110,0.002,55.120,0.002,54.982,0.002,55.008,0.001,28.332,0.004,28.328,0.004,28.328,0.004,28.330,0.004,26.618,0.014,27.297,0.013,26.499,0.014,26.527,0.013,26.637,0.014,28.630,0.015,24.025,0.079,28.271,0.172
145005,14.997,0.001,55.110,0.002,55.120,0.002,54.980,0.002,55.006,0.001,28.334,0.004,28.328,0.004,28.330,0.004,28.330,0.004,26.618,0.014,27.297,0.013,26.499,0.014,26.527,0.013,26.637,0.014,28.631,0.015,24.072,0.078,28.295,0.172
146005,15.001,0.001,55.110,0.002,55.120,0.002,54.982,0.002,55.008,0.001,28.334,0.004,28.328,0.004,28.330,0.004,28.330,0.004,26.618,0.014,27.297,0.013,26.500,0.014,26.527,0.013,26.637,0.014,28.632,0.015,23.865,0.077,28.302,0.173
147005,14.998,0.001,55.108,0.002,55.120,0.002,54.980,0.002,55.006,0.002,28.334,0.004,28.328,0.004,28.330,0.004,28.330,0.004,26.619,0.014,27.299,0.013,26.500,0.014,26.528,0.013,26.639,0.014,28.632,0.015,23.920,0.076,28.309,0.173
148005,14.999,0.001,55.108,0.002,55.120,0.002,54.982,0.002,55.008,0.002,28.334,0.004,28.328,0.004,28.330,0.004,28.330,0.004,26.620,0.014,27.299,0.013,26.500,0.014,26.529,0.013,26.638,0.014,28.633,0.016,24.036,0.075,28.317,0.173
149005,15.000,0.001,55.110,0.002,55.122,0.002,54.984,0.002,55.010,0.002,28.334,0.004,28.330,0.004,28.330,0.004,28.330,0.004,26.619,0.014,27.298,0.013,26.500,0.014,26.529,0.013,26.638,0.014,28.634,0.016,24.054,0.075,28.346,0.173
150005,15.001,0.001,55.108,0.002,55.120,0.002,54.980,0.002,55.006,0.002,28.334,0.004,28.330,0.004,28.330,0.004,28.330,0.004,26.620,0.014,27.300,0.013,26.501,0.014,26.529,0.013,26.639,0.014,28.635,0.016,24.049,0.074,28.395,0.173
151005,15.001,0.001,55.108,0.002,55.120,0.002,54.984,0.002,55.010,0.002,28.334,0.004,28.330,0.004,28.330,0.004,28.330,0.004,26.621,0.014,27.300,0.013,26.502,0.014,26.530,0.013,26.639,0.014,28.636,0.017,24.045,0.074,28.435,0.173
152005,15.001,0.001,55.110,0.002,55.120,0.003,54.982,0.002,55.008,0.002,28.334,0.004,28.330,0.004,28.330,0.004,28.330,0.004,26.622,0.014,27.301,0.013,26.503,0.014,26.530,0.013,26.640,0.014,28.636,0.017,24.066,0.074,28.461,0.172
153005,15.000,0.001,55.106,0.002,55.120,0.003,54.980,0.002,55.006,0.002,28.334,0.004,28.330,0.004,28.330,0.004,28.330,0.004,26.621,0.014,27.301,0.013,26.503,0.014,26.531,0.013,26.640,0.014,28.637,0.017,24.075,0.075,28.481,0.173
154005,15.000,0.001,55.108,0.003,55.120,0.003,54.980,0.002,55.006,0.002,28.334,0.004,28.330,0.004,28.330,0.004,28.330,0.004,26.621,0.014,27.302,0.013,26.503,0.014,26.531,0.013,26.641,0.014,28.637,0.017,23.976,0.075,28.470,0.173
155005,15.000,0.001,55.108,0.003,55.120,0.003,54.980,0.002,55.006,0.002,28.334,0.004,28.330,0.004,28.330,0.004,28.330,0.004,26.622,0.014,27.302,0.013,26.503,0.014,26.532,0.013,26.641,0.014,28.639,0.018,24.071,0.076,28.433,0.172
156005,15.001,0.001,55.110,0.003,55.120,0.003,54.982,0.002,55.008,0.002,28.334,0.004,28.330,0.004,28.332,0.004,28.332,0.004,26.623,0.014,27.303,0.013,26.504,0.014,26.531,0.013,26.642,0.014,28.640,0.018,24.049,0.076,28.399,0.172
157005,15.001,0.001,55.108,0.003,55.122,0.003,54.982,0.002,55.008,0.002,28.334,0.004,28.330,0.004,28.330,0.004,28.332,0.004,26.623,0.014,27.302,0.013,26.504,0.014,26.533,0.013,26.642,0.014,28.641,0.019,24.025,0.077,28.359,0.172
158005,15.000,0.001,55.108,0.003,55.120,0.003,54.980,0.002,55.008,0.002,28.334,0.004,28.330,0.004,28.332,0.004,28.332,0.004,26.623,0.014,27.305,0.013,26.504,0.014,26.532,0.013,26.643,0.014,28.641,0.019,23.932,0.076,28.339,0.172
159005,15.000,0.001,55.108,0.003,55.122,0.003,54.980,0.002,55.006,0.002,28.334,0.004,28.330,0.004,28.332,0.004,28.332,0.004,26.622,0.014,27.304,0.013,26.504,0.014,26.532,0.013,26.642,0.014,28.640,0.019,23.878,0.076,28.281,0.172
160005,15.001,0.001,55.110,0.003,55.122,0.003,54.982,0.002,55.008,0.002,28.334,0.004,28.330,0.004,28.332,0.004,28.332,0.004,26.625,0.014,27.305,0.013,26.506,0.014,26.533,0.013,26.643,0.014,28.639,0.020,24.054,0.077,28.201,0.173
161005,15.000,0.001,55.106,0.003,55.122,0.003,54.980,0.002,55.006,0.002,28.336,0.004,28.330,0.004,28.332,0.004,28.332,0.004,26.624,0.014,27.304,0.013,26.506,0.014,26.533,0.013,26.643,0.014,28.637,0.020,24.089,0.078,28.151,0.176
162005,15.001,0.001,55.108,0.003,55.122,0.003,54.980,0.002,55.006,0.002,28.334,0.004,28.330,0.004,28.330,0.004,28.332,0.004,26.625,0.014,27.305,0.013,26.506,0.014,26.534,0.013,26.644,0.014,28.635,0.020,24.011,0.078,28.133,0.180
163005,15.002,0.001,55.106,0.003,55.122,0.003,54.982,0.002,55.008,0.002,28.334,0.004,28.330,0.004,28.332,0.004,28.332,0.004,26.624,0.014,27.305,0.013,26.506,0.014,26.534,0.013,26.644,0.014,28.634,0.020,24.018,0.078,28.134,0.183
164006,15.002,0.001,55.108,0.003,55.120,0.003,54.980,0.002,55.006,0.002,28.336,0.004,28.330,0.004,28.332,0.004,28.332,0.004,26.625,0.014,27.307,0.013,26.506,0.014,26.534,0.013,26.644,0.014,28.633,0.020,24.101,0.079,28.170,0.186
165005,15.003,0.001,55.108,0.003,55.120,0.003,54.980,0.002,55.006,0.002,28.336,0.004,28.330,0.004,28.332,0.004,28.332,0.004,26.627,0.014,27.306,0.013,26.507,0.014,26.535,0.013,26.646,0.014,28.631,0.021,24.044,0.079,28.215,0.187
166006,14.999,0.001,55.108,0.003,55.118,0.003,54.982,0.002,55.008,0.002,28.336,0.004,28.330,0.004,28.332,0.004,28.332,0.004,26.626,0.014,27.307,0.013,26.508,0.014,26.535,0.013,26.645,0.014,28.630,0.021,24.058,0.080,28.249,0.188
167006,14.999,0.001,55.108,0.003,55.118,0.003,54.978,0.002,55.006,0.002,28.336,0.004,28.330,0.004,28.332,0.004,28.332,0.004,26.627,0.014,27.307,0.013,26.508,0.014,26.536,0.013,26.646,0.014,28.629,0.021,24.039,0.079,28.245,0.188
168006,15.000,0.001,55.110,0.003,55.120,0.003,54.980,0.002,55.008,0.002,28.336,0.004,28.332,0.004,28.332,0.004,28.332,0.004,26.627,0.014,27.308,0.013,26.507,0.014,26.537,0.013,26.646,0.014,28.627,0.021,24.175,0.080,28.205,0.190
169006,15.000,0.001,55.104,0.003,55.118,0.003,54.980,0.002,55.006,0.002,28.336,0.004,28.332,0.004,28.332,0.004,28.332,0.004,26.627,0.014,27.307,0.013,26.509,0.014,26.536,0.013,26.647,0.014,28.625,0.021,24.147,0.082,28.175,0.191
170006,15.001,0.001,55.106,0.003,55.120,0.003,54.978,0.002,55.006,0.002,28.336,0.004,28.332,0.004,28.334,0.004,28.334,0.004,26.628,0.014,27.308,0.013,26.509,0.014,26.537,0.013,26.648,0.014,28.624,0.021,24.114,0.083,28.194,0.193
171006,15.002,0.001,55.104,0.003,55.120,0.003,54.982,0.002,55.008,0.002,28.336,0.004,28.332,0.004,28.332,0.004,28.332,0.004,26.629,0.014,27.309,0.013,26.510,0.014,26.536,0.013,26.647,0.014,28.621,0.021,24.190,0.085,28.208,0.194
172006,15.000,0.001,55.106,0.003,55.120,0.003,54.980,0.002,55.006,0.002,28.336,0.004,28.330,0.004,28.332,0.004,28.332,0.004,26.628,0.014,27.309,0.013,26.509,0.014,26.538,0.013,26.648,0.014,28.619,0.021,24.390,0.094,28.200,0.195
173006,15.000,0.001,55.108,0.003,55.116,0.003,54.978,0.002,55.004,0.002,28.336,0.004,28.332,0.004,28.332,0.004,28.332,0.004,26.630,0.014,27.309,0.013,26.510,0.014,26.538,0.013,26.649,0.014,28.619,0.021,24.225,0.097,28.214,0.196
174006,14.999,0.001,55.108,0.003,55.118,0.003,54.980,0.002,55.006,0.002,28.336,0.004,28.332,0.004,28.332,0.004,28.332,0.004,26.630,0.014,27.311,0.013,26.510,0.014,26.538,0.013,26.648,0.014,28.614,0.021,24.299,0.102,28.221,0.197
175006,14.999,0.001,55.108,0.003,55.118,0.003,54.980,0.002,55.006,0.002,28.336,0.004,28.332,0.004,28.334,0.004,28.334,0.004,26.630,0.014,27.309,0.013,26.511,0.014,26.539,0.013,26.649,0.014,28.612,0.021,24.275,0.106,28.202,0.198
176006,15.000,0.001,55.106,0.003,55.118,0.003,54.978,0.002,55.004,0.002,28.336,0.004,28.332,0.004,28.332,0.004,28.332,0.004,26.630,0.014,27.309,0.013,26.511,0.014,26.539,0.013,26.649,0.014,28.608,0.021,24.379,0.112,28.198,0.199
177006,15.001,0.001,55.106,0.003,55.118,0.003,54.982,0.002,55.008,0.002,28.336,0.004,28.332,0.004,28.334,0.004,28.334,0.004,26.631,0.014,27.311,0.013,26.511,0.014,26.540,0.013,26.650,0.014,28.606,0.021,24.187,0.114,28.211,0.200
178006,15.001,0.001,55.108,0.003,55.120,0.003,54.980,0.002,55.006,0.002,28.336,0.004,28.332,0.004,28.334,0.004,28.334,0.004,26.631,0.014,27.311,0.013,26.512,0.014,26.540,0.013,26.651,0.014,28.605,0.021,24.256,0.117,28.198,0.201
179006,15.000,0.001,55.106,0.003,55.118,0.003,54.976,0.002,55.004,0.002,28.336,0.004,28.332,0.004,28.334,0.004,28.334,0.004,26.633,0.014,27.313,0.013,26.513,0.014,26.541,0.013,26.651,0.014,28.605,0.021,24.245,0.120,28.176,0.203
180006,15.000,0.001,55.104,0.003,55.120,0.003,54.978,0.002,55.006,0.002,28.336,0.004,28.332,0.004,28.332,0.004,28.334,0.004,26.632,0.014,27.311,0.013,26.512,0.014,26.541,0.013,26.651,0.014,28.605,0.021,24.302,0.123,28.129,0.205
181006,15.000,0.001,55.106,0.003,55.120,0.003,54.978,0.002,55.004,0.002,28.336,0.004,28.332,0.004,28.334,0.004,28.334,0.004,26.633,0.014,27.312,0.013,26.514,0.014,26.542,0.013,26.651,0.014,28.605,0.020,24.329,0.127,28.113,0.208
182006,15.000,0.001,55.106,0.003,55.120,0.003,54.978,0.002,55.004,0.002,28.338,0.004,28.332,0.004,28.334,0.004,28.334,0.004,26.632,0.014,27.312,0.013,26.513,0.014,26.542,0.013,26.652,0.014,28.604,0.020,24.290,0.130,28.127,0.210
183006,15.001,0.001,55.106,0.003,55.120,0.003,54.980,0.002,55.006,0.002,28.338,0.004,28.332,0.004,28.334,0.004,28.334,0.004,26.633,0.014,27.314,0.013,26.516,0.014,26.541,0.013,26.652,0.014,28.604,0.020,24.313,0.134,28.138,0.212
184006,15.000,0.001,55.106,0.003,55.118,0.003,54.980,0.002,55.006,0.002,28.338,0.004,28.332,0.004,28.334,0.004,28.334,0.004,26.634,0.014,27.313,0.013,26.515,0.014,26.542,0.013,26.652,0.014,28.603,0.020,24.427,0.140,28.142,0.214
185006,14.999,0.001,55.106,0.003,55.118,0.003,54.978,0.002,55.004,0.002,28.338,0.004,28.332,0.004,28.334,0.004,28.334,0.004,26.634,0.014,27.312,0.013,26.514,0.014,26.542,0.013,26.652,0.014,28.601,0.020,24.340,0.143,28.158,0.215
186006,14.999,0.001,55.106,0.003,55.118,0.003,54.982,0.002,55.008,0.002,28.338,0.004,28.332,0.004,28.334,0.004,28.334,0.004,26.634,0.014,27.314,0.013,26.515,0.014,26.542,0.013,26.653,0.014,28.601,0.020,24.341,0.147,28.173,0.215
187006,14.999,0.001,55.106,0.003,55.116,0.003,54.978,0.002,55.004,0.002,28.338,0.004,28.334,0.004,28.334,0.004,28.334,0.004,26.635,0.014,27.314,0.013,26.515,0.014,26.543,0.013,26.653,0.014,28.601,0.020,24.315,0.150,28.178,0.216
188006,14.999,0.001,55.106,0.003,55.118,0.003,54.982,0.002,55.008,0.002,28.338,0.004,28.332,0.004,28.334,0.004,28.334,0.004,26.636,0.014,27.315,0.013,26.516,0.014,26.544,0.013,26.654,0.014,28.600,0.020,24.230,0.151,28.168,0.216
189006,15.000,0.001,55.108,0.003,55.118,0.003,54.980,0.002,55.006,0.002,28.338,0.004,28.332,0.004,28.334,0.004,28.334,0.004,26.635,0.014,27.316,0.013,26.516,0.014,26.544,0.013,26.654,0.014,28.600,0.020,24.229,0.152,28.146,0.216
190006,15.000,0.001,55.108,0.003,55.116,0.003,54.980,0.002,55.006,0.002,28.338,0.004,28.332,0.004,28.334,0.004,28.334,0.004,26.635,0.014,27.315,0.013,26.516,0.014,26.544,0.013,26.654,0.014,28.600,0.019,24.200,0.153,28.112,0.216
191006,15.000,0.001,55.106,0.003,55.118,0.003,54.978,0.002,55.004,0.002,28.338,0.004,28.334,0.004,28.334,0.004,28.334,0.004,26.636,0.014,27.316,0.013,26.518,0.014,26.545,0.013,26.655,0.014,28.598,0.019,24.242,0.155,28.070,0.217
192006,15.001,0.001,55.106,0.003,55.116,0.003,54.980,0.002,55.006,0.002,28.338,0.004,28.332,0.004,28.336,0.004,28.336,0.004,26.636,0.014,27.315,0.013,26.517,0.014,26.545,0.013,26.655,0.014,28.596,0.019,24.235,0.156,28.055,0.218
193006,15.001,0.001,55.102,0.003,55.116,0.003,54.978,0.002,55.004,0.002,28.338,0.004,28.334,0.004,28.334,0.004,28.334,0.004,26.637,0.014,27.316,0.013,26.518,0.014,26.545,0.013,26.655,0.014,28.595,0.019,24.280,0.158,28.068,0.219
194007,15.001,0.001,55.104,0.003,55.120,0.003,54.978,0.002,55.004,0.002,28.338,0.004,28.334,0.004,28.334,0.004,28.334,0.004,26.636,0.014,27.316,0.013,26.519,0.014,26.545,0.013,26.656,0.014,28.593,0.019,24.289,0.160,28.097,0.218
195007,15.001,0.001,55.108,0.003,55.116,0.003,54.978,0.002,55.004,0.002,28.340,0.004,28.334,0.004,28.334,0.004,28.336,0.004,26.637,0.014,27.317,0.013,26.519,0.014,26.547,0.013,26.656,0.014,28.591,0.019,24.287,0.161,28.099,0.216
196007,15.001,0.001,55.104,0.003,55.116,0.003,54.982,0.002,55.008,0.002,28.338,0.004,28.334,0.004,28.336,0.004,28.336,0.004,26.638,0.014,27.317,0.013,26.519,0.014,26.546,0.013,26.657,0.014,28.591,0.019,24.320,0.164,28.082,0.215
197007,15.000,0.001,55.106,0.003,55.116,0.003,54.978,0.002,55.006,0.002,28.338,0.004,28.334,0.004,28.334,0.004,28.336,0.004,26.639,0.014,27.318,0.013,26.520,0.014,26.547,0.013,26.657,0.014,28.588,0.019,24.316,0.166,28.074,0.214
198007,15.000,0.001,55.104,0.003,55.118,0.003,54.980,0.002,55.006,0.002,28.338,0.004,28.334,0.004,28.334,0.004,28.336,0.004,26.639,0.014,27.317,0.013,26.519,0.014,26.547,0.013,26.657,0.014,28.587,0.019,24.284,0.167,28.091,0.212
199007,14.999,0.001,55.104,0.003,55.118,0.003,54.978,0.002,55.006,0.002,28.338,0.004,28.334,0.004,28.334,0.004,28.334,0.004,26.639,0.014,27.318,0.013,26.521,0.014,26.548,0.013,26.657,0.014,28.586,0.019,24.340,0.169,28.113,0.210
200007,14.999,0.001,55.104,0.003,55.116,0.003,54.978,0.002,55.004,0.002,28.338,0.004,28.334,0.004,28.336,0.004,28.336,0.004,26.639,0.014,27.319,0.013,26.521,0.014,26.548,0.013,26.659,0.014,28.584,0.019,24.440,0.172,28.117,0.207
201007,15.002,0.001,55.106,0.003,55.116,0.003,54.980,0.002,55.006,0.002,28.338,0.004,28.334,0.004,28.336,0.004,28.336,0.004,26.640,0.014,27.318,0.013,26.521,0.014,26.548,0.013,26.659,0.014,28.585,0.019,24.404,0.174,28.099,0.205
202007,15.003,0.001,55.106,0.003,55.116,0.003,54.978,0.002,55.004,0.002,28.338,0.004,28.334,0.004,28.336,0.004,28.336,0.004,26.640,0.014,27.318,0.013,26.521,0.014,26.548,0.013,26.659,0.014,28.585,0.019,24.404,0.174,28.099,0.205
203007,15.002,0.001,55.104,0.003,55.118,0.003,54.976,0.002,55.004,0.002,28.340,0.004,28.334,0.004,28.336,0.004,28.336,0.004,26.640,0.014,27.318,0.013,26.522,0.014,26.549,0.013,26.660,0.014,28.584,0.019,24.478,0.178,28.072,0.204
204007,14.999,0.001,55.106,0.003,55.116,0.003,54.978,0.002,55.004,0.002,28.340,0.004,28.336,0.004,28.336,0.004,28.336,0.004,26.640,0.014,27.319,0.013,26.522,0.014,26.549,0.013,26.659,0.014,28.582,0.019,24.309,0.178,28.084,0.202
205007,14.998,0.001,55.104,0.003,55.116,0.003,54.978,0.002,55.004,0.002,28.340,0.004,28.334,0.004,28.336,0.004,28.336,0.004,26.640,0.014,27.319,0.013,26.523,0.014,26.549,0.013,26.661,0.014,28.581,0.019,24.325,0.179,28.107,0.199
206007,14.999,0.001,55.104,0.003,55.116,0.003,54.978,0.002,55.004,0.002,28.340,0.004,28.334,0.004,28.336,0.004,28.336,0.004,26.643,0.014,27.320,0.013,26.522,0.014,26.550,0.013,26.661,0.014,28.580,0.019,24.268,0.179,28.130,0.196
207007,14.999,0.001,55.106,0.003,55.118,0.003,54.980,0.002,55.006,0.002,28.340,0.004,28.334,0.004,28.336,0.004,28.336,0.004,26.642,0.014,27.321,0.013,26.523,0.014,26.550,0.013,26.661,0.014,28.579,0.019,24.246,0.178,28.137,0.193
208007,15.000,0.001,55.106,0.003,55.120,0.003,54.978,0.002,55.006,0.002,28.340,0.004,28.334,0.004,28.336,0.004,28.336,0.004,26.643,0.014,27.321,0.013,26.523,0.014,26.550,0.013,26.661,0.014,28.577,0.019,24.160,0.177,28.136,0.190
209007,15.000,0.001,55.104,0.003,55.116,0.003,54.978,0.002,55.004,0.002,28.340,0.004,28.334,0.004,28.336,0.004,28.336,0.004,26.642,0.014,27.322,0.013,26.523,0.014,26.551,0.013,26.661,0.014,28.576,0.019,23.993,0.176,28.130,0.187
210007,15.001,0.001,55.106,0.003,55.116,0.003,54.978,0.002,55.004,0.002,28.340,0.004,28.336,0.004,28.336,0.004,28.336,0.004,26.643,0.014,27.323,0.013,26.524,0.014,26.552,0.013,26.662,0.014,28.575,0.019,24.006,0.174,28.117,0.184
211007,15.000,0.001,55.104,0.003,55.114,0.003,54.978,0.002,55.004,0.002,28.340,0.004,28.336,0.004,28.336,0.004,28.336,0.004,26.643,0.014,27.322,0.013,26.525,0.014,26.551,0.013,26.662,0.014,28.572,0.019,24.119,0.172,28.102,0.183
212007,15.000,0.001,55.104,0.003,55.116,0.003,54.978,0.002,55.004,0.002,28.340,0.004,28.336,0.004,28.336,0.004,28.336,0.004,26.644,0.014,27.323,0.013,26.525,0.014,26.552,0.013,26.662,0.014,28.569,0.020,24.146,0.171,28.095,0.182
213007,15.001,0.001,55.102,0.003,55.116,0.003,54.978,0.002,55.004,0.002,28.340,0.004,28.334,0.004,28.336,0.004,28.336,0.004,26.644,0.014,27.323,0.013,26.525,0.014,26.552,0.013,26.663,0.014,28.566,0.020,24.105,0.169,28.084,0.181
214007,15.001,0.001,55.104,0.003,55.118,0.003,54.978,0.002,55.004,0.002,28.340,0.004,28.336,0.004,28.336,0.004,28.336,0.004,26.644,0.014,27.322,0.013,26.526,0.014,26.552,0.013,26.663,0.014,28.563,0.020,24.192,0.168,28.101,0.180
215007,15.000,0.001,55.104,0.003,55.114,0.003,54.978,0.002,55.004,0.002,28.340,0.004,28.336,0.004,28.336,0.004,28.338,0.004,26.645,0.014,27.323,0.013,26.526,0.014,26.554,0.013,26.662,0.014,28.559,0.020,24.022,0.166,28.124,0.180
216007,14.999,0.001,55.102,0.003,55.118,0.003,54.976,0.002,55.004,0.002,28.340,0.004,28.336,0.004,28.336,0.004,28.336,0.004,26.646,0.014,27.323,0.013,26.527,0.014,26.554,0.013,26.664,0.014,28.555,0.021,23.963,0.165,28.146,0.179
217007,15.000,0.001,55.104,0.003,55.116,0.003,54.976,0.002,55.002,0.003,28.340,0.004,28.336,0.004,28.338,0.004,28.338,0.004,26.645,0.014,27.325,0.013,26.527,0.014,26.554,0.013,26.665,0.014,28.555,0.021,23.986,0.164,28.137,0.179
218007,15.000,0.001,55.104,0.003,55.118,0.003,54.976,0.002,55.004,0.003,28.340,0.004,28.336,0.004,28.338,0.004,28.338,0.004,26.646,0.014,27.325,0.013,26.528,0.014,26.553,0.013,26.664,0.014,28.549,0.022,24.067,0.162,28.074,0.181
219007,15.002,0.001,55.104,0.003,55.114,0.003,54.978,0.002,55.004,0.002,28.342,0.004,28.336,0.004,28.338,0.004,28.338,0.004,26.646,0.014,27.324,0.013,26.529,0.014,26.555,0.013,26.665,0.014,28.545,0.023,24.183,0.162,28.014,0.183
220007,15.002,0.001,55.104,0.003,55.116,0.003,54.976,0.002,55.002,0.003,28.340,0.004,28.336,0.004,28.338,0.004,28.338,0.004,26.646,0.014,27.326,0.013,26.528,0.014,26.555,0.013,26.665,0.014,28.540,0.023,24.202,0.162,27.963,0.187
221007,15.002,0.001,55.102,0.003,55.114,0.003,54.980,0.002,55.006,0.002,28.340,0.004,28.338,0.004,28.338,0.004,28.338,0.004,26.648,0.014,27.326,0.013,26.529,0.014,26.556,0.013,26.666,0.014,28.537,0.024,24.242,0.163,27.927,0.192
222007,15.001,0.001,55.102,0.003,55.116,0.003,54.978,0.002,55.004,0.002,28.342,0.004,28.336,0.004,28.338,0.004,28.338,0.004,26.648,0.014,27.326,0.013,26.529,0.014,26.555,0.013,26.666,0.014,28.534,0.025,24.210,0.163,27.922,0.197
223007,15.000,0.001,55.106,0.003,55.114,0.003,54.980,0.002,55.006,0.002,28.342,0.004,28.336,0.004,28.338,0.004,28.338,0.004,26.648,0.014,27.326,0.013,26.529,0.014,26.556,0.013,26.668,0.013,28.533,0.026,24.219,0.164,27.939,0.201
224007,15.002,0.001,55.104,0.003,55.114,0.003,54.976,0.002,55.002,0.003,28.342,0.004,28.336,0.004,28.338,0.004,28.338,0.004,26.649,0.014,27.327,0.013,26.529,0.014,26.556,0.013,26.667,0.013,28.531,0.026,24.249,0.164,27.953,0.204
225008,15.002,0.001,55.104,0.003,55.112,0.003,54.976,0.003,55.004,0.003,28.340,0.004,28.338,0.004,28.338,0.004,28.338,0.004,26.649,0.014,27.327,0.013,26.530,0.014,26.557,0.013,26.667,0.013,28.530,0.027,24.169,0.164,27.976,0.207
226008,14.998,0.001,55.104,0.003,55.112,0.003,54.976,0.003,55.004,0.003,28.340,0.004,28.338,0.004,28.338,0.004,28.338,0.004,26.648,0.014,27.328,0.013,26.530,0.014,26.556,0.013,26.666,0.013,28.531,0.028,24.174,0.162,27.993,0.210
227008,15.000,0.001,55.104,0.003,55.116,0.003,54.978,0.003,55.006,0.002,28.342,0.004,28.336,0.004,28.338,0.004,28.338,0.004,26.650,0.014,27.327,0.013,26.531,0.014,26.558,0.013,26.668,0.013,28.531,0.029,24.179,0.162,28.016,0.212
228008,14.999,0.001,55.104,0.003,55.116,0.003,54.974,0.003,55.002,0.003,28.342,0.004,28.338,0.004,28.338,0.004,28.338,0.004,26.650,0.014,27.329,0.013,26.531,0.014,26.557,0.013,26.668,0.013,28.530,0.029,24.130,0.161,28.018,0.213
229008,14.999,0.001,55.104,0.003,55.114,0.003,54.976,0.003,55.002,0.003,28.342,0.004,28.338,0.004,28.338,0.004,28.338,0.004,26.650,0.014,27.328,0.013,26.531,0.014,26.558,0.013,26.669,0.013,28.530,0.030,24.156,0.160,27.995,0.215
230008,15.000,0.001,55.104,0.003,55.114,0.003,54.976,0.003,55.002,0.003,28.342,0.004,28.338,0.004,28.338,0.004,28.338,0.004,26.651,0.014,27.330,0.013,26.532,0.014,26.558,0.013,26.668,0.013,28.530,0.031,24.252,0.159,27.970,0.217
231008,14.999,0.001,55.102,0.003,55.114,0.003,54.976,0.003,55.002,0.003,28.342,0.004,28.336,0.004,28.338,0.004,28.338,0.004,26.651,0.013,27.328,0.013,26.532,0.014,26.557,0.013,26.670,0.013,28.528,0.031,24.113,0.158,27.936,0.219
232008,14.999,0.001,55.102,0.003,55.114,0.003,54.978,0.003,55.004,0.003,28.342,0.004,28.336,0.004,28.338,0.004,28.338,0.004,26.651,0.013,27.328,0.013,26.532,0.014,26.559,0.013,26.670,0.013,28.526,0.032,23.896,0.158,27.908,0.222
233008,15.000,0.001,55.102,0.003,55.114,0.003,54.978,0.003,55.004,0.002,28.342,0.004,28.336,0.004,28.338,0.004,28.338,0.004,26.651,0.013,27.330,0.013,26.532,0.014,26.559,0.013,26.670,0.013,28.524,0.033,23.991,0.158,27.891,0.225
234008,15.001,0.001,55.104,0.003,55.116,0.003,54.976,0.003,55.002,0.003,28.342,0.004,28.338,0.004,28.340,0.004,28.340,0.004,26.653,0.014,27.330,0.013,26.533,0.014,26.560,0.013,26.670,0.013,28.522,0.034,24.018,0.158,27.876,0.228
235008,15.001,0.001,55.106,0.003,55.112,0.003,54.978,0.003,55.004,0.002,28.342,0.004,28.338,0.004,28.338,0.004,28.340,0.004,26.652,0.013,27.330,0.013,26.532,0.014,26.561,0.013,26.671,0.013,28.519,0.034,24.003,0.158,27.866,0.231
236008,15.000,0.001,55.102,0.003,55.112,0.003,54.978,0.003,55.004,0.002,28.342,0.004,28.338,0.004,28.338,0.004,28.338,0.004,26.653,0.013,27.331,0.013,26.533,0.014,26.560,0.013,26.671,0.013,28.517,0.035,24.083,0.157,27.862,0.233
237008,15.000,0.001,55.100,0.003,55.112,0.003,54.976,0.003,55.002,0.002,28.342,0.004,28.338,0.004,28.338,0.004,28.338,0.004,26.654,0.013,27.332,0.013,26.534,0.014,26.560,0.013,26.671,0.013,28.515,0.036,24.062,0.157,27.865,0.235
238008,15.000,0.001,55.100,0.003,55.114,0.003,54.974,0.003,55.002,0.003,28.342,0.004,28.338,0.004,28.338,0.004,28.340,0.004,26.653,0.013,27.331,0.013,26.535,0.013,26.561,0.013,26.672,0.013,28.513,0.037,24.118,0.157,27.872,0.236
239008,15.000,0.001,55.102,0.003,55.116,0.003,54.974,0.003,55.002,0.003,28.342,0.004,28.338,0.004,28.338,0.004,28.338,0.004,26.653,0.013,27.331,0.013,26.535,0.013,26.562,0.013,26.672,0.013,28.512,0.038,24.080,0.155,27.892,0.237
240008,15.000,0.001,55.106,0.003,55.112,0.003,54.974,0.003,55.002,0.003,28.342,0.004,28.338,0.004,28.338,0.004,28.338,0.004,26.655,0.013,27.332,0.013,26.535,0.013,26.562,0.013,26.672,0.013,28.510,0.038,24.041,0.154,27.903,0.236
241008,15.000,0.001,55.104,0.003,55.114,0.003,54.974,0.003,55.000,0.003,28.342,0.004,28.338,0.004,28.340,0.004,28.340,0.004,26.655,0.013,27.332,0.013,26.536,0.013,26.561,0.013,26.672,0.013,28.510,0.039,24.012,0.153,27.907,0.236
242008,15.000,0.001,55.102,0.003,55.114,0.003,54.976,0.003,55.002,0.003,28.342,0.004,28.338,0.004,28.340,0.004,28.340,0.004,26.655,0.013,27.334,0.013,26.536,0.013,26.563,0.013,26.673,0.013,28.508,0.040,24.073,0.152,27.919,0.234
243008,15.001,0.001,55.100,0.003,55.114,0.003,54.976,0.003,55.002,0.003,28.342,0.004,28.338,0.004,28.340,0.004,28.340,0.004,26.656,0.013,27.332,0.013,26.537,0.013,26.562,0.013,26.672,0.013,28.507,0.041,24.110,0.151,27.936,0.233
244008,15.000,0.001,55.104,0.003,55.114,0.003,54.976,0.003,55.002,0.003,28.342,0.004,28.338,0.004,28.340,0.004,28.340,0.004,26.656,0.013,27.334,0.013,26.536,0.013,26.563,0.013,26.674,0.013,28.506,0.041,24.122,0.150,27.957,0.231
245008,15.000,0.001,55.102,0.003,55.114,0.003,54.974,0.003,55.002,0.003,28.342,0.004,28.338,0.004,28.340,0.004,28.340,0.004,26.656,0.013,27.335,0.013,26.538,0.013,26.564,0.013,26.674,0.013,28.505,0.042,24.050,0.150,27.976,0.230
246008,15.000,0.001,55.100,0.003,55.112,0.003,54.972,0.003,55.000,0.003,28.342,0.003,28.338,0.004,28.340,0.004,28.340,0.004,26.657,0.013,27.334,0.013,26.537,0.013,26.564,0.013,26.674,0.013,28.503,0.043,24.088,0.148,27.993,0.228
247008,15.000,0.001,55.104,0.003,55.112,0.003,54.978,0.003,55.004,0.003,28.342,0.003,28.338,0.004,28.340,0.004,28.340,0.004,26.656,0.013,27.335,0.013,26.538,0.013,26.564,0.013,26.674,0.013,28.502,0.043,24.188,0.148,28.008,0.226
248008,15.000,0.001,55.102,0.003,55.114,0.003,54.976,0.003,55.002,0.003,28.344,0.004,28.340,0.004,28.340,0.004,28.340,0.004,26.656,0.013,27.335,0.013,26.539,0.013,26.566,0.013,26.675,0.013,28.502,0.044,24.215,0.147,28.028,0.225
249008,15.000,0.001,55.100,0.003,55.112,0.003,54.976,0.003,55.002,0.003,28.344,0.004,28.338,0.004,28.340,0.004,28.340,0.004,26.658,0.013,27.335,0.013,26.539,0.013,26.565,0.013,26.676,0.013,28.501,0.045,24.193,0.146,28.043,0.224
250008,15.001,0.001,55.100,0.003,55.110,0.003,54.974,0.003,55.000,0.003,28.342,0.004,28.338,0.004,28.340,0.004,28.340,0.004,26.658,0.013,27.335,0.013,26.538,0.013,26.565,0.013,26.676,0.013,28.500,0.045,24.142,0.146,28.057,0.223
251008,15.000,0.001,55.102,0.003,55.110,0.003,54.972,0.003,55.000,0.003,28.344,0.004,28.340,0.004,28.340,0.004,28.340,0.004,26.658,0.013,27.335,0.013,26.540,0.013,26.566,0.013,26.676,0.013,28.499,0.046,24.203,0.145,28.064,0.222
252008,15.000,0.001,55.102,0.003,55.112,0.003,54.974,0.003,55.000,0.003,28.344,0.004,28.338,0.003,28.340,0.004,28.340,0.004,26.657,0.013,27.336,0.013,26.540,0.013,26.566,0.013,26.676,0.013,28.500,0.046,24.127,0.144,28.071,0.221
253009,15.000,0.001,55.102,0.003,55.112,0.003,54.972,0.003,55.000,0.003,28.344,0.004,28.338,0.003,28.340,0.004,28.340,0.003,26.659,0.013,27.336,0.013,26.540,0.013,26.567,0.013,26.677,0.013,28.498,0.047,24.201,0.142,28.073,0.220
254009,15.000,0.001,55.100,0.003,55.110,0.003,54.976,0.003,55.002,0.003,28.344,0.004,28.340,0.004,28.340,0.004,28.340,0.003,26.658,0.013,27.337,0.013,26.541,0.013,26.567,0.013,26.678,0.013,28.499,0.047,24.168,0.140,28.077,0.220
255009,15.001,0.001,55.100,0.003,55.112,0.003,54.976,0.003,55.002,0.003,28.344,0.004,28.340,0.004,28.340,0.004,28.340,0.003,26.659,0.013,27.337,0.013,26.542,0.013,26.566,0.013,26.677,0.013,28.498,0.048,24.176,0.137,28.096,0.220
256009,15.001,0.001,55.102,0.003,55.112,0.003,54.974,0.003,55.000,0.003,28.344,0.004,28.340,0.004,28.340,0.004,28.340,0.003,26.660,0.013,27.337,0.013,26.541,0.013,26.567,0.013,26.678,0.013,28.496,0.048,24.200,0.136,28.118,0.220
257009,15.000,0.001,55.102,0.003,55.112,0.003,54.972,0.003,55.000,0.003,28.344,0.004,28.340,0.004,28.340,0.004,28.340,0.003,26.661,0.013,27.338,0.012,26.542,0.013,26.568,0.013,26.678,0.013,28.495,0.049,24.057,0.135,28.139,0.220
258009,15.000,0.001,55.100,0.003,55.110,0.003,54.974,0.003,55.000,0.003,28.344,0.004,28.340,0.004,28.340,0.004,28.340,0.003,26.660,0.013,27.338,0.012,26.542,0.013,26.568,0.013,26.677,0.013,28.492,0.049,24.121,0.133,28.136,0.220
259009,15.000,0.001,55.102,0.003,55.110,0.003,54.974,0.003,55.000,0.003,28.344,0.003,28.340,0.004,28.342,0.004,28.342,0.003,26.661,0.013,27.338,0.012,26.543,0.013,26.570,0.013,26.679,0.013,28.492,0.049,24.137,0.132,28.122,0.220
260009,15.000,0.001,55.098,0.003,55.112,0.003,54.976,0.003,55.002,0.003,28.344,0.003,28.340,0.004,28.342,0.004,28.342,0.003,26.661,0.013,27.339,0.012,26.543,0.013,26.569,0.013,26.679,0.013,28.491,0.050,24.053,0.131,28.100,0.219
261009,14.999,0.001,55.098,0.003,55.112,0.003,54.974,0.003,55.000,0.003,28.344,0.003,28.340,0.004,28.340,0.003,28.340,0.003,26.662,0.013,27.340,0.012,26.543,0.013,26.569,0.013,26.680,0.013,28.488,0.050,24.125,0.128,28.077,0.219
262009,15.001,0.001,55.100,0.003,55.112,0.003,54.972,0.003,54.998,0.003,28.344,0.003,28.340,0.004,28.342,0.003,28.342,0.003,26.663,0.013,27.340,0.012,26.544,0.013,26.570,0.013,26.680,0.013,28.487,0.051,24.280,0.127,28.061,0.219
263009,15.000,0.001,55.102,0.003,55.112,0.003,54.974,0.003,55.002,0.003,28.344,0.003,28.340,0.004,28.342,0.003,28.342,0.003,26.662,0.013,27.340,0.012,26.544,0.013,26.571,0.013,26.680,0.013,28.484,0.051,24.185,0.126,28.070,0.218
264009,15.000,0.001,55.098,0.003,55.112,0.003,54.972,0.003,55.000,0.003,28.344,0.003,28.340,0.004,28.342,0.004,28.342,0.003,26.663,0.013,27.340,0.012,26.544,0.013,26.570,0.013,26.681,0.013,28.482,0.051,24.161,0.126,28.088,0.217
265009,15.000,0.001,55.102,0.003,55.112,0.003,54.974,0.003,55.000,0.003,28.344,0.003,28.340,0.004,28.342,0.004,28.342,0.003,26.663,0.013,27.341,0.012,26.544,0.013,26.570,0.013,26.681,0.013,28.479,0.052,24.183,0.125,28.110,0.216
266009,15.000,0.001,55.100,0.003,55.112,0.003,54.976,0.003,55.002,0.003,28.344,0.003,28.340,0.004,28.342,0.003,28.342,0.003,26.663,0.013,27.341,0.012,26.546,0.013,26.571,0.013,26.681,0.013,28.477,0.052,24.147,0.125,28.130,0.215
267009,15.000,0.001,55.100,0.003,55.112,0.003,54.974,0.003,55.000,0.003,28.344,0.003,28.340,0.003,28.342,0.003,28.342,0.003,26.665,0.013,27.341,0.012,26.545,0.013,26.570,0.013,26.682,0.013,28.476,0.052,24.089,0.122,28.136,0.213
268009,15.000,0.001,55.100,0.003,55.110,0.003,54.972,0.003,55.000,0.003,28.344,0.003,28.340,0.003,28.342,0.003,28.342,0.003,26.664,0.013,27.341,0.012,26.546,0.013,26.572,0.013,26.683,0.013,28.475,0.053,24.152,0.120,28.126,0.211
269009,15.000,0.001,55.100,0.003,55.110,0.003,54.972,0.003,54.998,0.003,28.346,0.003,28.340,0.003,28.342,0.003,28.342,0.003,26.665,0.013,27.341,0.012,26.547,0.013,26.572,0.013,26.682,0.013,28.474,0.053,24.156,0.120,28.115,0.209
270009,15.000,0.001,55.098,0.003,55.112,0.003,54.974,0.003,55.000,0.003,28.344,0.003,28.342,0.003,28.342,0.003,28.342,0.003,26.665,0.013,27.343,0.012,26.547,0.013,26.572,0.013,26.683,0.013,28.473,0.053,24.151,0.119,28.105,0.206
271009,15.000,0.001,55.098,0.003,55.110,0.003,54.974,0.003,55.000,0.003,28.344,0.003,28.342,0.003,28.342,0.003,28.342,0.003,26.666,0.013,27.342,0.012,26.547,0.013,26.573,0.013,26.683,0.013,28.473,0.053,24.162,0.119,28.101,0.202
272009,15.000,0.001,55.102,0.003,55.110,0.003,54.972,0.003,54.998,0.003,28.346,0.003,28.340,0.003,28.342,0.003,28.342,0.003,26.666,0.013,27.343,0.012,26.547,0.013,26.572,0.012,26.683,0.013,28.472,0.053,24.112,0.118,28.094,0.196
273009,15.000,0.001,55.098,0.003,55.110,0.003,54.974,0.003,55.000,0.003,28.344,0.003,28.342,0.003,28.342,0.003,28.342,0.003,26.666,0.013,27.342,0.012,26.548,0.013,26.573,0.012,26.684,0.013,28.473,0.054,24.136,0.118,28.081,0.189
274009,15.000,0.001,55.098,0.003,55.112,0.003,54.972,0.003,54.998,0.003,28.346,0.003,28.340,0.003,28.342,0.003,28.342,0.003,26.666,0.013,27.342,0.012,26.548,0.013,26.573,0.012,26.684,0.013,28.473,0.054,24.136,0.118,28.081,0.189
275009,15.000,0.001,55.100,0.003,55.112,0.003,54.972,0.003,54.998,0.003,28.344,0.003,28.342,0.003,28.342,0.003,28.342,0.003,26.667,0.013,27.344,0.012,26.548,0.013,26.573,0.012,26.684,0.013,28.473,0.054,24.042,0.118,28.075,0.181
276009,15.000,0.001,55.096,0.003,55.108,0.003,54.972,0.003,54.998,0.003,28.344,0.003,28.340,0.003,28.342,0.003,28.342,0.003,26.667,0.013,27.344,0.012,26.548,0.013,26.573,0.012,26.684,0.013,28.472,0.054,24.095,0.117,28.062,0.172
277009,15.000,0.001,55.100,0.003,55.110,0.003,54.974,0.003,55.000,0.003,28.346,0.003,28.340,0.003,28.342,0.003,28.342,0.003,26.668,0.013,27.346,0.012,26.549,0.013,26.573,0.012,26.685,0.013,28.473,0.054,24.084,0.117,28.054,0.165
278009,15.000,0.001,55.098,0.003,55.112,0.003,54.974,0.003,55.000,0.003,28.346,0.003,28.342,0.003,28.344,0.003,28.344,0.003,26.667,0.013,27.346,0.012,26.549,0.013,26.574,0.012,26.685,0.013,28.473,0.054,24.114,0.117,28.046,0.159
279009,15.001,0.001,55.096,0.003,55.108,0.003,54.974,0.003,55.000,0.003,28.346,0.003,28.340,0.003,28.342,0.003,28.342,0.003,26.667,0.013,27.345,0.012,26.550,0.013,26.574,0.012,26.685,0.012,28.472,0.053,24.137,0.116,28.047,0.154
280009,15.000,0.001,55.102,0.003,55.110,0.003,54.972,0.003,54.998,0.003,28.344,0.003,28.342,0.003,28.342,0.003,28.342,0.003,26.668,0.013,27.346,0.012,26.550,0.013,26.575,0.012,26.684,0.012,28.473,0.053,24.227,0.114,28.048,0.149
281009,15.000,0.001,55.096,0.003,55.112,0.003,54.972,0.003,54.998,0.003,28.346,0.003,28.342,0.003,28.342,0.003,28.342,0.003,26.668,0.013,27.344,0.012,26.549,0.013,26.576,0.012,26.686,0.012,28.472,0.053,24.079,0.111,28.047,0.147
282009,14.999,0.001,55.100,0.003,55.110,0.003,54.970,0.003,54.998,0.003,28.346,0.003,28.342,0.003,28.342,0.003,28.342,0.003,26.669,0.013,27.346,0.012,26.551,0.013,26.575,0.012,26.686,0.012,28.474,0.053,24.055,0.111,28.055,0.146
283010,15.000,0.001,55.100,0.003,55.108,0.003,54.972,0.003,54.998,0.003,28.346,0.003,28.342,0.003,28.342,0.003,28.342,0.003,26.670,0.013,27.345,0.012,26.551,0.013,26.576,0.012,26.686,0.012,28.474,0.053,24.046,0.112,28.076,0.145
284010,15.000,0.001,55.096,0.003,55.112,0.003,54.972,0.003,54.998,0.003,28.346,0.003,28.342,0.003,28.342,0.003,28.342,0.003,26.670,0.013,27.347,0.012,26.551,0.013,26.576,0.012,26.687,0.012,28.476,0.052,24.239,0.111,28.105,0.145
285010,15.000,0.001,55.098,0.003,55.108,0.003,54.970,0.003,54.996,0.003,28.346,0.003,28.342,0.003,28.342,0.003,28.344,0.003,26.670,0.013,27.347,0.012,26.551,0.013,26.577,0.012,26.688,0.012,28.478,0.052,24.241,0.110,28.137,0.145
286010,15.001,0.001,55.098,0.003,55.112,0.003,54.972,0.003,54.998,0.003,28.346,0.003,28.342,0.003,28.344,0.003,28.344,0.003,26.670,0.013,27.348,0.012,26.552,0.013,26.578,0.012,26.687,0.012,28.477,0.052,24.215,0.110,28.161,0.145
287010,15.001,0.001,55.096,0.003,55.110,0.003,54.968,0.003,54.996,0.003,28.346,0.003,28.342,0.003,28.342,0.003,28.344,0.003,26.671,0.013,27.347,0.012,26.552,0.013,26.578,0.012,26.688,0.012,28.477,0.051,24.309,0.110,28.184,0.144
288010,15.002,0.001,55.098,0.003,55.110,0.003,54.972,0.003,54.998,0.003,28.346,0.003,28.342,0.003,28.344,0.003,28.344,0.003,26.670,0.013,27.348,0.012,26.552,0.013,26.578,0.012,26.689,0.012,28.478,0.051,24.238,0.109,28.196,0.143
289010,15.001,0.001,55.098,0.003,55.108,0.003,54.972,0.003,54.998,0.003,28.346,0.003,28.342,0.003,28.344,0.003,28.344,0.003,26.671,0.013,27.348,0.012,26.554,0.013,26.579,0.012,26.688,0.012,28.477,0.051,24.161,0.109,28.208,0.142
290010,15.000,0.001,55.098,0.003,55.110,0.003,54.972,0.003,54.998,0.003,28.348,0.003,28.342,0.003,28.344,0.003,28.344,0.003,26.671,0.013,27.349,0.012,26.553,0.013,26.578,0.012,26.688,0.012,28.476,0.050,24.208,0.109,28.212,0.142
291010,14.999,0.001,55.098,0.003,55.110,0.003,54.972,0.003,54.998,0.003,28.346,0.003,28.342,0.003,28.344,0.003,28.344,0.003,26.673,0.013,27.349,0.012,26.554,0.013,26.579,0.012,26.689,0.012,28.476,0.050,24.080,0.109,28.206,0.143
292010,14.999,0.001,55.098,0.003,55.108,0.003,54.972,0.003,54.998,0.003,28.346,0.003,28.342,0.003,28.344,0.003,28.344,0.003,26.673,0.013,27.350,0.012,26.555,0.013,26.579,0.012,26.690,0.012,28.475,0.050,24.035,0.110,28.181,0.143
293010,15.000,0.001,55.096,0.003,55.110,0.003,54.972,0.003,54.998,0.003,28.346,0.003,28.342,0.003,28.344,0.003,28.344,0.003,26.673,0.013,27.349,0.012,26.555,0.013,26.580,0.012,26.690,0.012,28.475,0.049,24.163,0.110,28.165,0.142
294010,15.000,0.001,55.096,0.003,55.108,0.003,54.970,0.003,54.996,0.003,28.348,0.003,28.342,0.003,28.344,0.003,28.344,0.003,26.673,0.013,27.350,0.012,26.554,0.013,26.579,0.012,26.690,0.012,28.474,0.049,24.024,0.109,28.150,0.141
295010,15.000,0.001,55.096,0.003,55.108,0.003,54.970,0.003,54.996,0.003,28.346,0.003,28.342,0.003,28.344,0.003,28.344,0.003,26.672,0.013,27.350,0.012,26.556,0.013,26.580,0.012,26.690,0.012,28.474,0.049,24.066,0.109,28.138,0.140
296010,15.000,0.001,55.096,0.003,55.108,0.003,54.970,0.003,54.996,0.003,28.348,0.003,28.344,0.003,28.344,0.003,28.344,0.003,26.674,0.013,27.351,0.012,26.555,0.013,26.580,0.012,26.691,0.012,28.474,0.048,24.095,0.109,28.123,0.139
297010,15.001,0.001,55.098,0.003,55.110,0.003,54.970,0.003,54.996,0.003,28.346,0.003,28.342,0.003,28.344,0.003,28.344,0.003,26.674,0.013,27.351,0.012,26.556,0.013,26.580,0.012,26.691,0.012,28.472,0.048,24.070,0.109,28.111,0.138
298010,15.000,0.001,55.098,0.003,55.110,0.003,54.970,0.003,54.998,0.003,28.348,0.003,28.342,0.003,28.344,0.003,28.344,0.003,26.675,0.013,27.351,0.012,26.556,0.013,26.581,0.012,26.691,0.012,28.474,0.048,24.040,0.108,28.101,0.136
299010,15.000,0.001,55.096,0.003,55.110,0.003,54.970,0.003,54.998,0.003,28.346,0.003,28.344,0.003,28.344,0.003,28.344,0.003,26.674,0.013,27.352,0.012,26.558,0.013,26.581,0.012,26.692,0.012,28.472,0.047,24.073,0.108,28.091,0.135
300010,15.000,0.001,55.096,0.003,55.110,0.003,54.970,0.003,54.998,0.003,28.346,0.003,28.344,0.003,28.344,0.003,28.344,0.003,26.676,0.013,27.352,0.012,26.557,0.013,26.581,0.012,26.692,0.012,28.471,0.047,24.154,0.108,28.084,0.134
