MS Elapsed,Bolo T,stddev,BB HBB Top,stddev,BB HBB Bottom,stddev,BB HBB Apex,stddev,BB HBB Avg,stddev,BB ABB Top,stddev,BB ABB Bottom,stddev,BB ABB Apex,stddev,BB ABB Avg,stddev,T Ch0,stddev,T Ch1,stddev,T Ch2,stddev,T Ch3,stddev,T Ch4,stddev,T Ch5,stddev,T Ch6,stddev,RH% Ch7,stddev
0,15.000,0.001,55.104,0.002,55.120,0.002,54.978,0.002,55.004,0.001,28.220,0.006,28.214,0.006,28.214,0.006,28.216,0.006,26.220,0.020,26.956,0.018,26.094,0.020,26.139,0.020,26.242,0.019,28.771,0.008,24.039,0.091,27.005,0.687
1000,15.002,0.001,55.104,0.002,55.120,0.002,54.976,0.002,55.002,0.001,28.220,0.006,28.214,0.006,28.216,0.006,28.216,0.006,26.220,0.020,26.957,0.018,26.095,0.020,26.139,0.020,26.244,0.019,28.768,0.008,23.996,0.094,27.035,0.683
2000,15.000,0.001,55.106,0.002,55.118,0.002,54.976,0.002,55.004,0.001,28.220,0.006,28.214,0.006,28.214,0.006,28.216,0.006,26.220,0.020,26.957,0.018,26.096,0.020,26.140,0.020,26.244,0.019,28.768,0.008,24.048,0.098,27.061,0.679
3000,15.002,0.001,55.106,0.002,55.118,0.002,54.974,0.002,55.002,0.001,28.220,0.006,28.216,0.006,28.214,0.006,28.216,0.006,26.221,0.020,26.958,0.018,26.096,0.020,26.140,0.020,26.244,0.019,28.766,0.009,23.931,0.099,27.083,0.675
4000,15.000,0.001,55.106,0.002,55.118,0.002,54.972,0.002,55.000,0.001,28.220,0.006,28.214,0.006,28.216,0.006,28.216,0.006,26.222,0.020,26.958,0.018,26.098,0.020,26.141,0.020,26.245,0.019,28.765,0.009,23.896,0.100,27.103,0.670
5000,14.997,0.001,55.104,0.002,55.118,0.002,54.974,0.002,55.002,0.001,28.220,0.006,28.216,0.006,28.216,0.006,28.216,0.006,26.222,0.020,26.958,0.018,26.098,0.020,26.141,0.020,26.245,0.019,28.765,0.009,23.896,0.100,27.103,0.670
6000,14.999,0.001,55.106,0.002,55.118,0.002,54.976,0.002,55.004,0.001,28.222,0.006,28.216,0.006,28.216,0.006,28.216,0.006,26.223,0.020,26.959,0.018,26.098,0.020,26.142,0.020,26.246,0.019,28.766,0.009,23.875,0.101,27.128,0.666
7000,14.999,0.001,55.104,0.002,55.118,0.002,54.978,0.002,55.004,0.001,28.220,0.006,28.216,0.007,28.216,0.006,28.216,0.006,26.224,0.020,26.960,0.018,26.099,0.020,26.142,0.020,26.247,0.019,28.765,0.009,23.858,0.101,27.138,0.661
8000,15.000,0.001,55.106,0.002,55.118,0.001,54.976,0.002,55.004,0.001,28.222,0.006,28.216,0.007,28.214,0.006,28.216,0.006,26.224,0.020,26.960,0.018,26.099,0.020,26.143,0.020,26.247,0.019,28.766,0.009,23.819,0.102,27.163,0.657
9000,15.001,0.001,55.100,0.002,55.120,0.001,54.974,0.002,55.002,0.001,28.220,0.006,28.216,0.007,28.216,0.006,28.216,0.006,26.224,0.020,26.960,0.018,26.100,0.020,26.143,0.020,26.248,0.019,28.767,0.009,23.872,0.102,27.176,0.653
10000,15.000,0.001,55.106,0.002,55.116,0.001,54.976,0.002,55.004,0.001,28.222,0.006,28.216,0.007,28.216,0.006,28.216,0.006,26.225,0.020,26.961,0.018,26.100,0.020,26.144,0.020,26.248,0.019,28.766,0.009,23.876,0.103,27.162,0.649
11000,15.000,0.001,55.102,0.001,55.118,0.001,54.974,0.002,55.002,0.001,28.222,0.006,28.216,0.007,28.216,0.006,28.218,0.006,26.226,0.020,26.961,0.018,26.101,0.020,26.144,0.020,26.248,0.019,28.768,0.009,23.774,0.103,27.142,0.645
12000,15.000,0.001,55.104,0.001,55.118,0.001,54.976,0.002,55.004,0.001,28.222,0.006,28.216,0.007,28.216,0.006,28.216,0.006,26.226,0.020,26.962,0.018,26.101,0.020,26.144,0.019,26.250,0.019,28.767,0.009,23.788,0.103,27.143,0.639
13000,15.000,0.001,55.102,0.001,55.116,0.001,54.974,0.002,55.000,0.001,28.222,0.006,28.216,0.006,28.216,0.006,28.218,0.006,26.227,0.020,26.963,0.018,26.102,0.020,26.146,0.019,26.250,0.019,28.767,0.009,23.841,0.103,27.167,0.633
14000,15.000,0.001,55.106,0.001,55.116,0.001,54.974,0.002,55.000,0.001,28.222,0.006,28.216,0.006,28.216,0.006,28.218,0.006,26.227,0.020,26.962,0.018,26.103,0.020,26.145,0.019,26.250,0.019,28.765,0.009,23.835,0.103,27.196,0.626
15000,15.000,0.001,55.104,0.001,55.118,0.001,54.976,0.002,55.004,0.001,28.222,0.006,28.216,0.006,28.218,0.006,28.218,0.006,26.228,0.020,26.963,0.018,26.103,0.020,26.146,0.019,26.251,0.019,28.764,0.009,23.826,0.103,27.204,0.617
16000,15.002,0.001,55.108,0.002,55.116,0.001,54.978,0.002,55.004,0.001,28.222,0.006,28.218,0.006,28.218,0.006,28.218,0.006,26.228,0.020,26.964,0.018,26.104,0.020,26.146,0.019,26.251,0.019,28.765,0.009,23.786,0.103,27.206,0.606
17000,15.000,0.001,55.106,0.002,55.118,0.001,54.976,0.002,55.004,0.001,28.222,0.006,28.216,0.006,28.218,0.006,28.218,0.006,26.229,0.020,26.963,0.018,26.104,0.020,26.147,0.019,26.252,0.019,28.764,0.010,23.844,0.101,27.213,0.595
18000,15.000,0.001,55.106,0.002,55.116,0.001,54.974,0.002,55.002,0.001,28.224,0.006,28.218,0.006,28.218,0.006,28.218,0.006,26.230,0.020,26.964,0.018,26.105,0.020,26.148,0.019,26.252,0.019,28.761,0.010,23.813,0.101,27.231,0.583
19000,15.000,0.001,55.106,0.002,55.120,0.001,54.976,0.002,55.002,0.001,28.222,0.006,28.218,0.006,28.218,0.006,28.218,0.006,26.230,0.020,26.965,0.018,26.105,0.020,26.149,0.019,26.253,0.019,28.759,0.010,23.790,0.101,27.245,0.569
20000,15.000,0.001,55.104,0.001,55.116,0.001,54.978,0.002,55.004,0.001,28.224,0.006,28.218,0.006,28.218,0.006,28.218,0.006,26.231,0.020,26.966,0.017,26.105,0.020,26.149,0.019,26.254,0.019,28.758,0.010,23.795,0.100,27.266,0.555
21000,15.000,0.001,55.102,0.001,55.118,0.001,54.972,0.002,55.000,0.001,28.222,0.006,28.218,0.006,28.218,0.006,28.218,0.006,26.231,0.020,26.967,0.017,26.106,0.020,26.149,0.019,26.255,0.019,28.758,0.010,23.810,0.100,27.279,0.540
22000,15.000,0.001,55.104,0.001,55.118,0.001,54.974,0.002,55.000,0.001,28.224,0.006,28.218,0.006,28.218,0.006,28.218,0.006,26.233,0.020,26.967,0.017,26.106,0.020,26.150,0.019,26.254,0.019,28.755,0.011,23.819,0.100,27.294,0.526
23001,14.999,0.001,55.108,0.002,55.118,0.001,54.978,0.002,55.004,0.001,28.224,0.006,28.218,0.006,28.218,0.006,28.218,0.006,26.232,0.020,26.967,0.017,26.106,0.020,26.151,0.019,26.255,0.019,28.755,0.011,23.844,0.101,27.300,0.513
24001,15.001,0.001,55.106,0.002,55.118,0.001,54.976,0.002,55.002,0.001,28.224,0.006,28.218,0.006,28.218,0.006,28.218,0.006,26.233,0.020,26.967,0.017,26.108,0.020,26.150,0.019,26.256,0.019,28.753,0.011,23.806,0.101,27.306,0.499
25001,15.001,0.001,55.104,0.002,55.118,0.001,54.976,0.002,55.002,0.001,28.224,0.006,28.218,0.006,28.218,0.006,28.218,0.006,26.234,0.020,26.969,0.017,26.109,0.020,26.152,0.019,26.256,0.019,28.752,0.011,23.849,0.101,27.282,0.484
26001,15.000,0.001,55.104,0.002,55.118,0.001,54.976,0.002,55.002,0.001,28.226,0.006,28.220,0.006,28.218,0.006,28.220,0.006,26.234,0.020,26.970,0.017,26.109,0.020,26.153,0.019,26.257,0.019,28.750,0.012,23.666,0.101,27.256,0.469
27001,15.000,0.001,55.106,0.001,55.118,0.001,54.976,0.002,55.002,0.001,28.224,0.006,28.218,0.006,28.220,0.006,28.220,0.006,26.234,0.020,26.969,0.017,26.109,0.020,26.153,0.019,26.257,0.019,28.749,0.012,23.607,0.102,27.230,0.452
28001,15.002,0.001,55.106,0.001,55.118,0.001,54.972,0.002,55.000,0.001,28.226,0.006,28.218,0.006,28.220,0.006,28.220,0.006,26.236,0.020,26.970,0.017,26.110,0.020,26.153,0.019,26.258,0.019,28.746,0.012,23.625,0.103,27.219,0.435
29001,15.001,0.001,55.106,0.001,55.116,0.001,54.974,0.002,55.002,0.001,28.226,0.006,28.220,0.006,28.220,0.006,28.220,0.006,26.236,0.020,26.970,0.017,26.111,0.020,26.153,0.019,26.259,0.019,28.746,0.013,23.636,0.103,27.208,0.416
30001,14.999,0.001,55.106,0.001,55.116,0.001,54.974,0.002,55.002,0.001,28.226,0.006,28.220,0.006,28.220,0.006,28.220,0.006,26.236,0.020,26.971,0.017,26.112,0.020,26.154,0.019,26.260,0.019,28.744,0.013,23.634,0.104,27.202,0.396
31001,14.999,0.001,55.106,0.001,55.116,0.001,54.980,0.002,55.006,0.001,28.226,0.006,28.220,0.006,28.220,0.006,28.220,0.006,26.237,0.020,26.971,0.017,26.111,0.020,26.155,0.019,26.260,0.019,28.742,0.013,23.583,0.104,27.189,0.375
32001,15.000,0.001,55.104,0.001,55.118,0.001,54.976,0.002,55.002,0.001,28.226,0.006,28.220,0.006,28.220,0.006,28.220,0.006,26.237,0.020,26.972,0.017,26.112,0.020,26.155,0.019,26.261,0.019,28.741,0.014,23.653,0.105,27.178,0.354
33001,15.000,0.001,55.106,0.001,55.116,0.001,54.976,0.002,55.004,0.001,28.226,0.006,28.220,0.006,28.220,0.006,28.220,0.006,26.238,0.020,26.972,0.017,26.113,0.020,26.156,0.019,26.261,0.019,28.738,0.014,23.758,0.105,27.166,0.335
34001,15.000,0.001,55.104,0.001,55.116,0.001,54.976,0.002,55.002,0.001,28.226,0.006,28.220,0.006,28.220,0.006,28.222,0.006,26.238,0.020,26.971,0.017,26.115,0.020,26.157,0.019,26.261,0.019,28.737,0.015,23.614,0.105,27.146,0.316
35001,15.000,0.001,55.106,0.001,55.118,0.001,54.978,0.002,55.004,0.001,28.226,0.006,28.220,0.006,28.220,0.006,28.220,0.006,26.239,0.020,26.973,0.017,26.115,0.020,26.157,0.019,26.260,0.019,28.734,0.015,23.616,0.105,27.131,0.298
36001,15.000,0.001,55.106,0.001,55.118,0.001,54.976,0.002,55.004,0.001,28.226,0.006,28.220,0.006,28.220,0.006,28.222,0.006,26.240,0.020,26.974,0.017,26.115,0.020,26.158,0.019,26.262,0.019,28.732,0.016,23.647,0.105,27.128,0.280
37001,15.000,0.001,55.102,0.001,55.116,0.001,54.978,0.002,55.004,0.001,28.226,0.006,28.220,0.006,28.222,0.006,28.222,0.006,26.241,0.020,26.974,0.017,26.115,0.020,26.157,0.019,26.262,0.019,28.730,0.016,23.613,0.104,27.127,0.264
38001,15.000,0.001,55.104,0.001,55.116,0.001,54.978,0.002,55.004,0.001,28.226,0.006,28.222,0.006,28.222,0.006,28.222,0.006,26.240,0.020,26.974,0.017,26.116,0.020,26.159,0.019,26.263,0.019,28.728,0.017,23.737,0.103,27.129,0.251
39001,15.002,0.001,55.104,0.001,55.116,0.001,54.974,0.002,55.000,0.001,28.226,0.006,28.222,0.006,28.222,0.006,28.222,0.006,26.242,0.020,26.974,0.017,26.117,0.020,26.159,0.019,26.263,0.019,28.726,0.017,23.824,0.103,27.112,0.239
40001,15.002,0.001,55.104,0.001,55.118,0.001,54.976,0.002,55.002,0.001,28.228,0.006,28.222,0.006,28.222,0.006,28.222,0.006,26.242,0.020,26.975,0.017,26.117,0.020,26.160,0.019,26.264,0.019,28.723,0.018,23.694,0.103,27.098,0.230
41001,15.000,0.001,55.104,0.001,55.116,0.001,54.974,0.002,55.002,0.001,28.228,0.006,28.222,0.006,28.220,0.006,28.222,0.006,26.243,0.020,26.975,0.017,26.118,0.020,26.160,0.019,26.265,0.019,28.720,0.018,23.662,0.103,27.053,0.222
42001,15.000,0.001,55.106,0.001,55.118,0.001,54.976,0.002,55.002,0.001,28.228,0.006,28.222,0.006,28.222,0.006,28.222,0.006,26.243,0.020,26.977,0.017,26.118,0.020,26.161,0.019,26.265,0.019,28.717,0.019,23.705,0.102,27.023,0.216
43001,15.000,0.001,55.104,0.001,55.120,0.001,54.976,0.002,55.004,0.001,28.228,0.006,28.222,0.006,28.222,0.006,28.222,0.006,26.245,0.020,26.977,0.017,26.119,0.020,26.162,0.019,26.265,0.019,28.714,0.019,23.660,0.101,27.018,0.212
44001,15.000,0.001,55.104,0.001,55.116,0.001,54.976,0.002,55.002,0.001,28.228,0.006,28.222,0.006,28.222,0.006,28.222,0.006,26.244,0.020,26.976,0.017,26.120,0.020,26.163,0.019,26.266,0.019,28.711,0.020,23.688,0.101,27.026,0.208
45001,14.999,0.001,55.106,0.001,55.118,0.001,54.976,0.002,55.004,0.001,28.226,0.006,28.222,0.006,28.222,0.006,28.224,0.006,26.245,0.020,26.978,0.017,26.119,0.020,26.163,0.019,26.267,0.019,28.708,0.021,23.693,0.101,27.020,0.207
46001,15.000,0.001,55.104,0.001,55.118,0.001,54.974,0.002,55.002,0.001,28.228,0.006,28.222,0.006,28.222,0.006,28.224,0.006,26.245,0.020,26.978,0.017,26.120,0.020,26.164,0.019,26.267,0.019,28.706,0.022,23.704,0.101,27.016,0.207
47001,14.999,0.001,55.104,0.001,55.116,0.001,54.976,0.002,55.004,0.001,28.228,0.006,28.222,0.006,28.222,0.006,28.222,0.006,26.245,0.020,26.978,0.017,26.121,0.020,26.163,0.019,26.268,0.019,28.703,0.022,23.659,0.101,27.039,0.207
48001,15.000,0.001,55.106,0.001,55.118,0.001,54.978,0.002,55.004,0.001,28.228,0.006,28.222,0.006,28.222,0.006,28.224,0.006,26.247,0.020,26.980,0.017,26.121,0.020,26.165,0.019,26.269,0.019,28.702,0.023,23.778,0.101,27.082,0.207
49001,15.000,0.001,55.100,0.001,55.118,0.001,54.976,0.002,55.002,0.001,28.228,0.006,28.222,0.006,28.224,0.006,28.224,0.006,26.247,0.020,26.980,0.017,26.122,0.020,26.165,0.019,26.269,0.019,28.699,0.024,23.552,0.103,27.127,0.207
50001,15.001,0.001,55.104,0.001,55.118,0.001,54.974,0.002,55.002,0.001,28.228,0.006,28.224,0.006,28.224,0.006,28.224,0.006,26.247,0.020,26.980,0.017,26.123,0.020,26.166,0.019,26.270,0.019,28.697,0.025,23.635,0.103,27.175,0.207
51001,15.000,0.001,55.104,0.001,55.120,0.001,54.978,0.002,55.004,0.001,28.228,0.006,28.224,0.006,28.224,0.006,28.224,0.006,26.249,0.020,26.980,0.017,26.123,0.020,26.166,0.019,26.270,0.019,28.695,0.026,23.889,0.104,27.230,0.208
52001,15.000,0.001,55.106,0.001,55.118,0.001,54.974,0.002,55.002,0.001,28.228,0.006,28.224,0.006,28.224,0.006,28.224,0.006,26.248,0.020,26.982,0.017,26.124,0.020,26.166,0.019,26.270,0.019,28.692,0.026,23.659,0.104,27.274,0.209
53002,15.002,0.001,55.106,0.001,55.114,0.001,54.976,0.002,55.002,0.001,28.228,0.006,28.224,0.006,28.224,0.006,28.224,0.006,26.249,0.020,26.981,0.017,26.124,0.020,26.167,0.019,26.271,0.019,28.690,0.027,23.652,0.104,27.310,0.211
54002,15.000,0.001,55.104,0.001,55.116,0.001,54.976,0.002,55.004,0.001,28.230,0.006,28.224,0.006,28.224,0.006,28.224,0.006,26.250,0.020,26.981,0.017,26.126,0.020,26.167,0.019,26.271,0.019,28.689,0.028,23.805,0.104,27.334,0.213
55002,15.004,0.001,55.104,0.001,55.116,0.001,54.978,0.002,55.004,0.001,28.228,0.006,28.224,0.006,28.224,0.006,28.224,0.006,26.251,0.020,26.982,0.017,26.126,0.020,26.168,0.019,26.272,0.019,28.688,0.029,23.964,0.106,27.350,0.215
56002,15.006,0.001,55.104,0.001,55.116,0.001,54.976,0.002,55.004,0.001,28.230,0.006,28.224,0.006,28.224,0.006,28.224,0.006,26.251,0.020,26.983,0.017,26.126,0.020,26.168,0.019,26.272,0.019,28.687,0.030,23.768,0.105,27.360,0.218
57002,14.997,0.001,55.106,0.001,55.118,0.001,54.978,0.002,55.004,0.001,28.228,0.006,28.224,0.006,28.224,0.006,28.226,0.006,26.252,0.020,26.981,0.017,26.126,0.020,26.169,0.019,26.274,0.019,28.687,0.030,23.547,0.106,27.361,0.220
58002,14.996,0.001,55.106,0.001,55.116,0.001,54.976,0.002,55.002,0.001,28.230,0.006,28.224,0.006,28.224,0.006,28.226,0.006,26.251,0.020,26.983,0.017,26.127,0.020,26.169,0.019,26.273,0.019,28.685,0.031,23.589,0.107,27.385,0.223
59002,14.997,0.001,55.104,0.001,55.118,0.001,54.978,0.002,55.004,0.001,28.230,0.006,28.224,0.006,28.224,0.006,28.224,0.006,26.252,0.020,26.985,0.017,26.128,0.020,26.170,0.019,26.274,0.019,28.685,0.032,23.548,0.108,27.410,0.227
60002,14.999,0.001,55.104,0.001,55.118,0.001,54.974,0.002,55.002,0.001,28.230,0.006,28.224,0.006,28.224,0.006,28.226,0.006,26.254,0.020,26.985,0.017,26.128,0.020,26.170,0.019,26.274,0.019,28.684,0.032,23.533,0.109,27.408,0.230
61002,15.000,0.001,55.106,0.001,55.118,0.001,54.976,0.002,55.002,0.001,28.230,0.006,28.224,0.006,28.224,0.006,28.224,0.006,26.253,0.020,26.985,0.017,26.128,0.020,26.171,0.019,26.275,0.019,28.684,0.033,23.419,0.113,27.413,0.234
62002,15.001,0.001,55.104,0.001,55.118,0.001,54.976,0.002,55.002,0.001,28.230,0.006,28.224,0.006,28.226,0.006,28.226,0.006,26.254,0.020,26.985,0.017,26.129,0.020,26.171,0.019,26.276,0.019,28.683,0.033,23.649,0.113,27.423,0.237
63002,15.002,0.001,55.106,0.001,55.114,0.001,54.976,0.002,55.002,0.001,28.230,0.006,28.224,0.006,28.224,0.006,28.226,0.006,26.254,0.020,26.985,0.017,26.131,0.020,26.172,0.019,26.276,0.019,28.681,0.034,23.638,0.113,27.449,0.241
64002,15.001,0.001,55.104,0.001,55.118,0.001,54.974,0.002,55.002,0.001,28.230,0.006,28.224,0.006,28.226,0.006,28.226,0.006,26.256,0.020,26.985,0.017,26.131,0.020,26.172,0.019,26.276,0.019,28.681,0.035,23.525,0.115,27.458,0.246
65002,15.001,0.001,55.102,0.001,55.116,0.001,54.978,0.002,55.004,0.001,28.232,0.006,28.226,0.006,28.226,0.006,28.226,0.006,26.256,0.020,26.986,0.017,26.131,0.020,26.173,0.019,26.277,0.019,28.682,0.035,23.424,0.118,27.462,0.250
66002,15.001,0.001,55.102,0.001,55.116,0.001,54.974,0.002,55.002,0.001,28.230,0.006,28.226,0.006,28.226,0.006,28.226,0.006,26.256,0.020,26.986,0.017,26.132,0.020,26.173,0.019,26.279,0.019,28.680,0.036,23.612,0.119,27.448,0.253
67002,15.005,0.001,55.104,0.001,55.116,0.001,54.976,0.002,55.002,0.001,28.230,0.006,28.226,0.006,28.226,0.006,28.226,0.006,26.257,0.020,26.987,0.017,26.132,0.020,26.173,0.019,26.278,0.019,28.680,0.036,23.792,0.119,27.428,0.256
68002,14.999,0.001,55.102,0.001,55.116,0.001,54.974,0.002,55.000,0.001,28.232,0.006,28.226,0.006,28.226,0.006,28.226,0.006,26.258,0.020,26.987,0.017,26.132,0.020,26.174,0.019,26.278,0.019,28.681,0.036,23.721,0.119,27.425,0.259
69002,14.996,0.001,55.102,0.002,55.116,0.001,54.978,0.002,55.004,0.001,28.232,0.006,28.226,0.006,28.228,0.006,28.228,0.006,26.258,0.020,26.988,0.017,26.133,0.020,26.175,0.019,26.280,0.019,28.682,0.037,23.654,0.119,27.422,0.261
70002,14.998,0.001,55.104,0.001,55.116,0.001,54.976,0.002,55.002,0.001,28.232,0.006,28.226,0.006,28.226,0.006,28.226,0.006,26.258,0.019,26.988,0.017,26.134,0.020,26.175,0.019,26.280,0.019,28.683,0.037,23.773,0.119,27.428,0.264
71002,14.998,0.001,55.104,0.001,55.116,0.001,54.978,0.002,55.004,0.001,28.232,0.006,28.226,0.006,28.228,0.006,28.228,0.006,26.259,0.019,26.989,0.017,26.134,0.020,26.176,0.019,26.281,0.019,28.684,0.037,23.642,0.119,27.431,0.266
72002,14.998,0.001,55.106,0.001,55.114,0.001,54.978,0.002,55.004,0.001,28.232,0.006,28.226,0.006,28.226,0.006,28.228,0.006,26.260,0.019,26.989,0.017,26.135,0.020,26.176,0.019,26.280,0.019,28.683,0.038,23.604,0.120,27.430,0.269
73002,15.000,0.001,55.106,0.001,55.116,0.001,54.978,0.002,55.004,0.001,28.232,0.006,28.226,0.006,28.228,0.006,28.228,0.006,26.260,0.019,26.990,0.017,26.135,0.020,26.177,0.019,26.281,0.019,28.683,0.038,23.750,0.119,27.432,0.271
74002,15.000,0.001,55.102,0.001,55.116,0.001,54.976,0.002,55.002,0.001,28.232,0.006,28.228,0.006,28.226,0.006,28.228,0.006,26.261,0.019,26.989,0.017,26.135,0.020,26.176,0.019,26.282,0.019,28.683,0.038,23.664,0.119,27.426,0.273
75002,15.000,0.001,55.102,0.001,55.118,0.001,54.974,0.002,55.002,0.001,28.232,0.006,28.228,0.006,28.228,0.006,28.228,0.006,26.261,0.019,26.990,0.017,26.136,0.020,26.178,0.019,26.283,0.019,28.685,0.038,23.710,0.118,27.418,0.274
76002,15.000,0.001,55.102,0.002,55.112,0.001,54.978,0.002,55.004,0.001,28.232,0.006,28.226,0.006,28.228,0.006,28.228,0.006,26.262,0.019,26.990,0.016,26.138,0.020,26.179,0.019,26.283,0.019,28.685,0.038,23.623,0.118,27.415,0.274
77002,15.001,0.001,55.104,0.002,55.116,0.001,54.976,0.002,55.002,0.001,28.232,0.006,28.228,0.006,28.228,0.006,28.228,0.006,26.262,0.019,26.990,0.016,26.138,0.020,26.179,0.019,26.283,0.019,28.685,0.038,23.623,0.118,27.415,0.274
78002,15.000,0.001,55.104,0.002,55.114,0.001,54.976,0.002,55.002,0.001,28.234,0.006,28.228,0.006,28.228,0.006,28.228,0.006,26.263,0.019,26.990,0.016,26.137,0.020,26.179,0.019,26.283,0.019,28.685,0.038,23.713,0.118,27.386,0.275
79002,15.000,0.001,55.104,0.001,55.116,0.001,54.976,0.002,55.002,0.001,28.234,0.006,28.228,0.006,28.228,0.006,28.228,0.006,26.262,0.019,26.992,0.016,26.139,0.020,26.180,0.019,26.284,0.019,28.685,0.038,23.637,0.118,27.363,0.276
80002,15.001,0.001,55.106,0.001,55.118,0.001,54.976,0.002,55.004,0.001,28.234,0.006,28.228,0.006,28.230,0.006,28.230,0.006,26.263,0.019,26.991,0.016,26.139,0.020,26.179,0.019,26.284,0.019,28.684,0.038,23.712,0.117,27.360,0.277
81003,15.002,0.001,55.104,0.001,55.118,0.001,54.976,0.002,55.002,0.001,28.234,0.006,28.228,0.006,28.228,0.006,28.230,0.006,26.263,0.019,26.991,0.016,26.139,0.020,26.181,0.019,26.284,0.018,28.682,0.038,23.843,0.118,27.381,0.278
82003,15.003,0.001,55.106,0.001,55.116,0.001,54.976,0.002,55.002,0.001,28.234,0.006,28.228,0.006,28.230,0.006,28.230,0.006,26.265,0.019,26.991,0.016,26.140,0.020,26.181,0.019,26.286,0.018,28.681,0.038,23.822,0.118,27.408,0.281
83003,15.002,0.001,55.102,0.001,55.116,0.001,54.976,0.002,55.002,0.001,28.234,0.006,28.228,0.006,28.230,0.006,28.230,0.006,26.265,0.019,26.992,0.016,26.140,0.020,26.181,0.018,26.285,0.018,28.681,0.038,23.825,0.118,27.438,0.283
84003,15.001,0.001,55.102,0.002,55.116,0.001,54.972,0.002,55.000,0.001,28.234,0.006,28.230,0.006,28.228,0.006,28.230,0.006,26.265,0.019,26.992,0.016,26.141,0.020,26.182,0.018,26.287,0.018,28.678,0.038,23.780,0.117,27.462,0.285
85003,15.001,0.001,55.104,0.002,55.118,0.001,54.976,0.002,55.004,0.001,28.234,0.006,28.228,0.006,28.228,0.006,28.230,0.006,26.266,0.019,26.994,0.016,26.141,0.020,26.183,0.018,26.286,0.018,28.677,0.038,23.754,0.117,27.483,0.286
86003,15.001,0.001,55.104,0.002,55.116,0.001,54.974,0.002,55.002,0.001,28.236,0.006,28.228,0.006,28.230,0.006,28.230,0.006,26.266,0.019,26.993,0.016,26.142,0.020,26.183,0.018,26.287,0.018,28.676,0.038,23.725,0.117,27.502,0.286
87003,15.001,0.001,55.102,0.002,55.116,0.001,54.976,0.002,55.002,0.001,28.234,0.006,28.230,0.006,28.230,0.006,28.230,0.006,26.266,0.019,26.993,0.016,26.142,0.020,26.183,0.018,26.288,0.018,28.674,0.039,23.777,0.117,27.523,0.286
88003,15.000,0.001,55.102,0.002,55.114,0.001,54.976,0.002,55.002,0.001,28.236,0.006,28.230,0.006,28.230,0.006,28.230,0.006,26.268,0.019,26.994,0.016,26.143,0.020,26.184,0.018,26.289,0.018,28.673,0.039,23.718,0.117,27.540,0.285
89003,15.000,0.001,55.104,0.002,55.114,0.001,54.976,0.002,55.002,0.001,28.234,0.006,28.230,0.006,28.230,0.006,28.230,0.006,26.268,0.019,26.994,0.016,26.144,0.020,26.184,0.018,26.288,0.018,28.671,0.039,23.754,0.116,27.558,0.285
90003,15.000,0.001,55.106,0.002,55.116,0.001,54.974,0.002,55.002,0.001,28.236,0.006,28.230,0.006,28.230,0.006,28.230,0.006,26.268,0.019,26.993,0.016,26.144,0.020,26.184,0.018,26.288,0.018,28.669,0.039,23.728,0.116,27.562,0.284
91003,15.000,0.001,55.104,0.002,55.116,0.001,54.978,0.002,55.004,0.001,28.236,0.006,28.230,0.006,28.230,0.006,28.230,0.006,26.269,0.019,26.996,0.016,26.145,0.020,26.185,0.018,26.289,0.018,28.668,0.039,23.731,0.116,27.578,0.283
92003,15.000,0.001,55.102,0.002,55.116,0.001,54.976,0.002,55.002,0.001,28.236,0.006,28.230,0.006,28.230,0.006,28.230,0.006,26.269,0.019,26.994,0.016,26.145,0.019,26.186,0.018,26.290,0.018,28.667,0.040,23.698,0.116,27.590,0.282
93003,15.000,0.001,55.104,0.002,55.114,0.001,54.974,0.002,55.000,0.001,28.236,0.006,28.230,0.006,28.230,0.006,28.230,0.006,26.271,0.019,26.996,0.016,26.146,0.019,26.186,0.018,26.290,0.018,28.666,0.040,23.687,0.115,27.604,0.282
94003,15.000,0.001,55.104,0.002,55.116,0.001,54.974,0.002,55.002,0.001,28.236,0.006,28.230,0.006,28.230,0.006,28.230,0.006,26.271,0.019,26.996,0.016,26.146,0.019,26.186,0.018,26.292,0.018,28.665,0.040,23.811,0.115,27.631,0.282
95003,15.000,0.001,55.102,0.002,55.118,0.001,54.976,0.002,55.002,0.001,28.236,0.006,28.230,0.006,28.230,0.006,28.232,0.006,26.271,0.019,26.998,0.016,26.147,0.019,26.187,0.018,26.291,0.018,28.666,0.040,23.759,0.115,27.659,0.284
96003,15.000,0.001,55.102,0.002,55.114,0.002,54.978,0.002,55.004,0.001,28.236,0.006,28.230,0.006,28.230,0.006,28.232,0.006,26.271,0.019,26.998,0.016,26.147,0.019,26.188,0.018,26.292,0.018,28.666,0.040,23.575,0.116,27.679,0.287
97003,15.000,0.001,55.102,0.002,55.114,0.002,54.974,0.002,55.000,0.001,28.236,0.006,28.230,0.006,28.230,0.006,28.232,0.006,26.272,0.019,26.997,0.016,26.147,0.019,26.189,0.018,26.293,0.018,28.667,0.041,23.487,0.118,27.675,0.289
98003,15.002,0.001,55.102,0.002,55.116,0.002,54.976,0.002,55.002,0.001,28.236,0.006,28.232,0.006,28.232,0.006,28.232,0.006,26.274,0.019,26.997,0.016,26.149,0.019,26.189,0.018,26.293,0.018,28.667,0.041,23.577,0.119,27.639,0.290
99003,15.002,0.001,55.100,0.002,55.114,0.002,54.976,0.002,55.002,0.001,28.236,0.006,28.230,0.006,28.232,0.006,28.232,0.006,26.274,0.019,26.999,0.015,26.149,0.019,26.190,0.018,26.294,0.018,28.668,0.041,23.534,0.120,27.618,0.291
100003,15.000,0.001,55.102,0.002,55.114,0.002,54.974,0.002,55.002,0.001,28.236,0.006,28.232,0.006,28.232,0.006,28.232,0.006,26.275,0.019,26.998,0.015,26.150,0.019,26.190,0.018,26.294,0.018,28.668,0.041,23.593,0.121,27.637,0.294
101003,14.999,0.001,55.104,0.002,55.114,0.002,54.972,0.002,55.000,0.001,28.236,0.006,28.232,0.006,28.232,0.006,28.232,0.006,26.274,0.019,26.999,0.015,26.150,0.019,26.191,0.018,26.295,0.018,28.670,0.041,23.559,0.122,27.673,0.297
102003,14.999,0.001,55.104,0.002,55.114,0.002,54.972,0.002,55.000,0.001,28.236,0.006,28.232,0.006,28.232,0.006,28.232,0.006,26.275,0.019,26.999,0.015,26.150,0.019,26.191,0.018,26.296,0.018,28.670,0.041,23.558,0.121,27.696,0.302
103003,14.999,0.001,55.100,0.002,55.116,0.002,54.974,0.002,55.000,0.001,28.236,0.006,28.232,0.006,28.232,0.006,28.232,0.006,26.276,0.019,27.000,0.015,26.151,0.019,26.192,0.018,26.295,0.018,28.670,0.041,23.580,0.122,27.709,0.307
104003,15.001,0.001,55.102,0.002,55.114,0.002,54.974,0.002,55.002,0.001,28.238,0.006,28.232,0.006,28.232,0.006,28.232,0.006,26.276,0.019,27.000,0.015,26.151,0.019,26.192,0.018,26.297,0.018,28.670,0.041,23.639,0.119,27.683,0.311
105003,15.000,0.001,55.102,0.002,55.116,0.002,54.976,0.002,55.002,0.001,28.238,0.006,28.232,0.006,28.232,0.006,28.232,0.006,26.278,0.019,27.001,0.015,26.152,0.019,26.191,0.018,26.297,0.018,28.671,0.041,23.645,0.119,27.698,0.315
106003,15.000,0.001,55.102,0.002,55.116,0.002,54.974,0.002,55.000,0.001,28.238,0.006,28.232,0.006,28.232,0.006,28.232,0.006,26.277,0.019,27.001,0.015,26.152,0.019,26.193,0.018,26.297,0.018,28.671,0.041,23.703,0.119,27.709,0.320
107003,15.000,0.001,55.102,0.002,55.114,0.002,54.974,0.002,55.002,0.001,28.238,0.006,28.232,0.006,28.232,0.006,28.232,0.006,26.278,0.019,27.002,0.015,26.153,0.019,26.194,0.018,26.298,0.018,28.671,0.041,23.703,0.119,27.700,0.325
108003,15.000,0.001,55.102,0.002,55.114,0.002,54.974,0.002,55.002,0.001,28.238,0.006,28.232,0.006,28.232,0.006,28.234,0.006,26.280,0.019,27.003,0.015,26.154,0.019,26.194,0.018,26.298,0.018,28.671,0.041,23.640,0.119,27.690,0.329
109003,14.999,0.001,55.104,0.002,55.116,0.002,54.976,0.002,55.002,0.001,28.238,0.006,28.232,0.006,28.232,0.006,28.234,0.006,26.278,0.019,27.002,0.015,26.154,0.019,26.195,0.018,26.299,0.018,28.672,0.040,23.696,0.119,27.677,0.332
110003,15.000,0.001,55.104,0.002,55.112,0.002,54.976,0.002,55.002,0.001,28.238,0.006,28.234,0.006,28.232,0.006,28.234,0.006,26.279,0.019,27.003,0.015,26.155,0.019,26.195,0.018,26.299,0.018,28.671,0.040,23.679,0.119,27.690,0.336
111003,15.001,0.001,55.102,0.002,55.116,0.002,54.974,0.002,55.000,0.001,28.238,0.006,28.232,0.006,28.234,0.006,28.234,0.006,26.279,0.019,27.003,0.015,26.156,0.019,26.196,0.018,26.300,0.018,28.669,0.040,23.745,0.119,27.701,0.340
112004,14.999,0.001,55.102,0.002,55.112,0.002,54.974,0.002,55.002,0.001,28.238,0.006,28.232,0.006,28.234,0.006,28.234,0.006,26.281,0.019,27.004,0.015,26.156,0.019,26.197,0.018,26.300,0.018,28.668,0.040,23.644,0.119,27.720,0.343
113004,14.999,0.001,55.100,0.002,55.114,0.002,54.976,0.002,55.002,0.001,28.238,0.006,28.232,0.006,28.232,0.006,28.234,0.006,26.282,0.019,27.004,0.015,26.156,0.019,26.197,0.018,26.301,0.018,28.668,0.040,23.829,0.119,27.728,0.347
114004,15.000,0.001,55.102,0.002,55.114,0.002,54.976,0.002,55.002,0.001,28.238,0.006,28.234,0.006,28.234,0.006,28.234,0.006,26.282,0.019,27.004,0.015,26.157,0.019,26.198,0.018,26.302,0.018,28.667,0.039,23.803,0.119,27.735,0.350
115004,15.001,0.001,55.100,0.002,55.114,0.002,54.974,0.002,55.000,0.001,28.238,0.006,28.234,0.006,28.234,0.006,28.234,0.006,26.281,0.019,27.006,0.015,26.158,0.019,26.197,0.018,26.302,0.018,28.667,0.039,23.770,0.119,27.731,0.353
116004,15.002,0.001,55.100,0.002,55.112,0.002,54.974,0.002,55.000,0.001,28.240,0.006,28.234,0.006,28.234,0.006,28.234,0.006,26.283,0.019,27.006,0.015,26.158,0.019,26.198,0.018,26.303,0.018,28.667,0.039,23.764,0.119,27.728,0.355
117004,15.001,0.001,55.102,0.002,55.114,0.002,54.972,0.002,55.000,0.001,28.238,0.006,28.234,0.006,28.234,0.006,28.234,0.006,26.283,0.019,27.006,0.015,26.159,0.019,26.197,0.018,26.303,0.018,28.667,0.038,23.768,0.119,27.715,0.356
118004,15.000,0.001,55.100,0.002,55.112,0.002,54.972,0.002,55.000,0.001,28.240,0.006,28.234,0.006,28.234,0.006,28.234,0.006,26.283,0.019,27.007,0.015,26.160,0.019,26.198,0.018,26.303,0.018,28.666,0.038,23.732,0.118,27.659,0.355
119004,15.001,0.001,55.100,0.002,55.114,0.002,54.974,0.002,55.002,0.001,28.240,0.006,28.234,0.006,28.234,0.006,28.234,0.006,26.284,0.019,27.007,0.015,26.160,0.019,26.199,0.018,26.303,0.018,28.666,0.038,23.831,0.118,27.595,0.353
120004,15.000,0.001,55.102,0.002,55.114,0.002,54.976,0.002,55.002,0.001,28.240,0.006,28.234,0.006,28.234,0.006,28.234,0.006,26.286,0.019,27.008,0.015,26.160,0.019,26.200,0.018,26.304,0.018,28.666,0.038,23.822,0.118,27.588,0.350
121004,15.000,0.001,55.100,0.002,55.112,0.002,54.974,0.002,55.000,0.001,28.240,0.006,28.234,0.006,28.234,0.006,28.236,0.006,26.286,0.019,27.008,0.015,26.160,0.019,26.201,0.018,26.305,0.018,28.667,0.037,23.773,0.117,27.564,0.347
122004,15.000,0.001,55.100,0.002,55.114,0.002,54.974,0.002,55.002,0.001,28.240,0.006,28.236,0.006,28.236,0.006,28.236,0.006,26.286,0.019,27.009,0.015,26.161,0.019,26.201,0.018,26.305,0.018,28.665,0.037,23.781,0.113,27.539,0.344
123004,14.999,0.001,55.100,0.002,55.114,0.002,54.974,0.002,55.000,0.001,28.240,0.006,28.234,0.006,28.236,0.006,28.236,0.006,26.286,0.019,27.009,0.015,26.162,0.019,26.200,0.018,26.306,0.018,28.666,0.037,23.769,0.110,27.531,0.341
124004,15.002,0.001,55.100,0.002,55.114,0.002,54.974,0.002,55.000,0.001,28.240,0.006,28.234,0.006,28.236,0.006,28.236,0.006,26.287,0.019,27.010,0.015,26.162,0.019,26.201,0.018,26.306,0.018,28.667,0.036,23.943,0.108,27.542,0.338
125004,15.003,0.001,55.100,0.002,55.114,0.002,54.974,0.002,55.002,0.001,28.240,0.006,28.236,0.006,28.236,0.006,28.236,0.006,26.287,0.019,27.010,0.015,26.163,0.019,26.202,0.018,26.306,0.018,28.667,0.036,23.955,0.108,27.565,0.337
126004,14.998,0.001,55.100,0.002,55.114,0.002,54.974,0.002,55.000,0.001,28.240,0.006,28.234,0.006,28.236,0.006,28.236,0.006,26.288,0.019,27.010,0.015,26.163,0.019,26.203,0.018,26.307,0.018,28.668,0.036,23.816,0.108,27.573,0.335
127004,14.999,0.001,55.100,0.002,55.114,0.002,54.974,0.002,55.002,0.001,28.242,0.006,28.236,0.006,28.236,0.006,28.236,0.006,26.288,0.019,27.011,0.014,26.164,0.019,26.203,0.018,26.307,0.018,28.667,0.035,23.885,0.108,27.581,0.334
128004,14.999,0.001,55.100,0.002,55.112,0.002,54.976,0.002,55.002,0.001,28.242,0.006,28.236,0.006,28.238,0.006,28.238,0.006,26.289,0.019,27.011,0.014,26.164,0.019,26.204,0.018,26.308,0.018,28.665,0.035,23.814,0.107,27.577,0.333
129004,15.002,0.001,55.100,0.002,55.112,0.002,54.976,0.002,55.002,0.001,28.242,0.006,28.236,0.006,28.234,0.006,28.236,0.006,26.289,0.019,27.012,0.014,26.165,0.019,26.205,0.018,26.309,0.018,28.663,0.034,23.802,0.107,27.579,0.332
130004,15.000,0.001,55.100,0.002,55.114,0.002,54.974,0.002,55.000,0.001,28.242,0.006,28.236,0.006,28.236,0.006,28.238,0.006,26.289,0.019,27.012,0.014,26.165,0.019,26.205,0.018,26.309,0.018,28.661,0.034,23.793,0.106,27.562,0.331
131004,15.000,0.001,55.100,0.002,55.114,0.002,54.972,0.002,55.000,0.001,28.242,0.006,28.236,0.006,28.236,0.006,28.238,0.006,26.290,0.019,27.011,0.014,26.166,0.019,26.206,0.018,26.310,0.018,28.660,0.034,23.756,0.105,27.517,0.330
132004,15.000,0.001,55.100,0.002,55.114,0.002,54.972,0.002,55.000,0.001,28.242,0.006,28.236,0.006,28.236,0.006,28.236,0.006,26.291,0.019,27.011,0.014,26.166,0.019,26.207,0.018,26.310,0.018,28.656,0.033,23.700,0.105,27.487,0.328
133004,15.000,0.001,55.100,0.002,55.110,0.002,54.972,0.002,54.998,0.001,28.242,0.006,28.236,0.006,28.236,0.006,28.238,0.006,26.291,0.019,27.012,0.014,26.168,0.019,26.207,0.018,26.310,0.018,28.653,0.033,23.716,0.105,27.472,0.325
134004,15.001,0.001,55.102,0.002,55.114,0.002,54.970,0.002,54.998,0.001,28.242,0.006,28.236,0.006,28.238,0.006,28.238,0.006,26.293,0.019,27.013,0.014,26.167,0.019,26.207,0.018,26.311,0.018,28.650,0.032,23.763,0.105,27.502,0.324
135004,15.000,0.001,55.100,0.002,55.114,0.002,54.972,0.002,55.000,0.001,28.242,0.006,28.236,0.006,28.238,0.006,28.238,0.006,26.293,0.019,27.014,0.014,26.168,0.019,26.207,0.018,26.311,0.018,28.648,0.032,23.714,0.104,27.551,0.323
136004,15.000,0.001,55.098,0.002,55.112,0.002,54.970,0.002,54.998,0.002,28.242,0.006,28.236,0.006,28.238,0.006,28.238,0.006,26.292,0.019,27.014,0.014,26.168,0.019,26.208,0.018,26.312,0.018,28.644,0.031,23.726,0.103,27.612,0.322
137004,15.000,0.001,55.100,0.002,55.114,0.002,54.972,0.002,54.998,0.002,28.242,0.006,28.236,0.006,28.238,0.006,28.238,0.006,26.294,0.019,27.014,0.014,26.169,0.019,26.209,0.018,26.312,0.018,28.640,0.031,23.704,0.103,27.678,0.323
138004,15.001,0.001,55.100,0.002,55.112,0.002,54.972,0.002,55.000,0.002,28.242,0.006,28.236,0.006,28.238,0.006,28.238,0.006,26.294,0.019,27.014,0.014,26.170,0.019,26.209,0.018,26.312,0.018,28.637,0.031,23.770,0.103,27.727,0.324
139005,15.000,0.001,55.102,0.002,55.112,0.002,54.974,0.002,55.000,0.002,28.242,0.006,28.238,0.006,28.238,0.006,28.238,0.006,26.294,0.019,27.014,0.014,26.170,0.019,26.210,0.018,26.313,0.017,28.633,0.030,23.741,0.102,27.763,0.326
140005,15.001,0.001,55.100,0.002,55.114,0.002,54.976,0.002,55.002,0.002,28.244,0.006,28.238,0.006,28.238,0.006,28.240,0.006,26.295,0.019,27.016,0.014,26.170,0.019,26.210,0.018,26.313,0.017,28.631,0.030,23.716,0.102,27.788,0.329
141005,15.000,0.001,55.100,0.002,55.112,0.002,54.972,0.002,55.000,0.002,28.244,0.006,28.238,0.006,28.238,0.006,28.238,0.006,26.297,0.019,27.016,0.014,26.172,0.019,26.211,0.018,26.314,0.017,28.631,0.030,23.704,0.101,27.812,0.332
142005,15.000,0.001,55.100,0.002,55.112,0.002,54.972,0.002,54.998,0.002,28.244,0.006,28.238,0.006,28.238,0.006,28.238,0.006,26.296,0.019,27.016,0.014,26.171,0.019,26.210,0.018,26.315,0.017,28.629,0.029,23.728,0.101,27.857,0.336
143005,15.000,0.001,55.100,0.002,55.112,0.002,54.974,0.002,55.000,0.002,28.244,0.006,28.238,0.006,28.238,0.006,28.240,0.006,26.297,0.019,27.017,0.014,26.172,0.019,26.212,0.018,26.315,0.017,28.628,0.029,23.786,0.101,27.880,0.341
144005,15.000,0.001,55.100,0.002,55.112,0.002,54.972,0.002,54.998,0.002,28.244,0.006,28.238,0.006,28.240,0.006,28.240,0.006,26.298,0.019,27.016,0.014,26.173,0.019,26.212,0.018,26.315,0.017,28.626,0.029,23.707,0.100,27.925,0.347
145005,15.000,0.001,55.098,0.002,55.112,0.002,54.974,0.002,55.000,0.002,28.244,0.006,28.238,0.006,28.238,0.006,28.240,0.006,26.297,0.019,27.018,0.014,26.173,0.019,26.213,0.018,26.315,0.017,28.625,0.029,23.768,0.100,27.968,0.354
146005,15.000,0.001,55.098,0.002,55.114,0.002,54.972,0.002,54.998,0.002,28.244,0.006,28.238,0.006,28.238,0.006,28.240,0.006,26.298,0.019,27.018,0.014,26.174,0.019,26.213,0.018,26.316,0.017,28.622,0.028,23.800,0.099,27.999,0.361
147005,15.001,0.001,55.098,0.002,55.112,0.002,54.972,0.002,54.998,0.002,28.244,0.006,28.238,0.006,28.238,0.006,28.238,0.006,26.299,0.019,27.018,0.014,26.174,0.019,26.214,0.018,26.316,0.017,28.621,0.028,23.777,0.099,27.999,0.367
148005,15.000,0.001,55.100,0.002,55.110,0.002,54.974,0.002,55.000,0.002,28.244,0.006,28.238,0.006,28.240,0.006,28.240,0.006,26.299,0.019,27.019,0.014,26.174,0.019,26.213,0.018,26.317,0.017,28.618,0.028,23.845,0.100,27.986,0.373
149005,15.000,0.001,55.100,0.002,55.112,0.002,54.972,0.002,54.998,0.002,28.244,0.006,28.238,0.006,28.240,0.006,28.240,0.006,26.300,0.019,27.018,0.014,26.175,0.019,26.214,0.018,26.318,0.017,28.616,0.028,23.860,0.101,27.957,0.377
150005,15.000,0.001,55.096,0.002,55.112,0.002,54.976,0.002,55.002,0.002,28.244,0.006,28.238,0.006,28.238,0.006,28.240,0.006,26.300,0.019,27.018,0.014,26.175,0.019,26.214,0.018,26.318,0.017,28.616,0.028,23.860,0.101,27.957,0.377
151005,15.001,0.001,55.098,0.002,55.112,0.002,54.972,0.002,54.998,0.002,28.244,0.006,28.240,0.006,28.240,0.006,28.240,0.006,26.301,0.019,27.019,0.014,26.175,0.019,26.214,0.017,26.319,0.017,28.614,0.028,23.905,0.102,27.947,0.380
152005,15.000,0.001,55.098,0.002,55.114,0.002,54.972,0.002,55.000,0.002,28.244,0.006,28.240,0.006,28.240,0.006,28.240,0.006,26.302,0.019,27.019,0.014,26.176,0.019,26.216,0.017,26.319,0.017,28.612,0.028,23.849,0.102,27.955,0.383
153005,15.000,0.001,55.100,0.002,55.110,0.002,54.972,0.002,55.000,0.002,28.244,0.006,28.240,0.006,28.240,0.006,28.240,0.006,26.302,0.019,27.020,0.014,26.177,0.019,26.215,0.017,26.319,0.017,28.610,0.028,23.865,0.103,27.961,0.386
154005,15.000,0.001,55.096,0.002,55.110,0.002,54.976,0.002,55.002,0.002,28.244,0.006,28.240,0.006,28.240,0.006,28.240,0.006,26.301,0.019,27.019,0.014,26.177,0.019,26.217,0.017,26.320,0.017,28.610,0.028,23.926,0.104,27.950,0.388
155005,14.998,0.001,55.098,0.002,55.110,0.002,54.972,0.002,54.998,0.002,28.246,0.006,28.240,0.006,28.240,0.006,28.240,0.006,26.303,0.019,27.021,0.014,26.177,0.019,26.216,0.017,26.320,0.017,28.610,0.028,24.084,0.110,27.899,0.389
156005,15.002,0.001,55.100,0.002,55.110,0.002,54.970,0.002,54.998,0.002,28.246,0.006,28.240,0.006,28.240,0.006,28.240,0.006,26.303,0.019,27.021,0.014,26.178,0.019,26.217,0.017,26.320,0.017,28.608,0.027,24.094,0.114,27.850,0.388
157005,15.001,0.001,55.098,0.002,55.110,0.002,54.972,0.002,54.998,0.002,28.246,0.006,28.240,0.006,28.240,0.006,28.240,0.006,26.303,0.019,27.021,0.014,26.179,0.019,26.218,0.017,26.321,0.017,28.607,0.027,23.973,0.116,27.793,0.385
158005,14.999,0.001,55.094,0.003,55.112,0.002,54.972,0.002,54.998,0.002,28.246,0.006,28.240,0.006,28.240,0.006,28.242,0.006,26.304,0.019,27.022,0.014,26.179,0.019,26.218,0.017,26.323,0.017,28.607,0.027,23.860,0.117,27.709,0.382
159005,14.998,0.001,55.100,0.003,55.110,0.002,54.970,0.002,54.996,0.002,28.246,0.006,28.240,0.006,28.240,0.006,28.242,0.006,26.305,0.019,27.023,0.014,26.180,0.019,26.218,0.017,26.323,0.017,28.605,0.027,23.864,0.117,27.619,0.377
160005,14.999,0.001,55.098,0.003,55.110,0.002,54.972,0.002,54.998,0.002,28.246,0.006,28.240,0.006,28.242,0.006,28.242,0.006,26.305,0.019,27.023,0.014,26.179,0.019,26.220,0.017,26.324,0.017,28.603,0.028,23.939,0.118,27.537,0.372
161005,15.000,0.001,55.098,0.003,55.114,0.002,54.972,0.002,54.998,0.002,28.246,0.006,28.242,0.006,28.242,0.006,28.242,0.006,26.306,0.019,27.023,0.014,26.181,0.019,26.219,0.017,26.324,0.017,28.600,0.028,23.816,0.118,27.501,0.367
162005,15.000,0.001,55.098,0.003,55.108,0.002,54.974,0.002,55.000,0.002,28.246,0.006,28.240,0.006,28.242,0.006,28.242,0.006,26.305,0.018,27.023,0.014,26.181,0.019,26.220,0.017,26.324,0.017,28.598,0.028,23.891,0.119,27.506,0.361
163005,15.000,0.001,55.098,0.003,55.110,0.002,54.972,0.002,54.998,0.002,28.246,0.006,28.240,0.006,28.242,0.006,28.242,0.006,26.307,0.018,27.024,0.014,26.182,0.019,26.220,0.017,26.324,0.017,28.595,0.028,23.915,0.120,27.547,0.354
164005,15.001,0.001,55.096,0.003,55.112,0.002,54.974,0.002,55.000,0.002,28.246,0.006,28.242,0.006,28.242,0.006,28.242,0.006,26.307,0.018,27.024,0.014,26.183,0.018,26.221,0.017,26.325,0.017,28.595,0.028,23.930,0.121,27.589,0.345
165005,15.000,0.001,55.096,0.003,55.114,0.002,54.974,0.002,55.000,0.002,28.246,0.006,28.242,0.006,28.242,0.006,28.242,0.006,26.308,0.018,27.024,0.014,26.183,0.018,26.221,0.017,26.325,0.017,28.594,0.029,23.917,0.122,27.610,0.336
166005,15.001,0.001,55.096,0.003,55.110,0.002,54.972,0.002,54.998,0.002,28.246,0.006,28.240,0.006,28.242,0.006,28.242,0.006,26.307,0.018,27.024,0.014,26.183,0.018,26.221,0.017,26.326,0.017,28.593,0.029,23.884,0.123,27.607,0.327
167005,15.001,0.001,55.098,0.003,55.110,0.002,54.972,0.002,54.998,0.002,28.246,0.006,28.242,0.006,28.242,0.006,28.242,0.006,26.309,0.018,27.025,0.014,26.184,0.018,26.222,0.017,26.326,0.017,28.591,0.029,23.918,0.124,27.585,0.317
168005,15.000,0.001,55.094,0.003,55.110,0.002,54.972,0.002,54.998,0.002,28.248,0.006,28.242,0.006,28.242,0.006,28.242,0.006,26.309,0.018,27.025,0.014,26.184,0.018,26.222,0.017,26.326,0.017,28.591,0.030,23.886,0.124,27.547,0.307
169005,15.000,0.001,55.096,0.003,55.110,0.002,54.972,0.002,54.998,0.002,28.248,0.006,28.242,0.006,28.242,0.006,28.242,0.006,26.309,0.018,27.026,0.014,26.185,0.018,26.223,0.017,26.327,0.017,28.590,0.030,23.960,0.126,27.472,0.297
170006,15.000,0.001,55.094,0.003,55.110,0.002,54.970,0.002,54.996,0.002,28.246,0.006,28.242,0.006,28.242,0.006,28.242,0.006,26.310,0.018,27.026,0.014,26.185,0.018,26.224,0.017,26.328,0.017,28.589,0.030,23.970,0.127,27.445,0.289
171006,15.001,0.001,55.098,0.003,55.110,0.002,54.972,0.002,54.998,0.002,28.248,0.006,28.242,0.006,28.242,0.006,28.242,0.006,26.310,0.018,27.026,0.014,26.185,0.018,26.223,0.017,26.328,0.017,28.587,0.031,23.887,0.127,27.403,0.282
172006,15.000,0.001,55.096,0.003,55.112,0.002,54.970,0.002,54.998,0.002,28.246,0.006,28.242,0.006,28.244,0.006,28.244,0.006,26.311,0.018,27.027,0.014,26.186,0.018,26.224,0.017,26.329,0.017,28.586,0.031,24.018,0.129,27.383,0.278
173006,15.001,0.001,55.096,0.003,55.110,0.002,54.970,0.002,54.996,0.002,28.248,0.006,28.242,0.006,28.244,0.006,28.244,0.006,26.311,0.018,27.028,0.014,26.187,0.018,26.224,0.017,26.330,0.017,28.583,0.032,23.924,0.129,27.370,0.275
174006,15.002,0.001,55.096,0.003,55.110,0.002,54.970,0.002,54.998,0.002,28.248,0.006,28.242,0.006,28.242,0.006,28.244,0.006,26.311,0.018,27.028,0.014,26.186,0.018,26.225,0.017,26.330,0.017,28.580,0.032,23.910,0.129,27.376,0.272
175006,14.998,0.001,55.096,0.003,55.110,0.002,54.970,0.002,54.998,0.002,28.248,0.006,28.242,0.006,28.242,0.006,28.244,0.006,26.312,0.018,27.029,0.014,26.188,0.018,26.226,0.017,26.331,0.017,28.578,0.033,23.778,0.129,27.416,0.271
176006,14.999,0.001,55.096,0.003,55.108,0.002,54.972,0.002,54.998,0.002,28.248,0.006,28.242,0.006,28.244,0.006,28.244,0.006,26.314,0.018,27.029,0.014,26.189,0.018,26.226,0.017,26.330,0.017,28.575,0.033,23.883,0.129,27.470,0.269
177006,15.001,0.001,55.096,0.003,55.110,0.002,54.970,0.002,54.996,0.002,28.248,0.006,28.242,0.006,28.244,0.006,28.244,0.006,26.312,0.018,27.030,0.014,26.188,0.018,26.226,0.017,26.331,0.017,28.573,0.034,23.894,0.129,27.528,0.266
178006,15.001,0.001,55.098,0.003,55.108,0.003,54.974,0.002,55.000,0.002,28.248,0.006,28.244,0.006,28.244,0.006,28.244,0.006,26.313,0.018,27.029,0.014,26.189,0.018,26.227,0.017,26.332,0.017,28.571,0.034,23.863,0.129,27.597,0.264
179006,15.000,0.001,55.094,0.003,55.108,0.003,54.970,0.002,54.996,0.002,28.248,0.005,28.242,0.006,28.244,0.006,28.244,0.006,26.315,0.018,27.029,0.014,26.190,0.018,26.227,0.017,26.332,0.017,28.569,0.035,23.864,0.128,27.665,0.262
180006,15.000,0.001,55.096,0.003,55.110,0.003,54.972,0.002,54.998,0.002,28.248,0.005,28.244,0.006,28.244,0.006,28.244,0.006,26.314,0.018,27.029,0.014,26.191,0.018,26.228,0.017,26.333,0.017,28.567,0.036,23.905,0.128,27.731,0.261
181006,15.000,0.001,55.096,0.003,55.108,0.003,54.970,0.002,54.996,0.002,28.250,0.005,28.244,0.006,28.244,0.006,28.244,0.006,26.316,0.018,27.031,0.014,26.191,0.018,26.228,0.017,26.334,0.017,28.566,0.036,23.841,0.126,27.790,0.261
182006,15.000,0.001,55.096,0.003,55.108,0.003,54.970,0.002,54.996,0.002,28.250,0.005,28.244,0.006,28.244,0.006,28.244,0.006,26.316,0.018,27.031,0.014,26.192,0.018,26.229,0.017,26.333,0.017,28.565,0.037,23.887,0.125,27.836,0.261
183006,15.000,0.001,55.098,0.003,55.110,0.003,54.968,0.002,54.996,0.002,28.248,0.005,28.244,0.006,28.246,0.006,28.246,0.006,26.317,0.018,27.032,0.014,26.192,0.018,26.230,0.017,26.334,0.017,28.563,0.037,23.888,0.121,27.871,0.262
184006,15.000,0.001,55.096,0.003,55.106,0.003,54.970,0.002,54.996,0.002,28.248,0.005,28.244,0.006,28.244,0.006,28.246,0.006,26.317,0.018,27.032,0.014,26.192,0.018,26.230,0.017,26.334,0.017,28.562,0.038,23.868,0.121,27.887,0.264
185006,15.000,0.001,55.096,0.003,55.108,0.003,54.970,0.002,54.996,0.002,28.250,0.005,28.244,0.005,28.246,0.006,28.246,0.006,26.317,0.018,27.033,0.014,26.193,0.018,26.230,0.017,26.335,0.017,28.562,0.038,23.830,0.120,27.892,0.265
186006,15.000,0.001,55.096,0.003,55.108,0.003,54.972,0.002,54.998,0.002,28.250,0.005,28.244,0.005,28.244,0.006,28.246,0.006,26.319,0.018,27.032,0.014,26.193,0.018,26.231,0.017,26.336,0.017,28.563,0.039,23.837,0.118,27.887,0.267
187006,15.000,0.001,55.094,0.003,55.110,0.003,54.972,0.002,54.998,0.002,28.250,0.005,28.244,0.005,28.246,0.006,28.246,0.006,26.319,0.018,27.034,0.014,26.193,0.018,26.231,0.017,26.335,0.017,28.562,0.039,23.881,0.114,27.873,0.268
188006,15.000,0.001,55.096,0.003,55.106,0.003,54.972,0.002,54.998,0.002,28.250,0.005,28.244,0.005,28.246,0.006,28.246,0.006,26.319,0.018,27.034,0.014,26.194,0.018,26.231,0.017,26.337,0.017,28.560,0.040,23.847,0.113,27.862,0.269
189006,15.000,0.001,55.094,0.003,55.106,0.003,54.970,0.002,54.996,0.002,28.250,0.005,28.244,0.005,28.246,0.006,28.246,0.006,26.320,0.018,27.034,0.014,26.194,0.018,26.231,0.017,26.336,0.017,28.559,0.040,23.834,0.113,27.872,0.270
190006,15.000,0.001,55.094,0.003,55.110,0.003,54.970,0.002,54.996,0.002,28.250,0.005,28.246,0.005,28.246,0.006,28.246,0.006,26.319,0.018,27.034,0.014,26.195,0.018,26.233,0.017,26.337,0.017,28.558,0.041,23.872,0.113,27.842,0.269
191006,15.001,0.001,55.094,0.003,55.108,0.003,54.968,0.002,54.994,0.002,28.250,0.005,28.244,0.005,28.246,0.006,28.246,0.006,26.320,0.018,27.033,0.014,26.196,0.018,26.233,0.017,26.337,0.017,28.557,0.041,23.839,0.113,27.819,0.269
192006,15.001,0.001,55.094,0.003,55.108,0.003,54.970,0.002,54.996,0.002,28.250,0.005,28.246,0.005,28.246,0.006,28.246,0.006,26.321,0.018,27.034,0.014,26.196,0.018,26.233,0.017,26.337,0.017,28.557,0.042,23.821,0.113,27.787,0.268
193006,15.001,0.001,55.094,0.003,55.104,0.003,54.970,0.002,54.996,0.002,28.250,0.005,28.244,0.005,28.246,0.006,28.246,0.006,26.321,0.018,27.036,0.014,26.197,0.018,26.233,0.017,26.339,0.017,28.554,0.042,23.819,0.112,27.777,0.267
194006,15.001,0.001,55.094,0.003,55.110,0.003,54.968,0.002,54.994,0.002,28.250,0.005,28.246,0.005,28.246,0.006,28.246,0.006,26.321,0.018,27.035,0.014,26.198,0.018,26.234,0.017,26.339,0.017,28.553,0.042,23.836,0.111,27.776,0.265
195006,15.001,0.001,55.094,0.003,55.106,0.003,54.970,0.002,54.996,0.002,28.252,0.005,28.246,0.005,28.246,0.006,28.246,0.006,26.323,0.018,27.036,0.014,26.199,0.018,26.236,0.017,26.340,0.017,28.551,0.043,23.835,0.111,27.762,0.264
196006,15.000,0.001,55.094,0.003,55.108,0.003,54.970,0.002,54.996,0.002,28.252,0.005,28.246,0.005,28.246,0.006,28.246,0.006,26.324,0.018,27.036,0.014,26.197,0.018,26.235,0.017,26.340,0.017,28.550,0.043,23.830,0.110,27.760,0.262
197006,15.000,0.001,55.092,0.003,55.110,0.003,54.970,0.002,54.996,0.002,28.250,0.005,28.246,0.005,28.246,0.006,28.246,0.005,26.324,0.018,27.039,0.014,26.200,0.018,26.236,0.017,26.340,0.017,28.549,0.044,23.834,0.110,27.773,0.260
198006,15.001,0.001,55.096,0.003,55.110,0.003,54.970,0.002,54.996,0.002,28.250,0.005,28.246,0.005,28.246,0.006,28.246,0.005,26.324,0.018,27.038,0.014,26.198,0.018,26.236,0.017,26.341,0.017,28.549,0.044,23.825,0.109,27.788,0.259
199007,15.000,0.001,55.094,0.003,55.104,0.003,54.968,0.002,54.994,0.002,28.252,0.005,28.246,0.005,28.248,0.006,28.248,0.005,26.324,0.018,27.038,0.014,26.200,0.018,26.236,0.017,26.341,0.017,28.550,0.044,23.830,0.109,27.817,0.256
200007,15.000,0.001,55.094,0.003,55.108,0.003,54.968,0.002,54.996,0.002,28.252,0.005,28.246,0.005,28.246,0.006,28.248,0.005,26.324,0.018,27.039,0.014,26.201,0.018,26.237,0.017,26.342,0.017,28.551,0.044,23.869,0.108,27.833,0.254
201007,15.000,0.001,55.094,0.003,55.108,0.003,54.968,0.002,54.994,0.002,28.252,0.005,28.246,0.005,28.248,0.006,28.248,0.005,26.325,0.018,27.039,0.014,26.201,0.018,26.238,0.017,26.343,0.017,28.552,0.045,23.900,0.108,27.844,0.251
202007,15.000,0.001,55.094,0.003,55.104,0.003,54.968,0.002,54.994,0.002,28.252,0.005,28.246,0.005,28.248,0.006,28.248,0.005,26.324,0.018,27.040,0.014,26.202,0.018,26.238,0.017,26.343,0.017,28.553,0.045,23.950,0.109,27.849,0.249
203007,15.000,0.001,55.094,0.003,55.110,0.003,54.970,0.002,54.998,0.002,28.252,0.005,28.246,0.005,28.248,0.006,28.248,0.005,26.325,0.018,27.040,0.014,26.203,0.018,26.238,0.017,26.344,0.017,28.553,0.045,23.902,0.109,27.856,0.247
204007,15.000,0.001,55.092,0.003,55.108,0.003,54.968,0.002,54.994,0.002,28.252,0.005,28.248,0.005,28.248,0.006,28.248,0.006,26.328,0.018,27.040,0.014,26.203,0.018,26.239,0.017,26.344,0.017,28.554,0.045,23.929,0.110,27.841,0.245
205007,15.000,0.001,55.094,0.003,55.106,0.003,54.966,0.002,54.994,0.003,28.252,0.005,28.246,0.005,28.248,0.006,28.248,0.006,26.328,0.018,27.041,0.014,26.202,0.018,26.240,0.017,26.344,0.017,28.555,0.045,23.930,0.110,27.785,0.243
206007,15.000,0.001,55.094,0.003,55.106,0.003,54.968,0.002,54.994,0.003,28.252,0.005,28.248,0.005,28.248,0.006,28.248,0.006,26.328,0.018,27.041,0.014,26.203,0.018,26.239,0.017,26.345,0.017,28.555,0.045,23.854,0.110,27.739,0.242
207007,15.000,0.001,55.092,0.003,55.106,0.003,54.968,0.002,54.994,0.003,28.252,0.005,28.248,0.005,28.248,0.006,28.248,0.006,26.328,0.018,27.042,0.014,26.203,0.018,26.240,0.017,26.344,0.017,28.556,0.045,23.927,0.111,27.718,0.240
208007,15.000,0.001,55.092,0.003,55.104,0.003,54.968,0.003,54.994,0.003,28.252,0.005,28.246,0.005,28.248,0.006,28.248,0.005,26.329,0.018,27.041,0.014,26.204,0.018,26.241,0.017,26.346,0.017,28.557,0.045,23.859,0.111,27.723,0.239
209007,14.999,0.001,55.092,0.003,55.108,0.003,54.968,0.003,54.994,0.003,28.252,0.005,28.248,0.005,28.248,0.006,28.248,0.005,26.330,0.018,27.043,0.014,26.205,0.018,26.240,0.016,26.346,0.017,28.557,0.045,23.846,0.110,27.710,0.238
210007,14.999,0.001,55.090,0.003,55.108,0.003,54.972,0.003,54.996,0.003,28.252,0.005,28.248,0.005,28.248,0.006,28.248,0.005,26.330,0.018,27.042,0.014,26.206,0.018,26.241,0.016,26.347,0.017,28.559,0.045,23.838,0.110,27.696,0.237
211007,15.000,0.001,55.092,0.003,55.106,0.003,54.966,0.003,54.992,0.003,28.254,0.005,28.248,0.005,28.248,0.006,28.248,0.005,26.330,0.018,27.042,0.014,26.206,0.018,26.241,0.016,26.348,0.017,28.559,0.045,23.882,0.110,27.684,0.236
212007,15.000,0.001,55.092,0.003,55.106,0.003,54.970,0.003,54.996,0.003,28.254,0.005,28.248,0.005,28.248,0.006,28.248,0.005,26.330,0.018,27.043,0.014,26.207,0.018,26.242,0.016,26.347,0.017,28.560,0.046,23.916,0.110,27.683,0.236
213007,15.001,0.001,55.090,0.003,55.108,0.003,54.966,0.003,54.994,0.003,28.254,0.005,28.248,0.005,28.248,0.006,28.250,0.005,26.331,0.018,27.044,0.014,26.207,0.018,26.243,0.016,26.348,0.017,28.561,0.046,23.918,0.110,27.698,0.235
214007,15.000,0.001,55.094,0.003,55.108,0.003,54.966,0.003,54.992,0.003,28.254,0.005,28.248,0.005,28.248,0.006,28.250,0.005,26.333,0.018,27.045,0.014,26.208,0.018,26.244,0.016,26.348,0.017,28.559,0.046,23.952,0.110,27.715,0.235
215007,15.002,0.001,55.094,0.003,55.106,0.003,54.968,0.003,54.994,0.003,28.254,0.005,28.248,0.005,28.248,0.006,28.250,0.005,26.332,0.018,27.045,0.014,26.207,0.018,26.244,0.016,26.350,0.017,28.559,0.046,23.899,0.111,27.730,0.235
216007,15.002,0.001,55.092,0.003,55.106,0.003,54.968,0.003,54.994,0.003,28.254,0.005,28.248,0.005,28.248,0.005,28.250,0.005,26.332,0.018,27.045,0.014,26.208,0.018,26.244,0.016,26.349,0.017,28.559,0.045,23.877,0.111,27.749,0.235
217007,15.001,0.001,55.090,0.003,55.106,0.003,54.968,0.003,54.994,0.003,28.254,0.005,28.248,0.005,28.250,0.005,28.250,0.005,26.333,0.018,27.047,0.014,26.208,0.018,26.245,0.016,26.351,0.017,28.558,0.045,23.917,0.109,27.766,0.235
218007,15.001,0.001,55.090,0.003,55.104,0.003,54.968,0.003,54.994,0.003,28.254,0.005,28.248,0.005,28.250,0.005,28.250,0.005,26.334,0.018,27.047,0.014,26.210,0.018,26.245,0.016,26.350,0.017,28.558,0.045,23.893,0.105,27.755,0.235
219007,15.000,0.001,55.092,0.003,55.104,0.003,54.970,0.003,54.996,0.003,28.254,0.005,28.250,0.005,28.250,0.005,28.250,0.005,26.335,0.018,27.046,0.014,26.211,0.018,26.245,0.016,26.351,0.017,28.558,0.045,23.890,0.102,27.724,0.235
220007,15.000,0.001,55.094,0.003,55.104,0.003,54.968,0.003,54.994,0.003,28.254,0.005,28.250,0.005,28.250,0.005,28.250,0.005,26.335,0.018,27.048,0.014,26.211,0.018,26.246,0.016,26.352,0.017,28.557,0.045,23.901,0.099,27.700,0.234
221007,15.000,0.001,55.092,0.003,55.106,0.003,54.966,0.003,54.992,0.003,28.254,0.005,28.250,0.005,28.250,0.005,28.250,0.005,26.335,0.018,27.047,0.014,26.212,0.018,26.247,0.016,26.352,0.017,28.556,0.045,23.928,0.097,27.668,0.234
222007,15.000,0.001,55.090,0.003,55.104,0.003,54.966,0.003,54.992,0.003,28.256,0.005,28.250,0.005,28.250,0.005,28.250,0.005,26.335,0.018,27.047,0.014,26.212,0.018,26.247,0.016,26.352,0.017,28.556,0.045,23.928,0.097,27.668,0.234
223007,15.000,0.001,55.092,0.003,55.106,0.003,54.964,0.003,54.992,0.003,28.256,0.005,28.250,0.005,28.250,0.005,28.250,0.005,26.336,0.018,27.047,0.014,26.211,0.018,26.246,0.016,26.352,0.017,28.556,0.045,23.877,0.094,27.642,0.234
224007,15.000,0.001,55.092,0.003,55.104,0.003,54.964,0.003,54.990,0.003,28.254,0.005,28.250,0.005,28.250,0.005,28.250,0.005,26.337,0.018,27.048,0.014,26.211,0.018,26.248,0.016,26.353,0.017,28.557,0.045,23.914,0.090,27.641,0.234
225007,15.000,0.001,55.094,0.003,55.104,0.003,54.972,0.003,54.996,0.003,28.254,0.005,28.250,0.005,28.250,0.005,28.250,0.005,26.337,0.018,27.049,0.014,26.212,0.018,26.248,0.016,26.353,0.017,28.556,0.045,23.928,0.088,27.646,0.235
226007,15.000,0.001,55.092,0.003,55.106,0.003,54.966,0.003,54.994,0.003,28.254,0.005,28.250,0.005,28.252,0.005,28.252,0.005,26.337,0.017,27.050,0.014,26.213,0.018,26.249,0.016,26.353,0.017,28.557,0.044,23.931,0.086,27.647,0.235
227007,15.000,0.001,55.092,0.003,55.104,0.003,54.966,0.003,54.992,0.003,28.256,0.005,28.250,0.005,28.250,0.005,28.252,0.005,26.337,0.017,27.051,0.014,26.214,0.018,26.249,0.016,26.354,0.017,28.557,0.044,23.940,0.085,27.650,0.235
228007,14.999,0.001,55.090,0.003,55.108,0.003,54.968,0.003,54.994,0.003,28.256,0.005,28.250,0.005,28.252,0.005,28.252,0.005,26.338,0.017,27.052,0.014,26.214,0.018,26.249,0.016,26.355,0.017,28.558,0.044,24.118,0.087,27.658,0.235
229007,15.003,0.001,55.092,0.003,55.104,0.003,54.966,0.003,54.992,0.003,28.256,0.005,28.250,0.005,28.252,0.005,28.252,0.005,26.340,0.017,27.051,0.014,26.214,0.018,26.250,0.016,26.355,0.017,28.557,0.043,24.044,0.088,27.688,0.235
230008,15.000,0.001,55.092,0.003,55.108,0.003,54.964,0.003,54.992,0.003,28.256,0.005,28.250,0.005,28.252,0.005,28.252,0.005,26.338,0.017,27.051,0.014,26.214,0.018,26.251,0.016,26.356,0.017,28.559,0.043,24.103,0.089,27.721,0.235
231008,14.997,0.001,55.090,0.003,55.102,0.003,54.964,0.003,54.990,0.003,28.256,0.005,28.250,0.005,28.252,0.005,28.252,0.005,26.340,0.017,27.052,0.014,26.214,0.018,26.250,0.016,26.356,0.017,28.561,0.043,24.001,0.088,27.746,0.235
232008,14.998,0.001,55.090,0.003,55.106,0.003,54.966,0.003,54.992,0.003,28.256,0.005,28.250,0.005,28.252,0.005,28.252,0.005,26.340,0.017,27.053,0.014,26.216,0.018,26.250,0.016,26.356,0.017,28.559,0.042,24.321,0.096,27.755,0.235
233008,15.000,0.001,55.090,0.003,55.102,0.003,54.966,0.003,54.992,0.003,28.256,0.005,28.250,0.005,28.252,0.005,28.252,0.005,26.341,0.017,27.053,0.014,26.217,0.018,26.251,0.016,26.357,0.017,28.561,0.042,24.044,0.097,27.756,0.235
234008,15.001,0.001,55.092,0.003,55.104,0.003,54.968,0.003,54.994,0.003,28.256,0.005,28.252,0.005,28.252,0.005,28.252,0.005,26.341,0.017,27.053,0.014,26.217,0.018,26.252,0.016,26.358,0.017,28.560,0.042,24.012,0.096,27.739,0.235
235008,15.001,0.001,55.090,0.003,55.104,0.003,54.964,0.003,54.992,0.003,28.256,0.005,28.252,0.005,28.252,0.005,28.252,0.005,26.342,0.017,27.055,0.014,26.217,0.018,26.253,0.016,26.358,0.017,28.561,0.041,23.967,0.096,27.732,0.235
236008,15.001,0.001,55.090,0.003,55.102,0.003,54.968,0.003,54.994,0.003,28.256,0.005,28.250,0.005,28.252,0.005,28.252,0.005,26.341,0.017,27.056,0.014,26.217,0.018,26.253,0.016,26.359,0.017,28.562,0.041,23.975,0.096,27.712,0.235
237008,15.000,0.001,55.090,0.003,55.104,0.003,54.966,0.003,54.992,0.003,28.256,0.005,28.250,0.005,28.252,0.005,28.252,0.005,26.342,0.017,27.055,0.014,26.218,0.018,26.254,0.016,26.359,0.017,28.562,0.040,23.923,0.096,27.692,0.235
238008,15.000,0.001,55.090,0.003,55.104,0.003,54.968,0.003,54.994,0.003,28.256,0.005,28.252,0.005,28.252,0.005,28.254,0.005,26.343,0.017,27.055,0.014,26.218,0.018,26.253,0.016,26.358,0.017,28.562,0.040,23.926,0.096,27.675,0.235
239008,15.001,0.001,55.090,0.003,55.106,0.003,54.966,0.003,54.992,0.003,28.258,0.005,28.252,0.005,28.252,0.005,28.254,0.005,26.343,0.017,27.056,0.014,26.219,0.018,26.255,0.016,26.359,0.017,28.562,0.039,23.971,0.095,27.648,0.235
240008,15.000,0.001,55.090,0.004,55.102,0.003,54.964,0.003,54.992,0.003,28.256,0.005,28.250,0.005,28.252,0.005,28.252,0.005,26.344,0.017,27.057,0.014,26.220,0.018,26.255,0.016,26.361,0.017,28.563,0.039,23.958,0.095,27.607,0.236
241008,15.000,0.001,55.090,0.003,55.100,0.003,54.964,0.003,54.990,0.003,28.258,0.005,28.252,0.005,28.254,0.005,28.254,0.005,26.344,0.017,27.056,0.014,26.220,0.018,26.255,0.016,26.361,0.017,28.563,0.038,23.956,0.095,27.588,0.236
242008,15.000,0.001,55.088,0.004,55.104,0.004,54.966,0.003,54.992,0.003,28.258,0.005,28.252,0.005,28.254,0.005,28.254,0.005,26.344,0.017,27.057,0.014,26.220,0.017,26.255,0.016,26.362,0.017,28.563,0.037,23.956,0.095,27.604,0.236
243008,15.000,0.001,55.092,0.004,55.102,0.004,54.964,0.003,54.990,0.003,28.258,0.005,28.252,0.005,28.254,0.005,28.254,0.005,26.344,0.017,27.059,0.014,26.220,0.017,26.256,0.016,26.362,0.017,28.563,0.037,23.978,0.095,27.629,0.235
244008,15.000,0.001,55.090,0.004,55.104,0.004,54.964,0.003,54.992,0.003,28.258,0.005,28.252,0.005,28.254,0.005,28.254,0.005,26.346,0.017,27.059,0.014,26.222,0.017,26.256,0.016,26.362,0.017,28.563,0.036,23.959,0.095,27.647,0.234
245008,15.000,0.001,55.088,0.004,55.102,0.004,54.964,0.003,54.990,0.003,28.258,0.005,28.252,0.005,28.254,0.005,28.254,0.005,26.346,0.017,27.059,0.014,26.222,0.017,26.257,0.016,26.362,0.017,28.563,0.035,23.975,0.095,27.660,0.233
246008,15.002,0.001,55.090,0.004,55.104,0.004,54.966,0.003,54.992,0.003,28.258,0.005,28.252,0.005,28.254,0.005,28.254,0.005,26.346,0.017,27.060,0.014,26.223,0.017,26.258,0.016,26.363,0.017,28.563,0.035,23.958,0.095,27.660,0.232
247008,15.000,0.001,55.090,0.004,55.102,0.004,54.964,0.003,54.992,0.003,28.258,0.005,28.252,0.005,28.254,0.005,28.254,0.005,26.348,0.017,27.060,0.014,26.224,0.017,26.258,0.016,26.364,0.017,28.564,0.034,23.948,0.095,27.635,0.231
248008,15.000,0.001,55.090,0.004,55.102,0.004,54.964,0.003,54.992,0.003,28.258,0.005,28.252,0.005,28.254,0.005,28.254,0.005,26.347,0.017,27.061,0.014,26.224,0.017,26.258,0.016,26.364,0.017,28.566,0.033,24.009,0.095,27.634,0.230
249008,15.000,0.001,55.090,0.004,55.104,0.004,54.964,0.003,54.992,0.003,28.258,0.005,28.252,0.005,28.254,0.005,28.254,0.005,26.348,0.017,27.061,0.015,26.224,0.017,26.260,0.016,26.365,0.017,28.567,0.032,24.061,0.096,27.663,0.230
250008,15.000,0.001,55.090,0.004,55.104,0.004,54.964,0.003,54.992,0.003,28.258,0.005,28.252,0.005,28.254,0.005,28.254,0.005,26.350,0.017,27.062,0.015,26.224,0.017,26.259,0.016,26.364,0.016,28.568,0.031,23.957,0.096,27.658,0.229
251008,15.000,0.001,55.090,0.004,55.104,0.004,54.964,0.003,54.992,0.003,28.258,0.005,28.254,0.005,28.254,0.005,28.254,0.005,26.350,0.017,27.063,0.015,26.224,0.017,26.260,0.016,26.365,0.016,28.569,0.030,23.981,0.096,27.675,0.228
252008,15.002,0.001,55.092,0.004,55.104,0.003,54.964,0.003,54.992,0.003,28.258,0.005,28.252,0.005,28.254,0.005,28.254,0.005,26.348,0.017,27.063,0.015,26.225,0.017,26.261,0.016,26.365,0.016,28.569,0.030,24.037,0.097,27.685,0.227
253008,15.001,0.001,55.088,0.004,55.102,0.003,54.964,0.003,54.990,0.003,28.258,0.005,28.254,0.005,28.254,0.005,28.254,0.005,26.351,0.017,27.064,0.015,26.225,0.017,26.261,0.016,26.365,0.016,28.570,0.029,23.955,0.096,27.688,0.226
254008,15.000,0.001,55.090,0.004,55.102,0.003,54.966,0.003,54.992,0.003,28.258,0.005,28.254,0.005,28.254,0.005,28.254,0.005,26.350,0.017,27.064,0.015,26.226,0.017,26.261,0.016,26.367,0.016,28.570,0.028,23.940,0.095,27.692,0.223
255008,15.001,0.001,55.088,0.004,55.102,0.004,54.964,0.003,54.990,0.003,28.258,0.005,28.254,0.005,28.254,0.005,28.254,0.005,26.350,0.017,27.064,0.015,26.227,0.017,26.262,0.016,26.367,0.016,28.570,0.027,24.075,0.094,27.683,0.221
256008,15.001,0.001,55.092,0.003,55.100,0.004,54.964,0.003,54.990,0.003,28.258,0.005,28.254,0.005,28.254,0.005,28.254,0.005,26.351,0.017,27.065,0.015,26.228,0.017,26.262,0.016,26.367,0.016,28.571,0.026,24.164,0.097,27.689,0.218
257008,15.000,0.001,55.088,0.003,55.102,0.004,54.962,0.003,54.988,0.003,28.260,0.005,28.254,0.005,28.254,0.005,28.254,0.005,26.352,0.017,27.066,0.015,26.228,0.017,26.263,0.016,26.368,0.016,28.569,0.025,24.087,0.096,27.701,0.217
258009,14.999,0.001,55.090,0.003,55.102,0.004,54.962,0.003,54.990,0.003,28.260,0.005,28.254,0.005,28.254,0.005,28.254,0.005,26.352,0.017,27.067,0.015,26.228,0.017,26.263,0.016,26.369,0.016,28.568,0.024,24.098,0.097,27.728,0.217
259009,14.999,0.001,55.086,0.004,55.102,0.004,54.966,0.003,54.992,0.003,28.260,0.005,28.254,0.005,28.256,0.005,28.256,0.005,26.353,0.017,27.067,0.015,26.229,0.017,26.263,0.016,26.369,0.016,28.566,0.024,24.097,0.096,27.754,0.217
260009,15.000,0.001,55.090,0.003,55.104,0.004,54.962,0.003,54.990,0.003,28.260,0.005,28.254,0.005,28.256,0.005,28.256,0.005,26.354,0.017,27.067,0.015,26.229,0.017,26.264,0.016,26.370,0.016,28.566,0.023,24.086,0.097,27.792,0.217
261009,15.000,0.001,55.086,0.003,55.102,0.004,54.962,0.003,54.988,0.003,28.260,0.005,28.254,0.005,28.254,0.005,28.256,0.005,26.353,0.017,27.068,0.015,26.229,0.017,26.265,0.016,26.369,0.016,28.564,0.022,24.062,0.096,27.827,0.217
262009,15.002,0.001,55.088,0.003,55.102,0.003,54.962,0.003,54.988,0.003,28.260,0.005,28.254,0.005,28.256,0.005,28.256,0.005,26.354,0.017,27.068,0.015,26.229,0.017,26.265,0.016,26.371,0.016,28.562,0.022,24.010,0.095,27.848,0.218
263009,15.004,0.001,55.088,0.003,55.100,0.004,54.960,0.003,54.988,0.003,28.260,0.005,28.254,0.005,28.256,0.005,28.256,0.005,26.354,0.017,27.070,0.015,26.230,0.017,26.266,0.016,26.372,0.016,28.560,0.021,24.064,0.094,27.870,0.218
264009,15.003,0.001,55.088,0.003,55.104,0.003,54.962,0.004,54.990,0.003,28.260,0.005,28.256,0.005,28.256,0.005,28.256,0.005,26.354,0.017,27.070,0.015,26.231,0.017,26.266,0.016,26.372,0.016,28.557,0.021,24.066,0.093,27.881,0.219
265009,15.001,0.001,55.088,0.003,55.102,0.003,54.964,0.004,54.990,0.003,28.260,0.005,28.254,0.005,28.256,0.005,28.256,0.005,26.356,0.017,27.070,0.015,26.232,0.017,26.266,0.016,26.372,0.016,28.557,0.020,24.079,0.093,27.878,0.219
266009,14.998,0.001,55.088,0.003,55.104,0.003,54.964,0.004,54.990,0.003,28.260,0.005,28.254,0.005,28.256,0.005,28.256,0.005,26.356,0.017,27.071,0.016,26.232,0.017,26.267,0.016,26.373,0.016,28.555,0.019,24.046,0.091,27.863,0.218
267009,15.000,0.001,55.088,0.003,55.102,0.003,54.962,0.004,54.990,0.003,28.260,0.005,28.256,0.005,28.256,0.005,28.256,0.005,26.357,0.017,27.070,0.016,26.232,0.017,26.267,0.016,26.373,0.016,28.554,0.019,24.120,0.091,27.836,0.215
268009,14.998,0.001,55.088,0.003,55.102,0.003,54.964,0.004,54.990,0.003,28.260,0.005,28.256,0.005,28.256,0.005,28.258,0.005,26.356,0.017,27.071,0.016,26.232,0.017,26.268,0.016,26.374,0.016,28.555,0.018,24.286,0.096,27.826,0.212
269009,15.000,0.001,55.088,0.003,55.100,0.003,54.962,0.004,54.988,0.003,28.262,0.005,28.256,0.005,28.256,0.005,28.256,0.005,26.356,0.017,27.072,0.016,26.234,0.017,26.268,0.016,26.374,0.016,28.555,0.018,24.029,0.095,27.840,0.209
270009,14.998,0.001,55.088,0.003,55.100,0.003,54.964,0.004,54.990,0.003,28.260,0.005,28.256,0.005,28.258,0.005,28.258,0.005,26.358,0.017,27.072,0.016,26.234,0.017,26.268,0.016,26.375,0.016,28.555,0.017,24.078,0.096,27.837,0.206
271009,15.000,0.001,55.086,0.003,55.102,0.003,54.964,0.004,54.990,0.003,28.260,0.005,28.256,0.005,28.258,0.005,28.258,0.005,26.358,0.017,27.073,0.016,26.234,0.017,26.269,0.016,26.375,0.016,28.556,0.017,24.387,0.104,27.799,0.204
272009,15.000,0.001,55.088,0.003,55.102,0.003,54.962,0.003,54.988,0.003,28.262,0.005,28.256,0.005,28.256,0.005,28.256,0.005,26.359,0.017,27.073,0.016,26.236,0.017,26.270,0.016,26.375,0.016,28.556,0.016,24.361,0.110,27.756,0.201
273009,15.000,0.001,55.088,0.003,55.102,0.003,54.962,0.003,54.988,0.003,28.262,0.005,28.256,0.005,28.256,0.005,28.258,0.005,26.359,0.017,27.075,0.016,26.235,0.017,26.270,0.016,26.375,0.016,28.556,0.016,24.328,0.115,27.724,0.198
274009,14.999,0.001,55.088,0.003,55.100,0.003,54.962,0.004,54.988,0.003,28.262,0.005,28.256,0.005,28.258,0.005,28.258,0.005,26.359,0.017,27.076,0.016,26.236,0.017,26.270,0.016,26.376,0.016,28.555,0.015,24.288,0.119,27.686,0.195
275009,15.004,0.001,55.088,0.003,55.100,0.003,54.964,0.004,54.990,0.003,28.262,0.005,28.256,0.005,28.258,0.005,28.258,0.005,26.360,0.017,27.076,0.016,26.236,0.017,26.271,0.016,26.377,0.016,28.555,0.015,24.171,0.120,27.633,0.192
276009,15.005,0.001,55.086,0.003,55.102,0.003,54.962,0.003,54.988,0.003,28.260,0.005,28.256,0.005,28.256,0.005,28.258,0.005,26.360,0.017,27.076,0.016,26.237,0.017,26.271,0.016,26.377,0.016,28.554,0.014,24.216,0.122,27.577,0.191
277009,15.001,0.001,55.088,0.003,55.100,0.003,54.962,0.003,54.988,0.003,28.262,0.005,28.258,0.005,28.258,0.005,28.258,0.005,26.361,0.017,27.077,0.016,26.236,0.017,26.271,0.016,26.377,0.016,28.555,0.014,24.210,0.123,27.554,0.191
278009,14.999,0.001,55.086,0.003,55.102,0.003,54.962,0.003,54.988,0.003,28.262,0.005,28.258,0.005,28.258,0.005,28.258,0.005,26.361,0.017,27.077,0.016,26.237,0.017,26.272,0.016,26.378,0.016,28.554,0.013,24.124,0.124,27.571,0.191
279009,15.000,0.001,55.086,0.003,55.104,0.003,54.962,0.003,54.990,0.003,28.262,0.005,28.258,0.005,28.258,0.005,28.258,0.005,26.363,0.017,27.077,0.016,26.237,0.017,26.273,0.016,26.378,0.016,28.554,0.013,24.028,0.124,27.586,0.192
280009,14.998,0.001,55.086,0.003,55.100,0.003,54.962,0.004,54.988,0.003,28.262,0.005,28.258,0.005,28.258,0.005,28.258,0.005,26.362,0.017,27.079,0.016,26.238,0.017,26.273,0.016,26.379,0.016,28.553,0.012,24.093,0.124,27.598,0.192
