Wavelengths (microns) Transmittance (%)
2.000	0.12
2.001	0.16
2.002	0.05
2.003	0.02
2.003	0.05
2.004	-0.01
2.005	-0.01
2.006	0.02
2.006	0.00
2.007	0.04
2.008	0.12
2.009	0.24
2.010	0.26
2.010	0.23
2.011	0.27
2.012	0.25
2.013	0.11
2.013	0.04
2.014	0.10
2.015	0.11
2.016	0.08
2.017	0.05
2.017	0.05
2.018	0.13
2.019	0.23
2.020	0.34
2.020	0.36
2.021	0.25
2.022	0.12
2.023	0.01
2.024	-0.07
2.024	0.02
2.025	0.24
2.026	0.38
2.027	0.33
2.028	0.25
2.028	0.22
2.029	0.24
2.030	0.17
2.031	0.12
2.032	0.19
2.032	0.24
2.033	0.16
2.034	0.12
2.035	0.16
2.036	0.19
2.036	0.16
2.037	0.10
2.038	0.07
2.039	0.11
2.040	0.14
2.040	0.17
2.041	0.17
2.042	0.20
2.043	0.17
2.044	0.10
2.044	0.10
2.045	0.16
2.046	0.16
2.047	0.12
2.048	0.01
2.048	-0.02
2.049	0.04
2.050	0.15
2.051	0.15
2.052	0.16
2.052	0.22
2.053	0.20
2.054	0.14
2.055	0.13
2.056	0.19
2.057	0.21
2.057	0.18
2.058	0.17
2.059	0.11
2.060	0.04
2.061	0.01
2.061	0.03
2.062	0.12
2.063	0.27
2.064	0.33
2.065	0.26
2.066	0.17
2.066	0.10
2.067	0.01
2.068	-0.04
2.069	0.02
2.070	0.13
2.071	0.26
2.071	0.33
2.072	0.29
2.073	0.16
2.074	0.06
2.075	0.04
2.076	0.03
2.076	0.03
2.077	0.08
2.078	0.11
2.079	0.00
2.080	0.07
2.081	0.16
2.081	0.15
2.082	0.18
2.083	0.31
2.084	0.36
2.085	0.29
2.086	0.23
2.086	0.18
2.087	0.08
2.088	0.01
2.089	0.06
2.090	0.15
2.091	0.14
2.091	0.07
2.092	-0.01
2.093	-0.03
2.094	0.05
2.095	0.13
2.096	0.15
2.096	0.16
2.097	0.17
2.098	0.19
2.099	0.20
2.100	0.11
2.101	0.03
2.102	0.06
2.102	0.16
2.103	0.21
2.104	0.17
2.105	0.08
2.106	0.04
2.107	0.07
2.108	0.08
2.108	0.06
2.109	0.05
2.110	0.00
2.111	-0.01
2.112	0.04
2.113	0.08
2.114	0.10
2.114	0.10
2.115	0.07
2.116	0.01
2.117	-0.03
2.118	0.03
2.119	0.13
2.120	0.11
2.121	0.09
2.121	0.09
2.122	0.09
2.123	0.12
2.124	0.16
2.125	0.16
2.126	0.17
2.127	0.10
2.127	0.01
2.128	0.07
2.129	0.16
2.130	0.17
2.131	0.10
2.132	0.03
2.133	0.04
2.134	0.09
2.134	0.12
2.135	0.11
2.136	0.09
2.137	0.08
2.138	0.08
2.139	0.10
2.140	0.09
2.141	0.09
2.142	0.12
2.142	0.13
2.143	0.11
2.144	0.08
2.145	0.05
2.146	0.05
2.147	0.06
2.148	0.07
2.149	0.09
2.150	0.09
2.150	0.04
2.151	-0.01
2.152	-0.01
2.153	0.00
2.154	0.05
2.155	0.09
2.156	0.08
2.157	0.05
2.158	0.03
2.158	0.06
2.159	0.11
2.160	0.15
2.161	0.15
2.162	0.12
2.163	0.09
2.164	0.06
2.165	0.05
2.166	0.07
2.167	0.10
2.168	0.09
2.168	0.13
2.169	0.15
2.170	0.07
2.171	0.04
2.172	0.12
2.173	0.26
2.174	0.34
2.175	0.30
2.176	0.20
2.177	0.13
2.178	0.10
2.178	0.10
2.179	0.15
2.180	0.16
2.181	0.08
2.182	0.07
2.183	0.13
2.184	0.14
2.185	0.10
2.186	0.07
2.187	0.08
2.188	0.11
2.189	0.11
2.189	0.01
2.190	0.02
2.191	0.12
2.192	0.13
2.193	0.10
2.194	0.05
2.195	0.00
2.196	0.00
2.197	0.02
2.198	0.06
2.199	0.10
2.200	0.09
2.201	0.08
2.202	0.07
2.203	0.08
2.203	0.11
2.204	0.12
2.205	0.11
2.206	0.07
2.207	0.06
2.208	0.06
2.209	0.05
2.210	0.04
2.211	0.03
2.212	0.04
2.213	0.05
2.214	0.08
2.215	0.13
2.216	0.15
2.217	0.13
2.218	0.11
2.219	0.06
2.220	0.00
2.220	-0.01
2.221	0.03
2.222	0.06
2.223	0.05
2.224	0.05
2.225	0.05
2.226	0.02
2.227	0.01
2.228	0.04
2.229	0.05
2.230	0.03
2.231	0.01
2.232	0.03
2.233	0.08
2.234	0.10
2.235	0.05
2.236	-0.01
2.237	0.00
2.238	0.05
2.239	0.10
2.240	0.10
2.241	0.05
2.242	0.01
2.243	0.00
2.244	0.05
2.244	0.08
2.245	0.08
2.246	0.07
2.247	0.02
2.248	0.00
2.249	0.06
2.250	0.12
2.251	0.14
2.252	0.12
2.253	0.08
2.254	0.03
2.255	-0.01
2.256	-0.01
2.257	0.00
2.258	-0.03
2.259	-0.06
2.260	-0.02
2.261	0.06
2.262	0.07
2.263	0.05
2.264	0.07
2.265	0.09
2.266	0.07
2.267	0.07
2.268	0.09
2.269	0.10
2.270	0.12
2.271	0.10
2.272	0.03
2.273	-0.02
2.274	-0.04
2.275	-0.03
2.276	0.01
2.277	0.04
2.278	0.05
2.279	0.08
2.280	0.10
2.281	0.08
2.282	0.04
2.283	0.02
2.284	0.03
2.285	0.03
2.286	0.03
2.287	0.05
2.288	0.06
2.289	0.08
2.290	0.10
2.291	0.05
2.292	-0.04
2.293	-0.06
2.294	-0.02
2.295	0.03
2.296	0.07
2.297	0.08
2.298	0.07
2.299	0.06
2.300	0.04
2.301	0.02
2.302	0.02
2.303	0.03
2.304	0.07
2.305	0.12
2.306	0.12
2.307	0.08
2.308	0.05
2.310	0.06
2.311	0.06
2.312	0.02
2.313	0.00
2.314	0.05
2.315	0.12
2.316	0.13
2.317	0.05
2.318	-0.03
2.319	-0.02
2.320	0.03
2.321	0.08
2.322	0.11
2.323	0.10
2.324	0.04
2.325	0.05
2.326	0.09
2.327	0.09
2.328	0.07
2.329	0.05
2.330	0.06
2.331	0.09
2.332	0.12
2.333	0.12
2.334	0.10
2.336	0.03
2.337	-0.02
2.338	-0.02
2.339	0.03
2.340	0.05
2.341	0.05
2.342	0.09
2.343	0.13
2.344	0.10
2.345	0.05
2.346	0.03
2.347	0.02
2.348	0.01
2.349	0.01
2.350	0.03
2.351	0.06
2.352	0.09
2.354	0.09
2.355	0.06
2.356	0.02
2.357	-0.02
2.358	-0.03
2.359	-0.01
2.360	0.04
2.361	0.10
2.362	0.10
2.363	0.07
2.364	0.06
2.365	0.07
2.366	0.07
2.368	0.09
2.369	0.13
2.370	0.13
2.371	0.07
2.372	0.01
2.373	0.00
2.374	0.02
2.375	0.06
2.376	0.08
2.377	0.06
2.378	0.05
2.379	0.08
2.381	0.10
2.382	0.09
2.383	0.05
2.384	0.01
2.385	0.02
2.386	0.07
2.387	0.09
2.388	0.08
2.389	0.07
2.390	0.07
2.392	0.06
2.393	0.03
2.394	0.02
2.395	0.04
2.396	0.07
2.397	0.07
2.398	0.07
2.399	0.05
2.400	0.02
2.402	0.01
2.403	0.04
2.404	0.05
2.405	0.00
2.406	-0.04
2.407	-0.01
2.408	0.04
2.409	0.07
2.410	0.07
2.412	0.08
2.413	0.08
2.414	0.07
2.415	0.05
2.416	0.01
2.417	-0.01
2.418	0.01
2.419	0.02
2.421	0.03
2.422	0.01
2.423	-0.01
2.424	0.00
2.425	0.03
2.426	0.05
2.427	0.07
2.429	0.07
2.430	0.08
2.431	0.09
2.432	0.07
2.433	0.03
2.434	0.02
2.435	0.04
2.437	0.06
2.438	0.07
2.439	0.07
2.440	0.06
2.441	0.04
2.442	0.05
2.443	0.08
2.445	0.09
2.446	0.06
2.447	0.02
2.448	-0.02
2.449	-0.03
2.450	0.01
2.452	0.07
2.453	0.08
2.454	0.04
2.455	0.03
2.456	0.04
2.457	0.02
2.459	-0.01
2.460	0.00
2.461	0.02
2.462	0.02
2.463	0.04
2.464	0.06
2.466	0.08
2.467	0.07
2.468	0.02
2.469	-0.04
2.470	-0.01
2.471	0.04
2.473	0.04
2.474	0.05
2.475	0.04
2.476	0.02
2.477	0.01
2.478	0.02
2.480	0.00
2.481	-0.01
2.482	0.02
2.483	0.04
2.484	0.04
2.486	0.02
2.487	0.03
2.488	0.05
2.489	0.04
2.490	0.01
2.492	0.00
2.493	0.02
2.494	0.05
2.495	0.08
2.496	0.09
2.498	0.08
2.499	0.04
2.500	0.01
2.501	0.01
2.502	0.04
2.504	0.07
2.505	0.06
2.506	0.03
2.507	0.00
2.508	-0.01
2.510	-0.01
2.511	0.00
2.512	0.01
2.513	0.01
2.515	0.02
2.516	0.03
2.517	0.04
2.518	0.02
2.519	0.01
2.521	0.03
2.522	0.05
2.523	0.07
2.524	0.08
2.526	0.06
2.527	0.02
2.528	0.00
2.529	0.01
2.531	0.02
2.532	0.04
2.533	0.05
2.534	0.06
2.535	0.04
2.537	0.03
2.538	0.01
2.539	0.01
2.540	0.04
2.542	0.05
2.543	0.05
2.544	0.05
2.545	0.04
2.547	0.04
2.548	0.06
2.549	0.09
2.550	0.07
2.552	0.03
2.553	0.02
2.554	0.02
2.555	0.03
2.557	0.03
2.558	0.04
2.559	0.05
2.561	0.06
2.562	0.06
2.563	0.05
2.564	0.04
2.566	0.04
2.567	0.04
2.568	0.03
2.569	0.01
2.571	0.01
2.572	0.03
2.573	0.03
2.575	0.01
2.576	-0.02
2.577	-0.01
2.578	0.02
2.580	0.02
2.581	0.02
2.582	0.03
2.584	0.03
2.585	0.04
2.586	0.06
2.587	0.06
2.589	0.05
2.590	0.04
2.591	0.05
2.593	0.05
2.594	0.03
2.595	0.01
2.596	-0.01
2.598	0.01
2.599	0.03
2.600	0.02
2.602	0.04
2.603	0.05
2.604	0.04
2.606	0.04
2.607	0.06
2.608	0.05
2.610	0.04
2.611	0.03
2.612	0.04
2.613	0.07
2.615	0.07
2.616	0.05
2.617	0.03
2.619	0.02
2.620	0.02
2.621	0.02
2.623	0.02
2.624	0.02
2.625	0.03
2.627	0.03
2.628	0.02
2.629	0.01
2.631	0.02
2.632	0.02
2.633	0.02
2.635	0.03
2.636	0.03
2.637	0.02
2.639	0.02
2.640	0.03
2.641	0.03
2.643	0.04
2.644	0.05
2.646	0.06
2.647	0.04
2.648	0.03
2.650	0.02
2.651	0.02
2.652	0.03
2.654	0.04
2.655	0.04
2.656	0.03
2.658	0.03
2.659	0.02
2.660	0.02
2.662	0.02
2.663	0.03
2.665	0.05
2.666	0.06
2.667	0.06
2.669	0.04
2.670	0.01
2.671	-0.01
2.673	0.00
2.674	0.02
2.676	0.05
2.677	0.07
2.678	0.06
2.680	0.05
2.681	0.04
2.682	0.04
2.684	0.04
2.685	0.04
2.687	0.03
2.688	0.03
2.689	0.03
2.691	0.03
2.692	0.03
2.694	0.02
2.695	0.01
2.696	0.01
2.698	0.02
2.699	0.01
2.701	0.00
2.702	0.01
2.703	0.02
2.705	0.03
2.706	0.02
2.708	0.01
2.709	0.00
2.711	0.02
2.712	0.03
2.713	0.04
2.715	0.05
2.716	0.05
2.718	0.03
2.719	0.01
2.720	0.02
2.722	0.04
2.723	0.02
2.725	0.00
2.726	0.00
2.728	-0.01
2.729	0.00
2.731	0.02
2.732	0.03
2.733	0.04
2.735	0.05
2.736	0.05
2.738	0.04
2.739	0.02
2.741	-0.01
2.742	-0.01
2.744	0.00
2.745	0.03
2.746	0.05
2.748	0.05
2.749	0.03
2.751	0.04
2.752	0.05
2.754	0.05
2.755	0.05
2.757	0.05
2.758	0.04
2.760	0.04
2.761	0.03
2.763	0.01
2.764	0.00
2.765	0.02
2.767	0.04
2.768	0.03
2.770	0.01
2.771	0.02
2.773	0.04
2.774	0.05
2.776	0.03
2.777	0.03
2.779	0.04
2.780	0.04
2.782	0.03
2.783	0.03
2.785	0.01
2.786	0.00
2.788	0.00
2.789	0.00
2.791	-0.01
2.792	0.01
2.794	0.03
2.795	0.04
2.797	0.04
2.798	0.04
2.800	0.04
2.801	0.03
2.803	0.02
2.804	0.02
2.806	0.03
2.807	0.05
2.809	0.04
2.810	0.03
2.812	0.01
2.814	0.02
2.815	0.02
2.817	0.00
2.818	0.01
2.820	0.03
2.821	0.04
2.823	0.03
2.824	0.04
2.826	0.04
2.827	0.04
2.829	0.03
2.830	0.03
2.832	0.04
2.834	0.05
2.835	0.04
2.837	0.04
2.838	0.04
2.840	0.05
2.841	0.04
2.843	0.02
2.844	0.01
2.846	0.00
2.848	0.01
2.849	0.02
2.851	0.01
2.852	0.01
2.854	0.02
2.855	0.03
2.857	0.03
2.859	0.04
2.860	0.04
2.862	0.03
2.863	0.03
2.865	0.01
2.866	0.00
2.868	-0.01
2.870	0.00
2.871	0.03
2.873	0.04
2.874	0.04
2.876	0.02
2.878	0.01
2.879	0.01
2.881	0.01
2.882	0.03
2.884	0.03
2.886	0.02
2.887	0.04
2.889	0.04
2.890	0.02
2.892	0.01
2.894	0.00
2.895	0.01
2.897	0.02
2.899	0.03
2.900	0.03
2.902	0.04
2.903	0.02
2.905	0.02
2.907	0.02
2.908	0.02
2.910	0.02
2.912	0.03
2.913	0.04
2.915	0.05
2.916	0.03
2.918	0.00
2.920	0.01
2.921	0.04
2.923	0.05
2.925	0.04
2.926	0.04
2.928	0.05
2.930	0.06
2.931	0.04
2.933	0.01
2.935	-0.01
2.936	-0.02
2.938	-0.02
2.940	-0.01
2.941	-0.01
2.943	-0.01
2.945	0.00
2.946	0.01
2.948	0.03
2.950	0.04
2.951	0.03
2.953	0.01
2.955	0.00
2.956	0.01
2.958	0.02
2.960	0.02
2.961	0.01
2.963	0.01
2.965	0.01
2.967	0.01
2.968	0.02
2.970	0.03
2.972	0.03
2.973	0.03
2.975	0.02
2.977	0.02
2.978	0.03
2.980	0.04
2.982	0.04
2.984	0.02
2.985	0.02
2.987	0.03
2.989	0.03
2.991	0.02
2.992	0.01
2.994	0.01
2.996	0.00
2.997	0.00
2.999	0.01
3.001	0.02
3.003	0.02
3.004	0.00
3.006	0.00
3.008	0.01
3.010	0.03
3.011	0.04
3.013	0.02
3.015	0.01
3.017	0.02
3.018	0.02
3.020	0.02
3.022	0.02
3.024	0.02
3.025	0.01
3.027	0.00
3.029	0.00
3.031	0.01
3.032	0.01
3.034	0.02
3.036	0.02
3.038	0.01
3.040	0.01
3.041	0.01
3.043	0.01
3.045	0.01
3.047	0.02
3.049	0.02
3.050	0.01
3.052	0.00
3.054	0.00
3.056	0.02
3.058	0.02
3.059	0.02
3.061	0.02
3.063	0.01
3.065	0.00
3.067	0.00
3.068	0.01
3.070	0.02
3.072	0.02
3.074	0.02
3.076	0.02
3.078	0.02
3.079	0.02
3.081	0.02
3.083	0.02
3.085	0.01
3.087	0.01
3.089	0.02
3.090	0.01
3.092	0.00
3.094	0.01
3.096	0.03
3.098	0.02
3.100	0.01
3.101	0.01
3.103	0.01
3.105	0.02
3.107	0.03
3.109	0.03
3.111	0.01
3.113	0.00
3.115	0.00
3.116	0.01
3.118	0.02
3.120	0.01
3.122	0.01
3.124	0.01
3.126	0.01
3.128	0.02
3.130	0.02
3.131	0.02
3.133	0.03
3.135	0.03
3.137	0.02
3.139	0.02
3.141	0.02
3.143	0.01
3.145	0.01
3.147	0.01
3.149	0.01
3.150	0.00
3.152	-0.01
3.154	-0.01
3.156	0.00
3.158	0.01
3.160	0.02
3.162	0.02
3.164	0.01
3.166	0.01
3.168	0.02
3.170	0.02
3.172	0.02
3.174	0.01
3.176	0.00
3.178	0.00
3.179	0.00
3.181	0.00
3.183	0.00
3.185	0.01
3.187	0.02
3.189	0.02
3.191	0.02
3.193	0.02
3.195	0.02
3.197	0.02
3.199	0.02
3.201	0.02
3.203	0.02
3.205	0.02
3.207	0.02
3.209	0.03
3.211	0.03
3.213	0.03
3.215	0.02
3.217	0.02
3.219	0.02
3.221	0.02
3.223	0.02
3.225	0.00
3.227	0.01
3.229	0.02
3.231	0.03
3.233	0.02
3.235	0.01
3.237	0.01
3.239	0.00
3.241	0.01
3.243	0.02
3.245	0.03
3.247	0.03
3.249	0.03
3.251	0.02
3.253	0.01
3.255	0.01
3.257	0.00
3.259	0.00
3.262	0.01
3.264	0.01
3.266	0.01
3.268	0.00
3.270	0.01
3.272	0.02
3.274	0.03
3.276	0.02
3.278	0.01
3.280	0.01
3.282	0.01
3.284	0.01
3.286	0.01
3.288	0.01
3.291	0.01
3.293	0.01
3.295	0.01
3.297	0.01
3.299	0.02
3.301	0.02
3.303	0.02
3.305	0.02
3.307	0.02
3.309	0.02
3.312	0.01
3.314	0.01
3.316	0.01
3.318	0.01
3.320	0.00
3.322	0.01
3.324	0.01
3.326	0.01
3.329	0.01
3.331	0.01
3.333	0.01
3.335	0.00
3.337	0.00
3.339	0.00
3.341	0.01
3.344	0.01
3.346	0.01
3.348	0.01
3.350	0.01
3.352	0.00
3.354	0.01
3.357	0.02
3.359	0.01
3.361	0.01
3.363	0.00
3.365	0.00
3.367	0.00
3.370	0.00
3.372	0.02
3.374	0.03
3.376	0.03
3.378	0.02
3.381	0.00
3.383	0.00
3.385	0.00
3.387	0.00
3.389	0.01
3.392	0.00
3.394	0.01
3.396	0.01
3.398	0.01
3.401	0.02
3.403	0.02
3.405	0.02
3.407	0.02
3.410	0.01
3.412	0.01
3.414	0.02
3.416	0.02
3.419	0.01
3.421	0.00
3.423	0.00
3.425	0.01
3.428	0.02
3.430	0.02
3.432	0.02
3.434	0.01
3.437	0.02
3.439	0.02
3.441	0.01
3.444	-0.01
3.446	-0.01
3.448	0.00
3.450	0.01
3.453	0.01
3.455	0.01
3.457	0.02
3.460	0.02
3.462	0.01
3.464	0.00
3.467	0.00
3.469	0.00
3.471	0.00
3.474	0.02
3.476	0.01
3.478	0.00
3.481	0.01
3.483	0.01
3.485	0.01
3.488	0.00
3.490	0.00
3.492	0.00
3.495	0.01
3.497	0.02
3.499	0.02
3.502	0.02
3.504	0.02
3.506	0.02
3.509	0.01
3.511	0.01
3.514	0.01
3.516	0.01
3.518	0.01
3.521	0.01
3.523	0.01
3.526	0.01
3.528	0.01
3.530	0.02
3.533	0.01
3.535	0.00
3.538	0.00
3.540	0.00
3.542	0.00
3.545	0.00
3.547	0.00
3.550	0.01
3.552	0.02
3.555	0.02
3.557	0.01
3.559	0.01
3.562	0.01
3.564	0.01
3.567	0.01
3.569	0.02
3.572	0.02
3.574	0.02
3.577	0.01
3.579	0.01
3.582	0.01
3.584	0.01
3.587	0.01
3.589	0.01
3.592	0.00
3.594	0.00
3.596	0.01
3.599	0.01
3.601	0.01
3.604	0.01
3.607	0.01
3.609	0.01
3.612	0.01
3.614	0.01
3.617	0.01
3.619	0.02
3.622	0.02
3.624	0.01
3.627	0.01
3.629	0.01
3.632	0.01
3.634	0.02
3.637	0.01
3.639	0.00
3.642	-0.01
3.645	0.00
3.647	0.00
3.650	0.00
3.652	0.01
3.655	0.01
3.657	0.01
3.660	0.01
3.663	0.01
3.665	0.01
3.668	0.00
3.670	0.01
3.673	0.01
3.676	0.02
3.678	0.02
3.681	0.02
3.683	0.02
3.686	0.01
3.689	0.01
3.691	0.01
3.694	0.01
3.697	0.01
3.699	0.00
3.702	0.00
3.704	0.00
3.707	0.01
3.710	0.02
3.712	0.02
3.715	0.02
3.718	0.02
3.720	0.02
3.723	0.01
3.726	0.00
3.728	0.00
3.731	0.00
3.734	0.00
3.737	0.00
3.739	0.00
3.742	0.00
3.745	0.01
3.747	0.01
3.750	0.01
3.753	0.01
3.755	0.00
3.758	0.00
3.761	0.00
3.764	0.00
3.766	0.00
3.769	0.01
3.772	0.01
3.775	0.01
3.777	0.00
3.780	0.00
3.783	0.01
3.786	0.01
3.788	0.01
3.791	0.01
3.794	0.01
3.797	0.01
3.800	0.02
3.802	0.02
3.805	0.02
3.808	0.01
3.811	0.01
3.813	0.01
3.816	0.01
3.819	0.01
3.822	0.00
3.825	0.00
3.828	0.00
3.830	0.00
3.833	0.01
3.836	0.00
3.839	0.01
3.842	0.01
3.845	0.01
3.847	0.00
3.850	0.01
3.853	0.01
3.856	0.01
3.859	0.01
3.862	0.01
3.865	0.02
3.868	0.02
3.870	0.02
3.873	0.01
3.876	0.01
3.879	0.01
3.882	0.02
3.885	0.02
3.888	0.02
3.891	0.02
3.894	0.03
3.897	0.04
3.900	0.04
3.903	0.04
3.905	0.04
3.908	0.04
3.911	0.03
3.914	0.03
3.917	0.02
3.920	0.01
3.923	0.01
3.926	0.01
3.929	0.01
3.932	0.01
3.935	0.01
3.938	0.00
3.941	0.00
3.944	0.00
3.947	0.01
3.950	0.02
3.953	0.01
3.956	0.00
3.959	0.00
3.962	0.01
3.965	0.01
3.968	0.00
3.971	0.00
3.974	0.00
3.977	0.00
3.980	0.00
3.984	0.00
3.987	0.02
3.990	0.02
3.993	0.02
3.996	0.02
3.999	0.02
4.002	0.00
4.005	-0.01
4.008	0.00
4.011	0.01
4.014	0.01
4.017	0.01
4.021	0.01
4.024	0.01
4.027	0.00
4.030	0.00
4.033	0.00
4.036	0.00
4.039	0.00
4.043	0.00
4.046	0.00
4.049	0.00
4.052	0.00
4.055	0.00
4.058	0.01
4.062	0.01
4.065	0.01
4.068	0.01
4.071	0.01
4.074	0.01
4.078	0.00
4.081	0.00
4.084	0.00
4.087	0.01
4.090	0.00
4.094	0.00
4.097	0.00
4.100	0.00
4.103	0.00
4.107	0.00
4.110	0.01
4.113	0.01
4.116	0.01
4.120	0.01
4.123	0.01
4.126	0.01
4.130	0.01
4.133	0.01
4.136	0.00
4.139	0.00
4.143	0.00
4.146	0.00
4.149	0.00
4.153	0.00
4.156	0.00
4.159	0.01
4.163	0.01
4.166	0.00
4.169	0.00
4.173	0.00
4.176	0.01
4.179	0.01
4.183	0.01
4.186	0.01
4.190	0.01
4.193	0.01
4.196	0.01
4.200	0.01
4.203	0.01
4.207	0.01
4.210	0.01
4.213	0.00
4.217	0.00
4.220	0.00
4.224	0.01
4.227	0.01
4.231	0.01
4.234	0.01
4.238	0.01
4.241	0.01
4.245	0.00
4.248	0.00
4.251	0.01
4.255	0.01
4.258	0.01
4.262	0.01
4.265	0.02
4.269	0.02
4.273	0.01
4.276	0.00
4.280	0.00
4.283	0.01
4.287	0.01
4.290	0.00
4.294	0.00
4.297	0.01
4.301	0.01
4.304	0.02
4.308	0.02
4.312	0.01
4.315	0.01
4.319	0.01
4.322	0.01
4.326	0.01
4.330	0.00
4.333	0.00
4.337	0.00
4.340	0.00
4.344	0.01
4.348	0.01
4.351	0.01
4.355	0.01
4.359	0.01
4.362	0.01
4.366	0.01
4.370	0.01
4.373	0.01
4.377	0.01
4.381	0.00
4.385	0.00
4.388	0.00
4.392	0.00
4.396	0.00
4.399	0.01
4.403	0.01
4.407	0.01
4.411	0.01
4.414	0.01
4.418	0.01
4.422	0.02
4.426	0.01
4.430	0.00
4.433	0.00
4.437	0.00
4.441	0.00
4.445	0.00
4.449	0.00
4.452	0.01
4.456	0.01
4.460	0.01
4.464	0.01
4.468	0.01
4.472	0.01
4.475	0.01
4.479	0.00
4.483	0.00
4.487	0.00
4.491	0.01
4.495	0.01
4.499	0.01
4.503	0.01
4.507	0.01
4.510	0.01
4.514	0.00
4.518	0.01
4.522	0.01
4.526	0.01
4.530	0.01
4.534	0.01
4.538	0.01
4.542	0.01
4.546	0.01
4.550	0.01
4.554	0.01
4.558	0.01
4.562	0.01
4.566	0.01
4.570	0.01
4.574	0.01
4.578	0.01
4.582	0.02
4.586	0.02
4.590	0.02
4.594	0.02
4.599	0.02
4.603	0.02
4.607	0.02
4.611	0.02
4.615	0.01
4.619	0.01
4.623	0.02
4.627	0.02
4.631	0.02
4.636	0.01
4.640	0.01
4.644	0.01
4.648	0.01
4.652	0.01
4.656	0.02
4.661	0.02
4.665	0.02
4.669	0.02
4.673	0.03
4.677	0.03
4.682	0.02
4.686	0.01
4.690	0.01
4.694	0.01
4.699	0.01
4.703	0.01
4.707	0.01
4.711	0.01
4.716	0.02
4.720	0.02
4.724	0.02
4.729	0.01
4.733	0.01
4.737	0.01
4.742	0.01
4.746	0.01
4.750	0.01
4.755	0.01
4.759	0.01
4.763	0.01
4.768	0.01
4.772	0.01
4.777	0.01
4.781	0.01
4.785	0.00
4.790	0.01
4.794	0.01
4.799	0.01
4.803	0.01
4.808	0.01
4.812	0.01
4.816	0.01
4.821	0.01
4.825	0.01
4.830	0.01
4.834	0.01
4.839	0.01
4.844	0.01
4.848	0.00
4.853	0.00
4.857	0.01
4.862	0.01
4.866	0.01
4.871	0.01
4.875	0.00
4.880	0.00
4.885	0.00
4.889	0.00
4.894	0.01
4.898	0.01
4.903	0.01
4.908	0.01
4.912	0.00
4.917	0.00
4.922	0.00
4.926	0.00
4.931	0.00
4.936	0.01
4.940	0.01
4.945	0.02
4.950	0.02
4.955	0.02
4.959	0.02
4.964	0.01
4.969	0.01
4.974	0.01
4.978	0.01
4.983	0.02
4.988	0.02
4.993	0.01
4.998	0.01
5.002	0.01
5.007	0.01
5.012	0.01
5.017	0.01
5.022	0.01
5.027	0.01
5.032	0.01
5.036	0.01
5.041	0.01
5.046	0.00
5.051	0.01
5.056	0.01
5.061	0.00
5.066	0.00
5.071	0.00
5.076	0.00
5.081	-0.01
5.086	0.00
5.091	0.01
5.096	0.01
5.101	0.01
5.106	0.01
5.111	0.02
5.116	0.03
5.121	0.04
5.126	0.05
5.131	0.07
5.136	0.09
5.141	0.09
5.147	0.07
5.152	0.05
5.157	0.03
5.162	0.02
5.167	0.01
5.172	0.01
5.177	0.01
5.183	0.00
5.188	0.00
5.193	0.01
5.198	0.01
5.203	0.01
5.209	0.01
5.214	0.01
5.219	0.01
5.224	0.01
5.230	0.01
5.235	0.01
5.240	0.01
5.245	0.01
5.251	0.01
5.256	0.00
5.261	0.00
5.267	0.00
5.272	0.01
5.278	0.01
5.283	0.01
5.288	0.00
5.294	0.00
5.299	0.01
5.305	0.01
5.310	0.01
5.315	0.00
5.321	0.01
5.326	0.01
5.332	0.01
5.337	0.01
5.343	0.01
5.348	0.02
5.354	0.03
5.359	0.04
5.365	0.04
5.371	0.03
5.376	0.02
5.382	0.02
5.387	0.01
5.393	0.00
5.398	0.00
5.404	0.00
5.410	0.00
5.415	0.00
5.421	0.00
5.427	0.00
5.432	0.01
5.438	0.01
5.444	0.01
5.450	0.01
5.455	0.01
5.461	0.01
5.467	0.01
5.473	0.02
5.478	0.03
5.484	0.03
5.490	0.04
5.496	0.03
5.502	0.02
5.507	0.02
5.513	0.01
5.519	0.01
5.525	0.01
5.531	0.01
5.537	0.01
5.543	0.01
5.549	0.00
5.555	0.00
5.561	0.00
5.567	0.00
5.573	0.01
5.579	0.01
5.585	0.00
5.591	0.00
5.597	0.00
5.603	0.00
5.609	0.01
5.615	0.02
5.621	0.02
5.627	0.03
5.633	0.03
5.639	0.03
5.645	0.03
5.652	0.03
5.658	0.02
5.664	0.02
5.670	0.02
5.676	0.02
5.683	0.02
5.689	0.01
5.695	0.01
5.701	0.01
5.708	0.01
5.714	0.02
5.720	0.03
5.727	0.03
5.733	0.04
5.739	0.04
5.746	0.04
5.752	0.03
5.758	0.03
5.765	0.03
5.771	0.02
5.778	0.02
5.784	0.01
5.791	0.00
5.797	0.00
5.804	0.00
5.810	0.00
5.817	0.01
5.823	0.01
5.830	0.01
5.836	0.01
5.843	0.00
5.849	0.00
5.856	0.00
5.863	0.00
5.869	0.00
5.876	0.00
5.883	0.00
5.889	0.00
5.896	0.01
5.903	0.01
5.909	0.00
5.916	0.00
5.923	0.00
5.930	0.00
5.936	0.00
5.943	0.01
5.950	0.01
5.957	0.01
5.964	0.01
5.971	0.01
5.978	0.01
5.984	0.00
5.991	0.00
5.998	0.00
6.005	0.01
6.012	0.01
6.019	0.01
6.026	0.01
6.033	0.00
6.040	0.00
6.047	0.00
6.054	0.00
6.061	0.01
6.069	0.01
6.076	0.00
6.083	0.00
6.090	0.00
6.097	0.00
6.104	0.00
6.111	0.01
6.119	0.00
6.126	0.00
6.133	0.00
6.140	0.01
6.148	0.01
6.155	0.01
6.162	0.01
6.170	0.01
6.177	0.01
6.184	0.01
6.192	0.00
6.199	0.00
6.207	0.00
6.214	0.01
6.222	0.01
6.229	0.01
6.237	0.01
6.244	0.01
6.252	0.01
6.259	0.01
6.267	0.01
6.274	0.01
6.282	0.01
6.290	0.03
6.297	0.05
6.305	0.09
6.312	0.13
6.320	0.14
6.328	0.11
6.336	0.08
6.343	0.04
6.351	0.02
6.359	0.01
6.367	0.01
6.375	0.01
6.382	0.01
6.390	0.01
6.398	0.01
6.406	0.02
6.414	0.03
6.422	0.04
6.430	0.05
6.438	0.07
6.446	0.10
6.454	0.11
6.462	0.10
6.470	0.07
6.478	0.04
6.486	0.02
6.494	0.01
6.503	0.01
6.511	0.01
6.519	0.00
6.527	0.00
6.535	0.00
6.544	0.00
6.552	0.00
6.560	0.00
6.568	0.01
6.577	0.01
6.585	0.01
6.594	0.00
6.602	0.00
6.610	0.00
6.619	0.00
6.627	0.00
6.636	0.00
6.644	0.00
6.653	0.00
6.661	0.01
6.670	0.01
6.679	0.00
6.687	0.00
6.696	0.01
6.704	0.01
6.713	0.01
6.722	0.00
6.731	0.00
6.739	0.00
6.748	0.01
6.757	0.01
6.766	0.01
6.775	0.01
6.783	0.00
6.792	0.00
6.801	0.00
6.810	0.00
6.819	0.00
6.828	0.00
6.837	0.00
6.846	0.00
6.855	0.01
6.864	0.03
6.873	0.05
6.883	0.07
6.892	0.08
6.901	0.07
6.910	0.06
6.919	0.04
6.929	0.03
6.938	0.03
6.947	0.04
6.956	0.05
6.966	0.07
6.975	0.14
6.985	0.23
6.994	0.30
7.003	0.27
7.013	0.18
7.022	0.08
7.032	0.03
7.042	0.01
7.051	0.00
7.061	0.00
7.070	0.00
7.080	0.00
7.090	0.00
7.099	0.00
7.109	0.00
7.119	0.00
7.129	0.00
7.138	0.01
7.148	0.01
7.158	0.01
7.168	0.01
7.178	0.01
7.188	0.01
7.198	0.00
7.208	0.00
7.218	0.01
7.228	0.01
7.238	0.01
7.248	0.01
7.258	0.01
7.269	0.01
7.279	0.01
7.289	0.01
7.299	0.01
7.310	0.01
7.320	0.01
7.330	0.00
7.341	0.00
7.351	0.00
7.362	0.00
7.372	0.00
7.383	0.00
7.393	0.00
7.404	0.00
7.414	0.00
7.425	0.01
7.435	0.01
7.446	0.01
7.457	0.01
7.468	0.01
7.478	0.01
7.489	0.01
7.500	0.01
7.511	0.01
7.522	0.01
7.533	0.01
7.544	0.00
7.555	0.01
7.566	0.00
7.577	0.00
7.588	0.01
7.599	0.01
7.610	0.01
7.621	0.01
7.633	0.02
7.644	0.02
7.655	0.01
7.666	0.01
7.678	0.01
7.689	0.00
7.701	0.00
7.712	0.00
7.724	0.00
7.735	0.01
7.747	0.01
7.758	0.01
7.770	0.00
7.782	0.00
7.793	0.00
7.805	0.00
7.817	0.00
7.829	0.00
7.840	0.00
7.852	0.00
7.864	0.00
7.876	0.01
7.888	0.01
7.900	0.01
7.912	0.02
7.924	0.02
7.937	0.01
7.949	0.00
7.961	0.00
7.973	0.01
7.985	0.00
7.998	0.00
8.010	0.00
8.023	0.00
8.035	0.00
8.047	0.00
8.060	0.01
8.073	0.01
8.085	0.00
8.098	0.00
8.110	0.01
8.123	0.01
8.136	0.01
8.149	0.01
8.161	0.01
8.174	0.00
8.187	0.01
8.200	0.01
8.213	0.00
8.226	0.00
8.239	0.00
8.252	0.00
8.266	0.00
8.279	0.01
8.292	0.01
8.305	0.01
8.319	0.01
8.332	0.01
8.346	0.01
8.359	0.01
8.372	0.01
8.386	0.01
8.400	0.01
8.413	0.02
8.427	0.02
8.441	0.02
8.454	0.02
8.468	0.02
8.482	0.01
8.496	0.01
8.510	0.01
8.524	0.02
8.538	0.02
8.552	0.02
8.566	0.01
8.580	0.01
8.595	0.01
8.609	0.01
8.623	0.01
8.638	0.00
8.652	0.01
8.666	0.01
8.681	0.02
8.696	0.01
8.710	0.01
8.725	0.01
8.740	0.00
8.754	0.01
8.769	0.01
8.784	0.01
8.799	0.01
8.814	0.01
8.829	0.00
8.844	0.00
8.859	0.00
8.874	0.01
8.889	0.02
8.905	0.03
8.920	0.03
8.935	0.02
8.951	0.01
8.966	0.02
8.982	0.03
8.997	0.03
9.013	0.02
9.029	0.01
9.045	0.01
9.060	0.02
9.076	0.03
9.092	0.03
9.108	0.02
9.124	0.01
9.140	0.02
9.156	0.02
9.173	0.01
9.189	0.01
9.205	0.01
9.222	0.01
9.238	0.01
9.255	0.00
9.271	0.02
9.288	0.04
9.304	0.04
9.321	0.03
9.338	0.03
9.355	0.03
9.372	0.03
9.389	0.04
9.406	0.04
9.423	0.03
9.440	0.02
9.457	0.03
9.474	0.04
9.492	0.04
9.509	0.03
9.527	0.03
9.544	0.03
9.562	0.02
9.580	0.01
9.597	0.00
9.615	0.00
9.633	0.02
9.651	0.03
9.669	0.02
9.687	0.02
9.705	0.03
9.723	0.04
9.742	0.04
9.760	0.03
9.778	0.03
9.797	0.03
9.815	0.04
9.834	0.04
9.853	0.04
9.871	0.04
9.890	0.04
9.909	0.03
9.928	0.02
9.947	0.01
9.966	0.01
9.986	0.02
10.005	0.02
10.024	0.02
10.044	0.01
10.063	0.00
10.083	0.00
10.102	0.00
10.122	0.00
10.142	0.01
10.162	0.01
10.182	0.01
10.202	0.01
10.222	0.01
10.242	0.00
10.262	0.00
10.283	0.01
10.303	0.02
10.324	0.02
10.344	0.01
10.365	0.00
10.386	0.00
10.407	0.00
10.428	0.01
10.449	0.03
10.470	0.03
10.491	0.02
10.512	0.01
10.534	0.01
10.555	0.01
10.577	0.00
10.598	0.01
10.620	0.01
10.642	0.01
10.664	0.00
10.686	0.00
10.708	0.00
10.730	0.00
10.752	0.01
10.774	0.02
10.797	0.02
10.819	0.01
10.842	0.00
10.865	0.01
10.888	0.01
10.911	0.00
10.934	0.00
10.957	-0.01
10.980	0.00
11.003	0.02
11.027	0.01
11.050	0.00
11.074	0.01
11.098	0.01
11.121	0.02
11.145	0.02
11.169	0.02
11.193	0.01
11.218	0.00
11.242	0.01
11.266	0.02
11.291	0.02
11.316	0.02
11.340	0.03
11.365	0.04
11.390	0.03
11.415	0.03
11.440	0.01
11.466	0.00
11.491	0.00
11.517	0.01
11.542	0.02
11.568	0.02
11.594	0.01
11.620	0.01
11.646	0.00
11.672	0.01
11.699	0.02
11.725	0.01
11.752	0.00
11.779	0.01
11.805	0.02
11.832	0.02
11.859	0.03
11.887	0.03
11.914	0.02
11.941	0.01
11.969	0.01
11.997	0.02
12.024	0.02
12.052	0.03
12.081	0.03
12.109	0.02
12.137	0.01
12.166	0.00
12.194	0.00
12.223	0.01
12.252	0.02
12.281	0.03
12.310	0.02
12.339	0.03
12.369	0.03
12.398	0.02
12.428	0.01
12.458	0.01
12.488	0.01
12.518	0.01
12.548	0.01
12.579	0.02
12.610	0.03
12.640	0.02
12.671	0.01
12.702	0.01
12.734	0.01
12.765	0.01
12.796	0.01
12.828	0.00
12.860	-0.01
12.892	0.00
12.924	0.02
12.956	0.02
12.989	0.01
13.022	0.01
13.054	0.02
13.087	0.03
13.120	0.03
13.154	0.03
13.187	0.03
13.221	0.02
13.255	0.01
13.289	0.01
13.323	0.01
13.357	0.02
13.392	0.02
13.426	0.01
13.461	0.02
13.496	0.02
13.531	0.01
13.567	0.01
13.602	0.01
13.638	0.01
13.674	0.02
13.710	0.02
13.747	0.01
13.783	0.00
13.820	0.01
13.857	0.03
13.894	0.03
13.932	0.02
13.969	0.02
14.007	0.01
14.045	-0.01
14.083	0.00
14.121	0.02
14.160	0.04
14.199	0.03
14.238	0.02
14.277	0.01
14.316	0.01
14.356	0.01
14.396	0.02
14.436	0.00
14.476	0.00
14.517	0.01
14.558	0.02
14.599	0.03
14.640	0.02
14.681	0.02
14.723	0.03
14.765	0.03
14.807	0.02
14.850	0.00
14.892	0.00
14.935	0.02
14.978	0.02
15.022	0.00
15.065	0.00
15.109	0.00
15.154	0.01
15.198	0.02
15.243	0.02
15.288	0.02
15.333	0.02
15.378	0.02
15.424	0.03
15.470	0.02
15.517	0.02
15.563	0.02
15.610	0.03
15.657	0.02
15.705	0.01
15.752	0.02
15.801	0.03
15.849	0.06
15.897	0.09
15.946	0.11
15.995	0.13
16.045	0.14
16.095	0.17
16.145	0.25
16.195	0.34
16.246	0.45
16.297	0.63
16.349	0.89
16.400	1.27
16.453	1.80
16.505	2.51
16.558	3.49
16.611	4.84
16.664	6.73
16.718	9.34
16.772	12.94
16.827	17.82
16.881	24.27
16.937	32.43
16.992	42.03
17.048	52.32
17.104	62.07
17.161	70.03
17.218	75.49
17.275	78.51
17.333	79.65
17.391	79.64
17.450	79.09
17.509	78.40
17.568	77.78
17.628	77.24
17.688	76.66
17.748	75.94
17.809	75.01
17.871	73.79
17.933	72.07
17.995	69.49
18.058	65.60
18.121	60.08
18.184	52.87
18.249	44.35
18.313	35.38
18.378	26.98
18.443	19.83
18.509	14.19
18.575	10.02
18.642	7.08
18.709	5.05
18.777	3.63
18.846	2.64
18.914	1.96
18.984	1.44
19.053	1.03
19.124	0.77
19.195	0.61
19.266	0.51
19.338	0.45
19.410	0.40
19.483	0.31
19.557	0.19
19.631	0.13
19.706	0.11
19.781	0.11
19.857	0.17
19.933	0.23
20.010	0.21
20.087	0.17
20.165	0.13
20.244	0.11
20.324	0.10
20.404	0.14
20.484	0.15
20.566	0.08
20.648	0.04
20.730	0.07
20.813	0.11
20.897	0.10
20.982	0.03
21.067	0.02
21.153	0.12
21.240	0.19
21.327	0.13
21.416	0.04
21.504	0.04
21.594	0.08
21.684	0.11
21.776	0.13
21.867	0.11
21.960	0.10
22.053	0.14
22.147	0.18
22.242	0.18
22.338	0.17
22.435	0.16
22.533	0.12
22.631	0.06
22.730	0.01
22.831	0.00
22.932	0.03
23.034	-0.01
23.136	-0.01
23.240	0.00
23.345	0.00
23.451	0.00
23.557	0.00
23.665	0.00
23.773	0.00
23.883	0.00
23.993	-0.01
24.105	-0.02
24.218	-0.02
24.331	-0.02
24.446	-0.01
24.562	0.00
24.679	0.01
24.797	0.02
24.916	0.03
25.036	0.04
25.158	0.05
25.281	0.05
25.405	0.04
25.530	0.03
25.656	0.03
25.784	0.03
25.913	0.03
26.043	0.03
26.175	0.02
26.307	0.01
26.442	0.00
26.577	0.00
26.714	0.00
26.853	0.00
26.993	0.01
27.133	0.00
27.276	-0.02
27.421	-0.03
27.566	-0.04
27.714	-0.01
27.863	0.02
28.014	0.03
28.166	0.00
28.320	-0.02
28.475	-0.03
28.633	-0.03
28.792	-0.02
28.953	0.00
29.115	0.01
29.280	0.02
29.446	0.01
29.615	0.00
29.785	0.00
29.957	0.00
30.131	0.01
30.308	0.02
30.486	0.02
30.666	0.00
30.848	-0.03
31.033	-0.06
31.220	-0.07
31.409	-0.04
31.601	0.01
31.794	0.04
31.991	0.05
32.190	0.04
32.391	0.02
32.595	0.02
32.801	0.03
33.010	0.04
33.221	0.05
33.436	0.05
33.653	0.04
33.873	0.02
34.096	0.00
34.322	-0.02
34.551	-0.03
34.783	-0.03
35.018	-0.02
35.256	-0.01
35.496	0.00
35.741	0.01
35.989	0.01
36.241	0.00
36.496	-0.02
36.755	-0.01
37.018	0.00
37.284	0.00
37.554	0.00
37.829	-0.01
38.107	-0.03
38.389	-0.03
38.676	-0.03
38.967	-0.02
39.262	0.00
39.562	0.01
39.866	0.01
40.175	0.00
40.489	-0.01
40.808	-0.01
41.132	0.00
41.461	0.00
41.796	0.01
42.134	0.01
42.479	0.00
42.830	0.00
43.187	-0.01
43.550	-0.02
43.919	-0.03
44.295	-0.04
44.677	-0.04
45.065	-0.04
45.461	-0.03
45.863	-0.02
46.273	-0.01
46.690	-0.01
47.114	-0.01
47.547	-0.01
47.987	-0.02
48.436	-0.02
48.893	-0.03
49.358	-0.04
49.833	-0.04
50.317	-0.04
50.810	-0.03
51.311	-0.02
51.824	-0.01
52.348	0.00
52.882	0.01
53.427	0.03
53.984	0.03
54.552	0.04
55.133	0.03
55.726	0.03
56.332	0.02
56.951	0.02
57.584	0.02
58.231	0.02
58.893	0.02
59.570	0.01
60.263	0.01
60.972	0.01
61.698	0.03
62.441	0.04
63.203	0.05
63.984	0.04
64.784	0.04
65.604	0.03
66.441	0.03
67.304	0.04
68.190	0.05
69.099	0.05
70.033	0.05
70.992	0.05
71.979	0.03
72.993	0.02
74.036	0.00
75.109	-0.02
76.214	-0.03
77.351	-0.03
78.524	-0.03
79.732	-0.02
80.978	-0.01
82.264	0.00
83.591	0.01
84.962	0.01
86.378	0.01
87.843	0.00
89.358	0.00
90.926	0.00
92.541	0.00
94.224	0.01
95.969	0.01
97.780	0.02
99.661	0.02
101.616	0.01
103.648	0.00
105.764	0.00
107.968	0.01
110.266	0.03
112.663	0.05
115.168	0.05
117.786	0.03
120.525	0.00
123.396	-0.04
126.406	-0.07
129.567	-0.08
132.890	-0.06
136.388	-0.04
140.076	-0.02
143.968	0.00
148.082	0.01
152.439	0.00
157.035	-0.01
161.943	-0.02
167.168	-0.03
172.741	-0.03
178.699	-0.03
185.082	-0.02
191.939	-0.01
199.322	0.01