MS Elapsed,Bolo T,stddev,BB HBB Top,stddev,BB HBB Bottom,stddev,BB HBB Apex,stddev,BB HBB Avg,stddev,BB ABB Top,stddev,BB ABB Bottom,stddev,BB ABB Apex,stddev,BB ABB Avg,stddev,T Ch0,stddev,T Ch1,stddev,T Ch2,stddev,T Ch3,stddev,T Ch4,stddev,T Ch5,stddev,T Ch6,stddev,RH% Ch7,stddev
0,15.000,0.000,55.102,0.002,55.114,0.002,54.976,0.001,55.002,0.001,28.180,0.006,28.174,0.006,28.174,0.006,28.174,0.006,26.093,0.020,26.833,0.020,25.967,0.020,26.011,0.020,26.115,0.020,28.703,0.027,23.769,0.040,27.736,0.333
999,15.000,0.000,55.100,0.002,55.116,0.002,54.972,0.001,55.000,0.001,28.178,0.006,28.174,0.006,28.174,0.006,28.174,0.006,26.094,0.020,26.834,0.020,25.968,0.020,26.011,0.020,26.117,0.020,28.703,0.027,23.692,0.040,27.740,0.339
2000,15.000,0.000,55.100,0.002,55.118,0.002,54.974,0.001,55.002,0.001,28.180,0.006,28.174,0.006,28.174,0.006,28.174,0.006,26.093,0.020,26.834,0.020,25.968,0.020,26.012,0.020,26.117,0.020,28.703,0.027,23.770,0.041,27.754,0.345
3000,15.000,0.000,55.102,0.002,55.118,0.002,54.976,0.001,55.002,0.001,28.180,0.006,28.174,0.006,28.174,0.006,28.174,0.006,26.094,0.020,26.835,0.020,25.969,0.020,26.013,0.020,26.117,0.020,28.703,0.027,23.762,0.041,27.775,0.349
4000,15.001,0.000,55.104,0.002,55.116,0.002,54.974,0.001,55.002,0.001,28.180,0.006,28.174,0.006,28.174,0.006,28.176,0.006,26.094,0.020,26.835,0.020,25.969,0.020,26.014,0.020,26.119,0.020,28.703,0.027,23.756,0.042,27.799,0.353
5000,15.001,0.000,55.102,0.002,55.116,0.002,54.976,0.001,55.002,0.001,28.180,0.006,28.174,0.006,28.174,0.006,28.174,0.006,26.094,0.020,26.836,0.020,25.969,0.020,26.013,0.020,26.118,0.020,28.704,0.027,23.755,0.042,27.827,0.356
6000,15.001,0.000,55.104,0.002,55.114,0.002,54.974,0.001,55.002,0.001,28.180,0.006,28.174,0.006,28.176,0.006,28.176,0.006,26.096,0.020,26.837,0.020,25.970,0.020,26.015,0.020,26.119,0.020,28.704,0.027,23.728,0.041,27.845,0.359
7000,15.000,0.000,55.102,0.002,55.118,0.002,54.976,0.001,55.002,0.001,28.180,0.006,28.174,0.006,28.176,0.006,28.176,0.006,26.096,0.020,26.836,0.020,25.970,0.020,26.015,0.020,26.119,0.020,28.705,0.027,23.717,0.041,27.861,0.361
8000,15.000,0.000,55.102,0.002,55.118,0.002,54.974,0.001,55.002,0.001,28.180,0.006,28.176,0.006,28.176,0.006,28.176,0.006,26.096,0.020,26.837,0.020,25.971,0.020,26.016,0.020,26.120,0.020,28.706,0.027,23.743,0.042,27.862,0.363
9000,14.999,0.000,55.104,0.002,55.116,0.002,54.972,0.001,55.000,0.001,28.180,0.006,28.176,0.006,28.176,0.006,28.176,0.006,26.097,0.020,26.838,0.020,25.971,0.020,26.016,0.020,26.121,0.020,28.705,0.027,23.743,0.042,27.869,0.365
10000,15.001,0.000,55.100,0.002,55.114,0.002,54.972,0.001,55.000,0.001,28.182,0.006,28.176,0.006,28.176,0.006,28.176,0.006,26.099,0.020,26.838,0.020,25.972,0.020,26.016,0.020,26.122,0.020,28.706,0.027,23.756,0.042,27.878,0.366
11000,15.001,0.000,55.102,0.002,55.118,0.002,54.972,0.001,55.000,0.001,28.182,0.006,28.176,0.006,28.176,0.006,28.176,0.006,26.098,0.020,26.840,0.020,25.973,0.020,26.017,0.020,26.122,0.020,28.707,0.027,23.782,0.043,27.889,0.367
12000,15.000,0.000,55.104,0.002,55.116,0.002,54.974,0.001,55.000,0.001,28.182,0.006,28.176,0.006,28.176,0.006,28.176,0.006,26.098,0.020,26.840,0.020,25.973,0.020,26.017,0.020,26.122,0.020,28.707,0.027,23.782,0.043,27.889,0.367
13000,15.000,0.000,55.104,0.002,55.116,0.002,54.976,0.001,55.002,0.001,28.182,0.006,28.176,0.006,28.176,0.006,28.176,0.006,26.098,0.020,26.840,0.020,25.974,0.020,26.018,0.020,26.123,0.020,28.706,0.027,23.712,0.043,27.891,0.368
14000,15.000,0.000,55.104,0.002,55.114,0.002,54.974,0.001,55.002,0.001,28.182,0.006,28.176,0.006,28.176,0.006,28.176,0.006,26.100,0.020,26.841,0.021,25.974,0.020,26.018,0.020,26.123,0.020,28.706,0.026,23.685,0.043,27.898,0.369
15000,15.001,0.000,55.104,0.002,55.116,0.002,54.974,0.001,55.000,0.001,28.182,0.006,28.176,0.006,28.178,0.006,28.178,0.006,26.099,0.020,26.842,0.021,25.975,0.020,26.019,0.020,26.123,0.020,28.705,0.026,23.739,0.043,27.906,0.369
16000,15.000,0.000,55.102,0.002,55.116,0.002,54.974,0.001,55.002,0.001,28.182,0.006,28.176,0.006,28.176,0.006,28.178,0.006,26.101,0.020,26.843,0.021,25.976,0.020,26.019,0.020,26.125,0.020,28.704,0.026,23.748,0.043,27.910,0.369
17000,15.000,0.000,55.102,0.002,55.118,0.002,54.974,0.001,55.000,0.001,28.182,0.006,28.176,0.006,28.178,0.006,28.178,0.006,26.102,0.020,26.843,0.021,25.976,0.020,26.020,0.020,26.124,0.020,28.703,0.026,23.713,0.043,27.915,0.369
18000,15.000,0.000,55.102,0.002,55.116,0.002,54.974,0.001,55.002,0.001,28.182,0.006,28.176,0.006,28.176,0.006,28.178,0.006,26.103,0.020,26.843,0.021,25.976,0.020,26.020,0.020,26.124,0.020,28.704,0.026,23.731,0.043,27.923,0.369
19000,15.000,0.000,55.102,0.002,55.120,0.002,54.974,0.001,55.002,0.001,28.182,0.006,28.176,0.006,28.178,0.006,28.178,0.006,26.102,0.020,26.844,0.021,25.977,0.020,26.021,0.020,26.125,0.020,28.704,0.025,23.796,0.044,27.933,0.369
20000,15.001,0.000,55.100,0.002,55.116,0.002,54.974,0.001,55.002,0.001,28.182,0.006,28.178,0.006,28.178,0.006,28.178,0.006,26.103,0.020,26.845,0.021,25.977,0.020,26.021,0.020,26.126,0.020,28.703,0.025,23.725,0.044,27.942,0.368
21000,14.999,0.000,55.104,0.002,55.118,0.002,54.972,0.001,55.000,0.001,28.184,0.006,28.178,0.006,28.176,0.006,28.178,0.006,26.103,0.020,26.845,0.021,25.977,0.020,26.022,0.020,26.127,0.020,28.703,0.025,23.651,0.044,27.948,0.367
22000,14.998,0.000,55.102,0.002,55.116,0.002,54.974,0.001,55.000,0.001,28.182,0.006,28.176,0.006,28.178,0.006,28.178,0.006,26.104,0.020,26.845,0.021,25.979,0.020,26.022,0.020,26.127,0.020,28.703,0.025,23.650,0.044,27.948,0.366
23000,14.999,0.000,55.102,0.002,55.116,0.002,54.974,0.001,55.002,0.001,28.184,0.006,28.178,0.006,28.178,0.006,28.178,0.006,26.103,0.020,26.846,0.021,25.978,0.020,26.024,0.020,26.128,0.020,28.702,0.024,23.585,0.045,27.947,0.364
24000,15.000,0.000,55.104,0.002,55.116,0.002,54.974,0.001,55.000,0.001,28.184,0.006,28.178,0.006,28.178,0.006,28.178,0.006,26.105,0.020,26.847,0.021,25.980,0.020,26.024,0.020,26.129,0.020,28.703,0.024,23.629,0.045,27.941,0.362
25000,15.000,0.000,55.104,0.002,55.116,0.002,54.972,0.001,54.998,0.001,28.184,0.006,28.178,0.006,28.178,0.006,28.178,0.006,26.106,0.020,26.847,0.021,25.980,0.020,26.024,0.020,26.129,0.020,28.702,0.024,23.641,0.045,27.944,0.360
26000,15.001,0.000,55.104,0.002,55.118,0.002,54.970,0.001,54.998,0.001,28.184,0.006,28.178,0.006,28.178,0.006,28.180,0.006,26.107,0.020,26.849,0.021,25.981,0.020,26.025,0.020,26.129,0.020,28.704,0.024,23.623,0.045,27.944,0.357
27000,15.001,0.000,55.104,0.002,55.114,0.002,54.974,0.001,55.002,0.001,28.184,0.006,28.178,0.006,28.178,0.006,28.178,0.006,26.107,0.020,26.850,0.021,25.981,0.020,26.026,0.020,26.129,0.020,28.704,0.023,23.639,0.044,27.949,0.354
28000,15.000,0.000,55.102,0.002,55.116,0.002,54.972,0.001,55.000,0.001,28.184,0.006,28.178,0.006,28.178,0.006,28.180,0.006,26.107,0.020,26.849,0.021,25.981,0.020,26.026,0.020,26.130,0.020,28.703,0.023,23.667,0.044,27.951,0.350
29000,15.001,0.000,55.102,0.002,55.116,0.002,54.974,0.001,55.000,0.001,28.184,0.006,28.178,0.006,28.180,0.006,28.180,0.006,26.108,0.020,26.850,0.021,25.982,0.020,26.028,0.020,26.131,0.020,28.705,0.023,23.615,0.045,27.951,0.347
30000,15.001,0.000,55.102,0.002,55.114,0.002,54.976,0.001,55.002,0.001,28.186,0.006,28.178,0.006,28.180,0.006,28.180,0.006,26.109,0.020,26.851,0.021,25.983,0.020,26.027,0.020,26.132,0.020,28.706,0.023,23.646,0.045,27.943,0.343
31001,15.001,0.001,55.104,0.002,55.114,0.002,54.976,0.001,55.002,0.001,28.184,0.006,28.180,0.006,28.178,0.006,28.180,0.006,26.109,0.020,26.852,0.021,25.984,0.020,26.028,0.020,26.133,0.020,28.706,0.022,23.675,0.045,27.941,0.340
32001,15.000,0.001,55.102,0.002,55.116,0.002,54.976,0.001,55.002,0.001,28.184,0.006,28.180,0.006,28.180,0.006,28.180,0.006,26.110,0.020,26.851,0.021,25.983,0.020,26.028,0.020,26.134,0.020,28.707,0.022,23.647,0.045,27.932,0.337
33001,15.000,0.000,55.102,0.002,55.116,0.002,54.974,0.001,55.000,0.001,28.184,0.006,28.180,0.006,28.180,0.006,28.180,0.006,26.110,0.020,26.853,0.021,25.985,0.020,26.029,0.020,26.133,0.020,28.709,0.022,23.649,0.044,27.925,0.333
34001,15.000,0.000,55.102,0.002,55.116,0.002,54.970,0.002,54.998,0.001,28.186,0.006,28.180,0.006,28.180,0.006,28.180,0.006,26.110,0.020,26.853,0.021,25.986,0.020,26.030,0.020,26.135,0.020,28.709,0.022,23.647,0.044,27.918,0.330
35001,15.000,0.000,55.100,0.002,55.116,0.002,54.972,0.002,54.998,0.001,28.186,0.006,28.180,0.006,28.180,0.006,28.180,0.006,26.111,0.020,26.854,0.021,25.985,0.020,26.031,0.020,26.134,0.020,28.711,0.021,23.629,0.044,27.914,0.326
36001,15.000,0.000,55.104,0.002,55.114,0.002,54.974,0.002,55.000,0.001,28.186,0.006,28.180,0.006,28.180,0.006,28.180,0.006,26.112,0.020,26.854,0.021,25.987,0.020,26.031,0.020,26.137,0.020,28.713,0.021,23.629,0.043,27.916,0.323
37001,15.000,0.000,55.104,0.002,55.114,0.002,54.974,0.002,55.000,0.001,28.186,0.006,28.180,0.006,28.180,0.006,28.180,0.006,26.112,0.020,26.854,0.021,25.987,0.020,26.032,0.020,26.136,0.020,28.714,0.021,23.638,0.042,27.931,0.318
38001,15.000,0.000,55.102,0.002,55.116,0.002,54.974,0.002,55.000,0.001,28.186,0.006,28.180,0.006,28.180,0.006,28.182,0.006,26.114,0.020,26.854,0.021,25.987,0.020,26.032,0.020,26.137,0.020,28.717,0.021,23.640,0.041,27.961,0.313
39001,15.000,0.000,55.104,0.002,55.114,0.002,54.976,0.002,55.002,0.001,28.186,0.006,28.180,0.006,28.182,0.006,28.182,0.006,26.114,0.020,26.856,0.021,25.989,0.020,26.033,0.020,26.137,0.020,28.718,0.021,23.648,0.041,27.975,0.308
40001,15.000,0.000,55.102,0.002,55.116,0.002,54.976,0.002,55.002,0.001,28.186,0.006,28.180,0.006,28.180,0.006,28.182,0.006,26.115,0.020,26.856,0.021,25.989,0.020,26.033,0.020,26.138,0.020,28.718,0.020,23.781,0.041,27.986,0.303
41001,15.001,0.000,55.102,0.001,55.116,0.002,54.974,0.002,55.000,0.001,28.188,0.006,28.180,0.006,28.180,0.006,28.180,0.006,26.116,0.020,26.857,0.021,25.989,0.020,26.033,0.020,26.138,0.020,28.719,0.020,23.756,0.041,27.991,0.298
42001,15.001,0.000,55.104,0.001,55.114,0.002,54.974,0.002,55.000,0.001,28.186,0.006,28.180,0.006,28.182,0.006,28.182,0.006,26.115,0.020,26.858,0.021,25.990,0.020,26.035,0.020,26.139,0.020,28.721,0.020,23.724,0.041,27.991,0.294
43001,15.000,0.000,55.102,0.001,55.118,0.002,54.972,0.002,55.000,0.001,28.188,0.006,28.180,0.006,28.182,0.006,28.182,0.006,26.116,0.020,26.858,0.021,25.990,0.020,26.035,0.020,26.139,0.020,28.722,0.020,23.752,0.041,27.997,0.289
44001,15.000,0.000,55.100,0.002,55.114,0.002,54.974,0.002,55.000,0.001,28.186,0.006,28.182,0.006,28.182,0.006,28.182,0.006,26.116,0.020,26.859,0.021,25.991,0.020,26.036,0.020,26.140,0.020,28.723,0.020,23.718,0.041,28.000,0.285
45001,15.000,0.000,55.102,0.002,55.112,0.002,54.972,0.002,55.000,0.001,28.188,0.006,28.182,0.006,28.182,0.006,28.182,0.006,26.117,0.020,26.860,0.021,25.991,0.020,26.037,0.020,26.139,0.020,28.723,0.020,23.644,0.041,28.011,0.281
46001,14.999,0.000,55.102,0.002,55.114,0.002,54.974,0.002,55.000,0.001,28.188,0.006,28.182,0.006,28.182,0.006,28.182,0.006,26.117,0.020,26.861,0.021,25.992,0.020,26.036,0.020,26.141,0.020,28.724,0.020,23.634,0.041,28.018,0.277
47001,15.000,0.000,55.100,0.002,55.114,0.002,54.974,0.002,55.000,0.001,28.188,0.006,28.182,0.006,28.182,0.006,28.182,0.006,26.118,0.020,26.861,0.021,25.993,0.020,26.037,0.020,26.141,0.020,28.725,0.020,23.612,0.042,28.036,0.272
48001,15.000,0.000,55.104,0.002,55.118,0.002,54.972,0.002,55.000,0.001,28.188,0.006,28.182,0.006,28.182,0.006,28.182,0.006,26.119,0.020,26.861,0.021,25.994,0.020,26.039,0.020,26.142,0.020,28.724,0.020,23.643,0.042,28.065,0.268
49001,15.001,0.000,55.102,0.002,55.116,0.002,54.976,0.002,55.002,0.001,28.188,0.006,28.182,0.006,28.182,0.006,28.182,0.006,26.120,0.020,26.861,0.021,25.994,0.020,26.039,0.020,26.142,0.020,28.726,0.020,23.633,0.042,28.082,0.264
50001,15.000,0.000,55.104,0.002,55.114,0.002,54.974,0.002,55.002,0.001,28.188,0.006,28.182,0.006,28.182,0.006,28.184,0.006,26.121,0.020,26.862,0.021,25.995,0.020,26.038,0.020,26.144,0.020,28.728,0.020,23.668,0.043,28.099,0.260
51001,15.001,0.000,55.102,0.002,55.116,0.002,54.974,0.002,55.002,0.001,28.188,0.006,28.182,0.006,28.184,0.006,28.184,0.006,26.121,0.020,26.863,0.021,25.995,0.020,26.040,0.020,26.144,0.020,28.728,0.020,23.648,0.043,28.113,0.255
52001,15.000,0.000,55.100,0.002,55.114,0.002,54.978,0.002,55.004,0.001,28.188,0.006,28.182,0.006,28.184,0.006,28.184,0.006,26.121,0.020,26.864,0.021,25.995,0.020,26.040,0.020,26.145,0.020,28.728,0.020,23.619,0.043,28.128,0.251
53001,15.000,0.000,55.102,0.002,55.116,0.002,54.978,0.002,55.004,0.001,28.188,0.006,28.182,0.006,28.184,0.006,28.184,0.006,26.122,0.020,26.863,0.021,25.997,0.020,26.041,0.020,26.145,0.020,28.729,0.020,23.662,0.042,28.131,0.246
54001,15.000,0.000,55.102,0.002,55.114,0.002,54.974,0.002,55.002,0.001,28.188,0.006,28.182,0.006,28.184,0.006,28.184,0.006,26.123,0.020,26.865,0.021,25.996,0.020,26.041,0.020,26.146,0.020,28.729,0.020,23.617,0.043,28.140,0.242
55001,15.001,0.000,55.102,0.002,55.116,0.002,54.974,0.002,55.002,0.001,28.190,0.006,28.182,0.006,28.182,0.006,28.184,0.006,26.124,0.020,26.865,0.021,25.998,0.020,26.042,0.020,26.146,0.020,28.730,0.019,23.628,0.043,28.144,0.237
56001,15.001,0.000,55.102,0.002,55.116,0.002,54.972,0.002,55.000,0.001,28.190,0.006,28.184,0.006,28.184,0.006,28.184,0.006,26.124,0.020,26.867,0.021,25.997,0.020,26.043,0.020,26.147,0.020,28.730,0.019,23.600,0.044,28.153,0.232
57001,15.000,0.000,55.100,0.002,55.116,0.002,54.972,0.002,54.998,0.001,28.190,0.006,28.184,0.006,28.184,0.006,28.184,0.006,26.125,0.020,26.866,0.021,25.999,0.020,26.043,0.020,26.148,0.020,28.730,0.019,23.599,0.045,28.148,0.227
58001,15.000,0.000,55.102,0.002,55.116,0.002,54.974,0.002,55.002,0.001,28.190,0.006,28.184,0.006,28.184,0.006,28.184,0.006,26.125,0.020,26.868,0.021,26.000,0.020,26.044,0.020,26.148,0.020,28.730,0.019,23.595,0.046,28.125,0.222
59001,15.000,0.000,55.100,0.002,55.114,0.002,54.974,0.002,55.000,0.001,28.190,0.006,28.184,0.006,28.184,0.006,28.184,0.006,26.124,0.020,26.867,0.021,25.999,0.020,26.044,0.020,26.149,0.020,28.730,0.019,23.588,0.047,28.096,0.216
60001,15.000,0.000,55.104,0.002,55.116,0.002,54.974,0.002,55.000,0.001,28.190,0.006,28.184,0.006,28.184,0.006,28.184,0.006,26.125,0.020,26.868,0.021,26.001,0.020,26.045,0.020,26.149,0.020,28.731,0.019,23.621,0.047,28.076,0.209
61002,15.000,0.000,55.104,0.002,55.116,0.002,54.974,0.002,55.000,0.001,28.190,0.006,28.184,0.006,28.184,0.006,28.186,0.006,26.126,0.020,26.869,0.021,26.001,0.020,26.045,0.020,26.150,0.020,28.731,0.019,23.578,0.048,28.070,0.203
62002,15.000,0.000,55.102,0.002,55.114,0.002,54.974,0.002,55.000,0.001,28.190,0.006,28.184,0.006,28.186,0.006,28.186,0.006,26.126,0.020,26.869,0.021,26.001,0.020,26.046,0.020,26.151,0.020,28.731,0.019,23.580,0.049,28.087,0.199
63002,15.000,0.000,55.104,0.002,55.116,0.002,54.972,0.002,55.000,0.001,28.190,0.006,28.184,0.006,28.184,0.006,28.186,0.006,26.127,0.020,26.869,0.021,26.002,0.020,26.048,0.020,26.151,0.020,28.730,0.019,23.598,0.050,28.107,0.195
64002,15.000,0.000,55.102,0.002,55.114,0.002,54.970,0.002,54.998,0.001,28.190,0.006,28.186,0.006,28.186,0.006,28.186,0.006,26.128,0.020,26.870,0.021,26.003,0.020,26.047,0.020,26.153,0.020,28.730,0.019,23.574,0.051,28.128,0.193
65002,15.000,0.000,55.102,0.002,55.116,0.002,54.974,0.002,55.002,0.001,28.190,0.006,28.184,0.006,28.186,0.006,28.186,0.006,26.129,0.020,26.871,0.021,26.003,0.020,26.048,0.020,26.152,0.020,28.730,0.019,23.548,0.053,28.144,0.192
66002,15.000,0.000,55.102,0.002,55.114,0.002,54.974,0.002,55.000,0.001,28.190,0.006,28.186,0.006,28.186,0.006,28.186,0.006,26.128,0.020,26.872,0.021,26.005,0.020,26.048,0.020,26.153,0.020,28.729,0.019,23.549,0.054,28.142,0.192
67002,15.000,0.000,55.100,0.002,55.116,0.002,54.972,0.002,55.000,0.001,28.192,0.006,28.184,0.006,28.186,0.006,28.186,0.006,26.130,0.020,26.872,0.021,26.005,0.020,26.048,0.020,26.154,0.020,28.729,0.019,23.569,0.055,28.135,0.192
68002,15.000,0.000,55.102,0.001,55.114,0.002,54.972,0.002,55.000,0.001,28.192,0.006,28.186,0.006,28.186,0.006,28.186,0.006,26.130,0.020,26.874,0.021,26.005,0.020,26.049,0.020,26.154,0.020,28.730,0.018,23.553,0.056,28.121,0.192
69002,15.001,0.000,55.100,0.002,55.114,0.002,54.972,0.002,54.998,0.001,28.192,0.006,28.186,0.006,28.186,0.006,28.186,0.006,26.130,0.020,26.873,0.021,26.006,0.020,26.050,0.020,26.155,0.020,28.730,0.018,23.572,0.057,28.110,0.192
70002,15.000,0.000,55.100,0.002,55.114,0.002,54.974,0.002,55.000,0.001,28.192,0.006,28.186,0.006,28.186,0.006,28.186,0.006,26.131,0.020,26.874,0.021,26.006,0.020,26.051,0.020,26.156,0.020,28.730,0.018,23.556,0.058,28.108,0.191
71002,15.000,0.000,55.102,0.002,55.114,0.002,54.972,0.002,54.998,0.001,28.192,0.006,28.186,0.006,28.186,0.006,28.186,0.006,26.132,0.020,26.875,0.021,26.008,0.020,26.051,0.020,26.156,0.020,28.730,0.018,23.555,0.059,28.104,0.190
72002,15.000,0.000,55.102,0.001,55.116,0.002,54.974,0.002,55.000,0.001,28.192,0.006,28.186,0.006,28.188,0.006,28.188,0.006,26.133,0.020,26.875,0.021,26.008,0.020,26.053,0.020,26.157,0.020,28.731,0.018,23.566,0.060,28.102,0.189
73002,15.000,0.000,55.106,0.002,55.114,0.002,54.974,0.002,55.000,0.001,28.192,0.006,28.186,0.006,28.186,0.006,28.188,0.006,26.134,0.020,26.876,0.021,26.008,0.020,26.052,0.020,26.156,0.020,28.731,0.018,23.549,0.061,28.105,0.188
74002,15.000,0.000,55.102,0.002,55.116,0.002,54.974,0.002,55.000,0.001,28.192,0.006,28.186,0.006,28.186,0.006,28.188,0.006,26.134,0.020,26.877,0.021,26.008,0.020,26.053,0.020,26.158,0.020,28.733,0.018,23.539,0.062,28.097,0.186
75002,15.000,0.000,55.104,0.001,55.116,0.002,54.974,0.002,55.002,0.001,28.192,0.006,28.188,0.006,28.188,0.006,28.188,0.006,26.134,0.020,26.878,0.021,26.010,0.020,26.054,0.020,26.158,0.020,28.733,0.018,23.586,0.063,28.105,0.185
76002,15.000,0.000,55.102,0.001,55.112,0.002,54.974,0.002,55.000,0.001,28.192,0.006,28.186,0.006,28.188,0.006,28.188,0.006,26.135,0.020,26.878,0.021,26.010,0.020,26.054,0.020,26.159,0.020,28.735,0.017,23.628,0.063,28.125,0.185
77002,15.000,0.000,55.104,0.001,55.116,0.002,54.972,0.002,55.000,0.001,28.192,0.006,28.188,0.006,28.188,0.006,28.188,0.006,26.135,0.020,26.878,0.021,26.010,0.020,26.055,0.020,26.160,0.020,28.735,0.017,23.580,0.064,28.155,0.185
78002,15.000,0.000,55.102,0.001,55.118,0.002,54.972,0.002,55.000,0.001,28.194,0.006,28.188,0.006,28.188,0.006,28.188,0.006,26.136,0.020,26.880,0.021,26.010,0.020,26.055,0.020,26.160,0.020,28.735,0.017,23.624,0.064,28.179,0.186
79002,15.000,0.000,55.102,0.001,55.114,0.002,54.974,0.002,55.002,0.001,28.194,0.006,28.188,0.006,28.188,0.006,28.188,0.006,26.136,0.020,26.880,0.021,26.011,0.020,26.056,0.020,26.160,0.020,28.738,0.017,23.630,0.064,28.206,0.188
80002,15.000,0.000,55.102,0.001,55.116,0.002,54.974,0.002,55.002,0.001,28.194,0.006,28.188,0.006,28.188,0.006,28.188,0.006,26.138,0.020,26.880,0.021,26.011,0.020,26.056,0.020,26.161,0.020,28.739,0.017,23.610,0.064,28.222,0.191
81002,15.000,0.000,55.106,0.001,55.112,0.002,54.974,0.002,55.002,0.001,28.194,0.006,28.188,0.006,28.188,0.006,28.188,0.006,26.138,0.020,26.880,0.021,26.012,0.020,26.057,0.020,26.162,0.020,28.740,0.017,23.619,0.064,28.228,0.194
82002,15.001,0.000,55.104,0.001,55.114,0.002,54.972,0.002,55.000,0.001,28.194,0.006,28.188,0.006,28.188,0.006,28.190,0.006,26.139,0.020,26.881,0.021,26.012,0.020,26.058,0.020,26.162,0.020,28.741,0.017,23.636,0.064,28.230,0.197
83002,15.000,0.000,55.100,0.001,55.118,0.002,54.974,0.002,55.002,0.001,28.194,0.006,28.188,0.006,28.188,0.006,28.188,0.006,26.138,0.020,26.883,0.021,26.013,0.020,26.058,0.020,26.162,0.020,28.742,0.017,23.630,0.064,28.230,0.200
84002,15.000,0.000,55.102,0.001,55.116,0.002,54.976,0.002,55.002,0.001,28.194,0.006,28.188,0.006,28.190,0.006,28.190,0.006,26.138,0.020,26.883,0.021,26.013,0.020,26.058,0.020,26.162,0.020,28.742,0.017,23.630,0.064,28.230,0.200
85002,15.000,0.000,55.100,0.001,55.116,0.002,54.974,0.002,55.000,0.001,28.194,0.006,28.188,0.006,28.190,0.006,28.190,0.006,26.140,0.020,26.883,0.021,26.013,0.020,26.059,0.020,26.163,0.020,28.743,0.017,23.602,0.065,28.230,0.203
86002,15.001,0.000,55.102,0.001,55.114,0.002,54.972,0.002,55.000,0.001,28.194,0.006,28.188,0.006,28.190,0.006,28.190,0.006,26.140,0.020,26.883,0.021,26.014,0.020,26.060,0.020,26.164,0.020,28.745,0.017,23.605,0.065,28.228,0.206
87002,15.000,0.000,55.104,0.001,55.114,0.002,54.978,0.002,55.004,0.001,28.194,0.006,28.188,0.006,28.190,0.006,28.190,0.006,26.140,0.020,26.884,0.021,26.015,0.020,26.060,0.020,26.164,0.020,28.746,0.017,23.602,0.065,28.230,0.209
88002,15.001,0.000,55.104,0.001,55.116,0.002,54.972,0.002,55.000,0.001,28.196,0.006,28.188,0.006,28.190,0.006,28.190,0.006,26.141,0.020,26.884,0.021,26.015,0.020,26.060,0.020,26.164,0.020,28.747,0.017,23.592,0.066,28.223,0.212
89003,15.000,0.000,55.102,0.001,55.114,0.002,54.972,0.002,55.000,0.001,28.194,0.006,28.188,0.006,28.190,0.006,28.190,0.006,26.141,0.020,26.884,0.021,26.016,0.020,26.061,0.020,26.166,0.020,28.747,0.017,23.594,0.066,28.211,0.214
90003,15.000,0.000,55.102,0.001,55.112,0.002,54.974,0.002,55.000,0.001,28.196,0.006,28.190,0.006,28.190,0.006,28.190,0.006,26.143,0.020,26.886,0.021,26.017,0.020,26.061,0.020,26.166,0.020,28.749,0.017,23.593,0.066,28.192,0.216
91003,15.000,0.000,55.102,0.001,55.116,0.002,54.972,0.002,55.000,0.001,28.194,0.006,28.190,0.006,28.190,0.006,28.190,0.006,26.143,0.020,26.886,0.021,26.018,0.020,26.062,0.020,26.167,0.020,28.749,0.017,23.581,0.066,28.165,0.217
92003,15.000,0.000,55.104,0.001,55.116,0.002,54.976,0.002,55.002,0.001,28.196,0.006,28.190,0.006,28.190,0.006,28.190,0.006,26.143,0.020,26.886,0.021,26.017,0.020,26.063,0.020,26.167,0.020,28.749,0.017,23.581,0.067,28.141,0.218
93003,15.000,0.000,55.102,0.001,55.116,0.002,54.972,0.002,55.000,0.001,28.196,0.006,28.190,0.006,28.190,0.006,28.190,0.006,26.143,0.020,26.886,0.021,26.019,0.020,26.063,0.020,26.168,0.020,28.751,0.018,23.571,0.067,28.115,0.219
94003,15.001,0.000,55.104,0.001,55.116,0.002,54.974,0.002,55.000,0.001,28.196,0.006,28.190,0.006,28.190,0.006,28.192,0.006,26.145,0.020,26.887,0.021,26.019,0.020,26.064,0.020,26.168,0.020,28.752,0.018,23.613,0.067,28.074,0.219
95003,15.000,0.000,55.102,0.001,55.114,0.002,54.972,0.002,55.000,0.001,28.196,0.006,28.190,0.006,28.190,0.006,28.192,0.006,26.145,0.020,26.888,0.021,26.020,0.020,26.064,0.020,26.169,0.020,28.753,0.018,23.615,0.067,28.044,0.219
96003,15.000,0.000,55.102,0.001,55.116,0.002,54.976,0.002,55.002,0.001,28.196,0.006,28.190,0.006,28.190,0.006,28.192,0.006,26.146,0.020,26.889,0.021,26.020,0.020,26.065,0.020,26.170,0.020,28.756,0.018,23.606,0.067,27.979,0.218
97003,15.001,0.000,55.102,0.001,55.114,0.002,54.974,0.002,55.000,0.001,28.196,0.006,28.190,0.006,28.192,0.006,28.192,0.006,26.147,0.020,26.889,0.021,26.020,0.020,26.066,0.020,26.170,0.020,28.757,0.018,23.639,0.067,27.952,0.218
98003,15.000,0.000,55.102,0.001,55.114,0.002,54.972,0.002,54.998,0.001,28.196,0.006,28.190,0.006,28.192,0.006,28.192,0.006,26.147,0.020,26.889,0.021,26.022,0.020,26.066,0.020,26.170,0.020,28.758,0.018,23.582,0.067,27.969,0.218
99003,15.001,0.000,55.102,0.001,55.116,0.002,54.974,0.002,55.000,0.001,28.196,0.006,28.192,0.006,28.192,0.006,28.192,0.006,26.148,0.020,26.890,0.021,26.022,0.020,26.066,0.020,26.171,0.020,28.759,0.018,23.591,0.067,28.000,0.218
100003,15.000,0.000,55.100,0.001,55.114,0.002,54.972,0.002,55.000,0.001,28.196,0.006,28.192,0.006,28.192,0.006,28.192,0.006,26.148,0.020,26.891,0.021,26.022,0.020,26.067,0.020,26.172,0.020,28.760,0.019,23.602,0.067,28.037,0.218
101003,15.000,0.000,55.104,0.001,55.116,0.002,54.976,0.002,55.002,0.001,28.196,0.006,28.192,0.006,28.192,0.006,28.192,0.006,26.149,0.020,26.891,0.021,26.023,0.020,26.068,0.020,26.173,0.020,28.761,0.019,23.585,0.067,28.046,0.218
102003,15.000,0.000,55.106,0.001,55.116,0.002,54.974,0.002,55.002,0.001,28.198,0.006,28.192,0.006,28.192,0.006,28.192,0.006,26.148,0.020,26.891,0.021,26.024,0.020,26.069,0.020,26.174,0.020,28.762,0.019,23.625,0.067,28.054,0.218
103003,14.999,0.000,55.104,0.001,55.114,0.002,54.974,0.002,55.000,0.001,28.198,0.006,28.192,0.006,28.192,0.006,28.192,0.006,26.149,0.020,26.893,0.021,26.025,0.020,26.068,0.020,26.173,0.020,28.763,0.019,23.758,0.067,28.053,0.218
104003,15.003,0.001,55.102,0.001,55.116,0.002,54.974,0.002,55.002,0.001,28.198,0.006,28.192,0.006,28.192,0.006,28.192,0.006,26.151,0.020,26.893,0.021,26.025,0.020,26.069,0.020,26.174,0.020,28.764,0.020,23.650,0.067,28.071,0.218
105003,14.999,0.001,55.100,0.001,55.116,0.002,54.974,0.002,55.000,0.001,28.198,0.006,28.192,0.006,28.192,0.006,28.194,0.006,26.151,0.020,26.894,0.021,26.025,0.020,26.070,0.020,26.175,0.020,28.765,0.020,23.664,0.067,28.091,0.219
106003,14.998,0.001,55.102,0.001,55.114,0.002,54.972,0.002,55.000,0.001,28.198,0.006,28.192,0.006,28.192,0.006,28.194,0.006,26.151,0.020,26.895,0.021,26.027,0.020,26.070,0.020,26.175,0.020,28.767,0.020,23.685,0.067,28.084,0.219
107003,14.999,0.001,55.104,0.001,55.116,0.002,54.970,0.002,54.998,0.001,28.198,0.006,28.192,0.006,28.192,0.006,28.194,0.006,26.152,0.020,26.895,0.021,26.027,0.020,26.071,0.020,26.175,0.020,28.769,0.020,23.727,0.067,28.045,0.219
108003,15.000,0.001,55.102,0.001,55.118,0.002,54.974,0.002,55.000,0.001,28.198,0.006,28.192,0.006,28.194,0.006,28.194,0.006,26.152,0.020,26.894,0.021,26.027,0.020,26.072,0.020,26.177,0.020,28.769,0.021,23.775,0.067,28.000,0.218
109003,15.000,0.001,55.102,0.001,55.118,0.002,54.974,0.002,55.000,0.001,28.198,0.006,28.192,0.006,28.194,0.006,28.194,0.006,26.153,0.020,26.895,0.021,26.028,0.020,26.073,0.020,26.177,0.020,28.768,0.021,23.776,0.067,27.968,0.218
110003,15.000,0.001,55.102,0.001,55.114,0.002,54.974,0.002,55.000,0.001,28.198,0.006,28.192,0.006,28.194,0.006,28.194,0.006,26.153,0.020,26.896,0.021,26.028,0.020,26.074,0.020,26.179,0.020,28.771,0.021,23.705,0.067,27.971,0.218
111003,15.000,0.001,55.102,0.001,55.116,0.002,54.974,0.002,55.002,0.001,28.198,0.006,28.194,0.006,28.194,0.006,28.194,0.006,26.154,0.020,26.897,0.020,26.029,0.020,26.074,0.020,26.178,0.020,28.770,0.021,23.721,0.067,27.966,0.217
112003,15.000,0.001,55.104,0.001,55.114,0.002,54.974,0.002,55.000,0.001,28.200,0.006,28.194,0.006,28.194,0.006,28.194,0.006,26.154,0.020,26.897,0.020,26.030,0.020,26.074,0.020,26.179,0.020,28.771,0.021,23.787,0.068,27.936,0.216
113003,15.001,0.001,55.102,0.001,55.116,0.002,54.972,0.002,55.000,0.001,28.200,0.006,28.194,0.006,28.194,0.006,28.194,0.006,26.155,0.020,26.898,0.020,26.030,0.020,26.075,0.020,26.180,0.020,28.771,0.022,23.698,0.067,27.900,0.214
114003,15.001,0.001,55.104,0.001,55.112,0.002,54.976,0.002,55.004,0.001,28.200,0.006,28.194,0.006,28.194,0.006,28.194,0.006,26.156,0.020,26.899,0.020,26.031,0.020,26.076,0.020,26.181,0.020,28.773,0.022,23.787,0.068,27.868,0.213
115003,15.001,0.001,55.102,0.001,55.118,0.002,54.974,0.002,55.000,0.001,28.200,0.006,28.194,0.006,28.194,0.006,28.194,0.006,26.157,0.020,26.899,0.020,26.030,0.020,26.076,0.020,26.181,0.020,28.772,0.022,23.702,0.068,27.868,0.211
116003,15.001,0.001,55.100,0.001,55.116,0.002,54.972,0.002,54.998,0.001,28.200,0.006,28.194,0.006,28.194,0.006,28.196,0.006,26.157,0.020,26.899,0.020,26.033,0.020,26.077,0.020,26.181,0.020,28.772,0.022,23.680,0.068,27.915,0.209
117003,15.001,0.001,55.100,0.001,55.112,0.002,54.976,0.002,55.002,0.001,28.200,0.006,28.194,0.006,28.196,0.006,28.196,0.006,26.157,0.020,26.900,0.020,26.033,0.020,26.077,0.020,26.182,0.020,28.772,0.022,23.773,0.069,27.928,0.206
118003,15.000,0.001,55.104,0.001,55.116,0.002,54.972,0.002,55.000,0.001,28.200,0.006,28.194,0.006,28.196,0.006,28.196,0.006,26.158,0.020,26.900,0.020,26.033,0.020,26.078,0.020,26.183,0.020,28.772,0.023,23.794,0.069,27.957,0.201
119004,15.000,0.001,55.106,0.001,55.118,0.002,54.976,0.002,55.002,0.001,28.200,0.006,28.194,0.006,28.196,0.006,28.196,0.006,26.159,0.020,26.902,0.020,26.033,0.020,26.079,0.020,26.183,0.020,28.773,0.023,23.720,0.069,28.000,0.197
120004,15.001,0.001,55.104,0.001,55.118,0.002,54.976,0.002,55.002,0.001,28.200,0.006,28.194,0.006,28.196,0.006,28.196,0.006,26.159,0.020,26.901,0.020,26.034,0.020,26.079,0.020,26.184,0.020,28.776,0.023,23.773,0.070,28.046,0.191
121004,15.003,0.001,55.102,0.001,55.116,0.002,54.974,0.002,55.002,0.001,28.200,0.006,28.194,0.006,28.196,0.006,28.196,0.006,26.160,0.020,26.903,0.020,26.035,0.020,26.080,0.020,26.183,0.020,28.777,0.023,23.881,0.073,28.087,0.186
122004,15.004,0.001,55.106,0.002,55.116,0.002,54.974,0.002,55.000,0.001,28.202,0.006,28.196,0.006,28.196,0.006,28.196,0.006,26.160,0.020,26.903,0.020,26.035,0.020,26.080,0.020,26.186,0.020,28.779,0.024,23.986,0.078,28.113,0.182
123004,15.000,0.001,55.102,0.001,55.116,0.002,54.974,0.002,55.002,0.001,28.200,0.006,28.196,0.006,28.196,0.006,28.196,0.006,26.161,0.020,26.904,0.020,26.036,0.020,26.081,0.020,26.186,0.020,28.779,0.024,23.805,0.079,28.121,0.178
124004,14.998,0.001,55.104,0.001,55.118,0.002,54.972,0.002,55.000,0.001,28.202,0.006,28.196,0.006,28.196,0.006,28.196,0.006,26.162,0.020,26.904,0.020,26.037,0.020,26.081,0.020,26.187,0.020,28.779,0.024,23.761,0.079,28.142,0.174
125004,14.999,0.001,55.102,0.001,55.116,0.002,54.972,0.002,55.000,0.001,28.202,0.006,28.196,0.006,28.196,0.006,28.196,0.006,26.163,0.020,26.905,0.020,26.037,0.020,26.083,0.020,26.188,0.020,28.778,0.024,23.868,0.081,28.148,0.171
126004,15.000,0.001,55.102,0.001,55.114,0.002,54.974,0.002,55.000,0.001,28.202,0.006,28.196,0.006,28.196,0.006,28.196,0.006,26.165,0.020,26.905,0.020,26.037,0.020,26.082,0.020,26.188,0.020,28.780,0.024,23.855,0.082,28.146,0.169
127004,14.999,0.001,55.106,0.002,55.116,0.002,54.974,0.002,55.002,0.001,28.202,0.006,28.196,0.006,28.196,0.006,28.196,0.006,26.164,0.020,26.905,0.020,26.039,0.020,26.083,0.020,26.188,0.020,28.780,0.024,23.781,0.082,28.107,0.166
128004,14.999,0.001,55.104,0.002,55.116,0.002,54.974,0.002,55.000,0.001,28.202,0.006,28.196,0.006,28.196,0.006,28.198,0.006,26.164,0.020,26.907,0.020,26.040,0.020,26.084,0.020,26.189,0.020,28.780,0.025,23.742,0.083,28.080,0.164
129004,14.999,0.001,55.104,0.002,55.116,0.002,54.972,0.002,55.000,0.001,28.202,0.006,28.196,0.006,28.196,0.006,28.198,0.006,26.165,0.020,26.908,0.020,26.040,0.020,26.085,0.020,26.189,0.020,28.779,0.025,23.733,0.083,28.069,0.162
130004,15.000,0.001,55.102,0.002,55.114,0.002,54.974,0.002,55.000,0.001,28.202,0.006,28.196,0.006,28.196,0.006,28.198,0.006,26.165,0.020,26.905,0.020,26.039,0.020,26.085,0.020,26.190,0.020,28.781,0.025,23.685,0.082,28.071,0.160
131004,15.000,0.001,55.104,0.002,55.116,0.002,54.974,0.002,55.002,0.001,28.202,0.006,28.196,0.006,28.198,0.006,28.198,0.006,26.166,0.020,26.908,0.020,26.040,0.020,26.085,0.020,26.191,0.020,28.781,0.025,23.751,0.082,28.076,0.158
132004,15.001,0.001,55.102,0.001,55.114,0.002,54.972,0.002,54.998,0.001,28.204,0.006,28.196,0.006,28.198,0.006,28.198,0.006,26.167,0.020,26.909,0.020,26.041,0.020,26.085,0.020,26.192,0.020,28.783,0.025,23.742,0.082,28.075,0.156
133004,15.001,0.001,55.102,0.001,55.116,0.001,54.976,0.002,55.002,0.001,28.202,0.006,28.196,0.006,28.198,0.006,28.198,0.006,26.168,0.020,26.909,0.020,26.042,0.020,26.087,0.020,26.192,0.020,28.783,0.025,23.763,0.082,28.077,0.154
134004,15.001,0.001,55.106,0.002,55.116,0.001,54.972,0.002,55.000,0.001,28.202,0.006,28.196,0.006,28.198,0.006,28.198,0.006,26.168,0.020,26.910,0.020,26.042,0.020,26.087,0.020,26.193,0.020,28.786,0.026,23.769,0.082,28.084,0.153
135004,15.001,0.001,55.102,0.002,55.118,0.002,54.974,0.002,55.002,0.001,28.204,0.006,28.196,0.006,28.198,0.006,28.198,0.006,26.169,0.020,26.910,0.020,26.043,0.020,26.088,0.020,26.193,0.020,28.786,0.026,23.686,0.082,28.091,0.151
136004,15.001,0.001,55.104,0.002,55.114,0.002,54.976,0.002,55.002,0.001,28.204,0.006,28.198,0.006,28.198,0.006,28.198,0.006,26.168,0.020,26.911,0.020,26.043,0.020,26.088,0.020,26.193,0.020,28.786,0.026,23.682,0.082,28.087,0.150
137004,15.001,0.001,55.102,0.002,55.116,0.002,54.972,0.002,55.000,0.001,28.204,0.006,28.198,0.006,28.198,0.006,28.198,0.006,26.169,0.020,26.912,0.020,26.044,0.020,26.088,0.020,26.195,0.020,28.787,0.026,23.733,0.082,28.039,0.148
138004,15.000,0.001,55.102,0.002,55.118,0.002,54.976,0.002,55.002,0.001,28.204,0.006,28.198,0.006,28.198,0.006,28.198,0.006,26.169,0.020,26.912,0.020,26.045,0.020,26.089,0.020,26.195,0.020,28.787,0.026,23.696,0.082,27.980,0.147
139004,14.999,0.001,55.104,0.002,55.116,0.002,54.974,0.002,55.002,0.001,28.204,0.006,28.198,0.006,28.200,0.006,28.200,0.006,26.170,0.020,26.913,0.020,26.046,0.020,26.090,0.020,26.195,0.020,28.788,0.026,23.654,0.082,27.944,0.147
140004,14.998,0.001,55.104,0.002,55.116,0.002,54.974,0.002,55.000,0.001,28.204,0.006,28.198,0.006,28.198,0.006,28.200,0.006,26.171,0.020,26.913,0.020,26.046,0.020,26.091,0.020,26.195,0.020,28.789,0.026,23.650,0.081,27.892,0.148
141004,14.998,0.001,55.104,0.002,55.116,0.001,54.974,0.002,55.000,0.001,28.204,0.006,28.198,0.006,28.198,0.006,28.200,0.006,26.172,0.020,26.913,0.020,26.046,0.020,26.092,0.020,26.197,0.020,28.790,0.026,23.609,0.081,27.880,0.149
142004,15.000,0.001,55.104,0.002,55.118,0.001,54.972,0.002,55.000,0.001,28.206,0.006,28.198,0.006,28.200,0.006,28.200,0.006,26.172,0.020,26.914,0.020,26.047,0.020,26.091,0.020,26.197,0.020,28.789,0.026,23.547,0.081,27.791,0.153
143004,15.000,0.001,55.102,0.002,55.118,0.001,54.974,0.002,55.002,0.001,28.206,0.006,28.198,0.006,28.200,0.006,28.200,0.006,26.172,0.020,26.915,0.020,26.048,0.020,26.093,0.020,26.198,0.020,28.790,0.026,23.583,0.082,27.728,0.159
144004,15.000,0.001,55.102,0.002,55.114,0.001,54.974,0.002,55.000,0.001,28.204,0.006,28.198,0.006,28.200,0.006,28.200,0.006,26.174,0.020,26.915,0.020,26.049,0.020,26.092,0.020,26.197,0.020,28.791,0.026,23.631,0.081,27.665,0.168
145004,15.001,0.001,55.106,0.002,55.116,0.001,54.970,0.002,55.000,0.001,28.206,0.006,28.200,0.006,28.200,0.006,28.200,0.006,26.174,0.020,26.916,0.020,26.050,0.020,26.094,0.020,26.198,0.020,28.790,0.026,23.669,0.081,27.600,0.179
146004,15.000,0.001,55.104,0.002,55.118,0.001,54.974,0.002,55.000,0.001,28.206,0.006,28.200,0.006,28.200,0.006,28.200,0.006,26.174,0.020,26.916,0.020,26.049,0.020,26.094,0.020,26.200,0.020,28.788,0.026,23.687,0.081,27.556,0.192
147005,15.000,0.001,55.104,0.002,55.116,0.001,54.974,0.002,55.002,0.001,28.206,0.006,28.200,0.006,28.200,0.006,28.200,0.006,26.176,0.020,26.918,0.020,26.050,0.020,26.094,0.020,26.200,0.020,28.788,0.026,23.617,0.081,27.517,0.206
148005,15.000,0.001,55.104,0.002,55.116,0.001,54.974,0.002,55.002,0.001,28.206,0.006,28.200,0.006,28.200,0.006,28.200,0.006,26.176,0.020,26.917,0.020,26.050,0.020,26.094,0.020,26.200,0.020,28.788,0.026,23.593,0.082,27.449,0.222
149005,15.000,0.001,55.102,0.002,55.116,0.001,54.972,0.002,55.000,0.001,28.206,0.006,28.200,0.006,28.200,0.006,28.200,0.006,26.176,0.020,26.918,0.020,26.051,0.020,26.096,0.020,26.201,0.020,28.789,0.026,23.700,0.082,27.402,0.240
150005,15.000,0.001,55.104,0.002,55.116,0.001,54.974,0.002,55.002,0.001,28.206,0.006,28.200,0.006,28.200,0.006,28.202,0.006,26.176,0.020,26.919,0.020,26.052,0.020,26.097,0.020,26.201,0.020,28.787,0.026,23.648,0.082,27.298,0.262
151005,15.000,0.001,55.104,0.002,55.118,0.001,54.974,0.002,55.002,0.001,28.206,0.006,28.202,0.006,28.200,0.006,28.202,0.006,26.178,0.020,26.920,0.020,26.051,0.020,26.097,0.020,26.201,0.020,28.786,0.026,23.667,0.082,27.230,0.285
152005,15.000,0.001,55.102,0.002,55.116,0.001,54.972,0.002,55.000,0.001,28.206,0.006,28.200,0.006,28.200,0.006,28.202,0.006,26.178,0.020,26.920,0.020,26.052,0.020,26.096,0.020,26.203,0.020,28.785,0.025,23.722,0.082,27.194,0.309
153005,15.001,0.001,55.104,0.002,55.118,0.001,54.974,0.002,55.002,0.001,28.206,0.006,28.200,0.006,28.202,0.006,28.202,0.006,26.179,0.020,26.920,0.020,26.053,0.020,26.098,0.020,26.203,0.020,28.785,0.025,23.767,0.082,27.169,0.331
154005,15.001,0.001,55.104,0.002,55.116,0.001,54.976,0.002,55.002,0.001,28.206,0.006,28.202,0.006,28.202,0.006,28.202,0.006,26.179,0.020,26.920,0.020,26.053,0.020,26.098,0.020,26.204,0.020,28.785,0.025,23.721,0.083,27.139,0.354
155005,15.000,0.001,55.104,0.002,55.116,0.001,54.976,0.002,55.002,0.001,28.208,0.006,28.202,0.006,28.200,0.006,28.202,0.006,26.180,0.020,26.920,0.020,26.054,0.020,26.099,0.020,26.203,0.020,28.785,0.025,23.733,0.083,27.125,0.375
156005,15.000,0.001,55.106,0.002,55.118,0.002,54.974,0.002,55.002,0.001,28.206,0.006,28.202,0.006,28.202,0.006,28.202,0.006,26.180,0.020,26.921,0.020,26.055,0.020,26.100,0.020,26.203,0.020,28.784,0.025,23.695,0.083,27.126,0.395
157005,15.000,0.001,55.104,0.002,55.116,0.002,54.972,0.002,54.998,0.001,28.208,0.006,28.202,0.006,28.202,0.006,28.202,0.006,26.180,0.020,26.921,0.020,26.055,0.020,26.100,0.020,26.203,0.020,28.784,0.025,23.695,0.083,27.126,0.395
158005,15.000,0.001,55.106,0.002,55.118,0.002,54.972,0.002,55.000,0.001,28.208,0.006,28.202,0.006,28.202,0.006,28.204,0.006,26.181,0.020,26.921,0.020,26.056,0.020,26.100,0.020,26.205,0.020,28.784,0.024,23.677,0.083,27.135,0.414
159005,15.000,0.001,55.104,0.002,55.118,0.002,54.976,0.002,55.002,0.001,28.208,0.006,28.202,0.006,28.202,0.006,28.204,0.006,26.182,0.020,26.923,0.020,26.056,0.020,26.101,0.020,26.205,0.020,28.784,0.024,23.681,0.083,27.139,0.431
160005,15.000,0.001,55.104,0.002,55.118,0.002,54.974,0.002,55.002,0.001,28.208,0.006,28.202,0.006,28.202,0.006,28.202,0.006,26.181,0.020,26.923,0.020,26.058,0.020,26.102,0.020,26.205,0.020,28.784,0.024,23.673,0.083,27.167,0.446
161005,15.000,0.001,55.104,0.002,55.118,0.002,54.976,0.002,55.002,0.001,28.208,0.006,28.202,0.006,28.202,0.006,28.204,0.006,26.184,0.020,26.924,0.020,26.057,0.020,26.102,0.020,26.207,0.020,28.784,0.024,23.675,0.083,27.187,0.460
162005,15.000,0.001,55.102,0.002,55.116,0.002,54.974,0.002,55.000,0.001,28.208,0.006,28.202,0.006,28.202,0.006,28.204,0.006,26.184,0.020,26.924,0.020,26.057,0.020,26.103,0.020,26.208,0.020,28.784,0.024,23.613,0.082,27.206,0.472
163005,15.000,0.001,55.104,0.002,55.118,0.002,54.976,0.002,55.002,0.001,28.208,0.006,28.202,0.006,28.204,0.006,28.204,0.006,26.183,0.020,26.925,0.020,26.058,0.020,26.103,0.020,26.208,0.020,28.784,0.024,23.649,0.082,27.191,0.485
164005,15.000,0.001,55.102,0.002,55.118,0.002,54.972,0.002,55.000,0.001,28.208,0.006,28.204,0.006,28.204,0.006,28.204,0.006,26.184,0.020,26.925,0.020,26.058,0.020,26.104,0.020,26.208,0.020,28.785,0.024,23.680,0.082,27.155,0.498
165005,15.000,0.001,55.106,0.002,55.118,0.002,54.974,0.002,55.000,0.001,28.210,0.006,28.204,0.006,28.204,0.006,28.204,0.006,26.184,0.020,26.926,0.020,26.059,0.020,26.104,0.020,26.209,0.020,28.786,0.023,23.637,0.081,27.126,0.511
166005,15.000,0.001,55.106,0.002,55.114,0.002,54.974,0.002,55.002,0.001,28.208,0.006,28.202,0.006,28.204,0.006,28.204,0.006,26.185,0.020,26.926,0.019,26.061,0.020,26.105,0.020,26.209,0.020,28.787,0.023,23.617,0.081,27.110,0.525
167005,15.000,0.001,55.104,0.002,55.118,0.002,54.976,0.002,55.002,0.001,28.210,0.006,28.204,0.006,28.204,0.006,28.204,0.006,26.187,0.020,26.926,0.019,26.061,0.020,26.106,0.020,26.210,0.020,28.787,0.023,23.674,0.081,27.116,0.537
168005,15.001,0.001,55.106,0.002,55.116,0.002,54.978,0.002,55.004,0.001,28.210,0.006,28.204,0.006,28.204,0.006,28.204,0.006,26.187,0.020,26.928,0.019,26.061,0.020,26.106,0.020,26.210,0.020,28.789,0.023,23.603,0.081,27.135,0.549
169005,15.001,0.001,55.104,0.002,55.118,0.002,54.976,0.002,55.002,0.001,28.210,0.006,28.204,0.006,28.204,0.006,28.204,0.006,26.188,0.020,26.928,0.019,26.062,0.020,26.106,0.020,26.211,0.020,28.789,0.023,23.693,0.081,27.154,0.559
170005,15.002,0.001,55.104,0.002,55.118,0.002,54.974,0.002,55.002,0.001,28.210,0.006,28.204,0.006,28.204,0.006,28.204,0.006,26.187,0.020,26.929,0.019,26.063,0.020,26.107,0.020,26.211,0.020,28.789,0.023,23.842,0.083,27.171,0.568
171005,15.001,0.001,55.104,0.002,55.116,0.002,54.976,0.002,55.002,0.001,28.210,0.006,28.204,0.006,28.204,0.006,28.204,0.006,26.188,0.020,26.927,0.019,26.063,0.020,26.108,0.020,26.213,0.020,28.789,0.023,23.748,0.083,27.196,0.576
172005,15.001,0.001,55.106,0.002,55.116,0.002,54.972,0.002,55.000,0.001,28.210,0.006,28.204,0.006,28.206,0.006,28.206,0.006,26.189,0.020,26.930,0.019,26.064,0.020,26.108,0.020,26.213,0.020,28.790,0.023,23.696,0.083,27.234,0.583
173005,14.999,0.001,55.102,0.002,55.114,0.002,54.976,0.002,55.002,0.001,28.210,0.006,28.204,0.006,28.206,0.006,28.206,0.006,26.189,0.020,26.930,0.019,26.063,0.020,26.109,0.020,26.213,0.020,28.790,0.023,23.802,0.084,27.241,0.589
174005,15.000,0.001,55.104,0.002,55.116,0.002,54.974,0.002,55.002,0.001,28.210,0.006,28.204,0.006,28.206,0.006,28.206,0.006,26.190,0.020,26.930,0.019,26.065,0.020,26.110,0.020,26.215,0.020,28.790,0.022,23.703,0.084,27.248,0.595
175005,15.001,0.001,55.108,0.002,55.118,0.002,54.974,0.002,55.002,0.001,28.210,0.006,28.204,0.006,28.206,0.006,28.206,0.006,26.190,0.020,26.932,0.019,26.065,0.020,26.109,0.020,26.216,0.020,28.793,0.022,23.639,0.084,27.242,0.600
176005,15.002,0.001,55.106,0.002,55.114,0.002,54.974,0.002,55.002,0.001,28.212,0.006,28.206,0.006,28.206,0.006,28.206,0.006,26.190,0.020,26.931,0.019,26.065,0.020,26.111,0.020,26.215,0.020,28.791,0.022,23.735,0.084,27.259,0.605
177006,15.002,0.001,55.102,0.002,55.116,0.002,54.976,0.002,55.002,0.001,28.212,0.006,28.206,0.006,28.206,0.006,28.206,0.006,26.191,0.020,26.931,0.019,26.066,0.020,26.111,0.020,26.215,0.020,28.794,0.022,23.770,0.085,27.265,0.610
178006,15.002,0.001,55.104,0.002,55.114,0.002,54.976,0.002,55.002,0.001,28.210,0.006,28.206,0.006,28.206,0.006,28.206,0.006,26.192,0.020,26.932,0.019,26.067,0.020,26.111,0.020,26.216,0.020,28.793,0.022,23.776,0.085,27.258,0.614
179006,15.000,0.001,55.106,0.002,55.116,0.002,54.974,0.002,55.002,0.001,28.212,0.006,28.206,0.006,28.206,0.006,28.206,0.006,26.193,0.020,26.932,0.019,26.068,0.020,26.113,0.020,26.217,0.020,28.795,0.022,23.882,0.087,27.287,0.617
180006,14.999,0.001,55.104,0.002,55.118,0.002,54.974,0.002,55.002,0.001,28.212,0.006,28.206,0.006,28.206,0.006,28.208,0.006,26.194,0.020,26.933,0.019,26.068,0.020,26.114,0.020,26.218,0.020,28.797,0.022,23.833,0.088,27.337,0.620
181006,14.999,0.001,55.104,0.002,55.118,0.002,54.978,0.002,55.004,0.001,28.212,0.006,28.206,0.006,28.206,0.006,28.206,0.006,26.194,0.020,26.934,0.019,26.069,0.020,26.114,0.020,26.218,0.020,28.798,0.022,23.849,0.089,27.363,0.622
182006,15.000,0.001,55.104,0.002,55.118,0.002,54.978,0.002,55.004,0.001,28.212,0.006,28.206,0.006,28.206,0.006,28.206,0.006,26.194,0.020,26.934,0.019,26.069,0.020,26.113,0.020,26.219,0.020,28.799,0.022,23.904,0.091,27.368,0.624
183006,15.000,0.001,55.104,0.002,55.118,0.002,54.974,0.002,55.002,0.001,28.212,0.006,28.206,0.006,28.206,0.006,28.208,0.006,26.195,0.020,26.935,0.019,26.070,0.020,26.115,0.020,26.219,0.020,28.800,0.022,23.853,0.092,27.354,0.626
184006,15.000,0.001,55.104,0.002,55.116,0.002,54.976,0.002,55.002,0.001,28.212,0.006,28.206,0.006,28.206,0.006,28.206,0.006,26.196,0.020,26.935,0.019,26.071,0.020,26.115,0.020,26.220,0.020,28.800,0.021,23.829,0.093,27.308,0.629
185006,14.999,0.001,55.102,0.002,55.116,0.002,54.974,0.002,55.000,0.001,28.212,0.006,28.206,0.006,28.206,0.006,28.208,0.006,26.197,0.020,26.935,0.019,26.071,0.020,26.115,0.020,26.220,0.020,28.800,0.021,23.807,0.093,27.263,0.632
186006,15.000,0.001,55.106,0.002,55.116,0.002,54.976,0.002,55.002,0.001,28.212,0.006,28.206,0.006,28.208,0.006,28.208,0.006,26.197,0.020,26.937,0.019,26.073,0.020,26.116,0.020,26.221,0.020,28.799,0.021,23.781,0.093,27.230,0.635
187006,15.002,0.001,55.102,0.002,55.118,0.002,54.972,0.002,55.000,0.001,28.214,0.006,28.208,0.006,28.208,0.006,28.208,0.006,26.198,0.020,26.936,0.019,26.072,0.020,26.117,0.020,26.221,0.020,28.798,0.021,23.719,0.092,27.189,0.639
188006,15.002,0.001,55.106,0.002,55.116,0.002,54.976,0.002,55.004,0.001,28.214,0.006,28.208,0.006,28.206,0.006,28.208,0.006,26.198,0.020,26.937,0.019,26.073,0.020,26.117,0.020,26.222,0.020,28.794,0.021,23.779,0.092,27.084,0.644
189006,14.999,0.001,55.104,0.002,55.116,0.002,54.974,0.002,55.000,0.001,28.214,0.006,28.208,0.006,28.208,0.006,28.208,0.006,26.199,0.020,26.938,0.019,26.073,0.020,26.118,0.020,26.223,0.020,28.790,0.020,23.570,0.092,26.974,0.652
190006,14.998,0.001,55.104,0.002,55.120,0.002,54.976,0.002,55.004,0.001,28.214,0.006,28.208,0.006,28.208,0.006,28.208,0.006,26.199,0.020,26.938,0.019,26.074,0.020,26.118,0.020,26.224,0.020,28.788,0.020,23.666,0.091,26.900,0.661
191006,14.998,0.001,55.106,0.002,55.118,0.002,54.974,0.002,55.002,0.001,28.214,0.007,28.208,0.006,28.208,0.006,28.208,0.006,26.200,0.020,26.939,0.019,26.074,0.020,26.119,0.020,26.224,0.020,28.785,0.020,23.712,0.090,26.867,0.671
192006,14.999,0.001,55.104,0.002,55.118,0.002,54.974,0.002,55.000,0.001,28.214,0.007,28.208,0.006,28.208,0.006,28.208,0.006,26.201,0.020,26.939,0.019,26.075,0.020,26.120,0.020,26.224,0.020,28.784,0.019,23.793,0.090,26.829,0.682
193006,15.000,0.001,55.106,0.002,55.118,0.002,54.974,0.002,55.002,0.001,28.214,0.007,28.208,0.006,28.208,0.006,28.208,0.006,26.201,0.020,26.940,0.019,26.075,0.020,26.120,0.020,26.225,0.020,28.782,0.019,23.709,0.089,26.833,0.691
194006,15.000,0.001,55.104,0.002,55.116,0.002,54.976,0.002,55.002,0.001,28.214,0.007,28.208,0.006,28.208,0.006,28.208,0.006,26.201,0.020,26.941,0.019,26.076,0.020,26.121,0.020,26.224,0.020,28.781,0.018,23.584,0.089,26.820,0.701
195006,15.000,0.001,55.104,0.002,55.116,0.002,54.976,0.002,55.002,0.001,28.214,0.007,28.208,0.006,28.210,0.006,28.210,0.006,26.202,0.020,26.940,0.019,26.076,0.020,26.121,0.020,26.226,0.020,28.779,0.018,23.619,0.088,26.801,0.710
196006,15.000,0.001,55.106,0.002,55.116,0.002,54.974,0.002,55.002,0.001,28.214,0.007,28.208,0.006,28.208,0.006,28.210,0.006,26.202,0.020,26.941,0.019,26.077,0.020,26.123,0.020,26.227,0.020,28.776,0.017,23.718,0.087,26.794,0.720
197006,15.001,0.001,55.104,0.002,55.114,0.002,54.974,0.002,55.000,0.001,28.214,0.006,28.210,0.006,28.208,0.006,28.210,0.006,26.203,0.020,26.942,0.019,26.077,0.020,26.123,0.020,26.227,0.020,28.775,0.017,23.813,0.087,26.809,0.728
198006,15.001,0.001,55.106,0.002,55.118,0.002,54.974,0.002,55.002,0.001,28.214,0.006,28.208,0.006,28.208,0.006,28.210,0.006,26.203,0.020,26.942,0.019,26.078,0.020,26.123,0.020,26.227,0.020,28.774,0.017,23.864,0.088,26.831,0.735
199006,15.002,0.001,55.104,0.002,55.118,0.002,54.974,0.002,55.000,0.001,28.214,0.006,28.210,0.006,28.210,0.006,28.210,0.006,26.204,0.020,26.943,0.019,26.079,0.020,26.124,0.020,26.228,0.020,28.771,0.016,23.751,0.088,26.839,0.741
200006,15.001,0.001,55.104,0.002,55.118,0.002,54.974,0.002,55.002,0.001,28.214,0.006,28.210,0.007,28.210,0.006,28.210,0.006,26.205,0.020,26.943,0.019,26.079,0.020,26.124,0.020,26.229,0.020,28.770,0.016,23.761,0.087,26.869,0.745
201006,15.001,0.001,55.106,0.002,55.116,0.002,54.976,0.002,55.002,0.001,28.216,0.006,28.210,0.007,28.210,0.006,28.210,0.006,26.206,0.020,26.943,0.019,26.080,0.020,26.125,0.020,26.229,0.020,28.772,0.015,23.629,0.087,26.897,0.748
202006,15.001,0.001,55.104,0.002,55.116,0.002,54.976,0.002,55.004,0.001,28.214,0.006,28.210,0.007,28.210,0.006,28.210,0.006,26.205,0.020,26.944,0.019,26.081,0.020,26.125,0.020,26.229,0.020,28.774,0.015,23.695,0.087,26.892,0.751
203006,15.001,0.001,55.106,0.002,55.114,0.002,54.974,0.002,55.000,0.001,28.216,0.006,28.210,0.007,28.210,0.006,28.210,0.006,26.207,0.020,26.944,0.019,26.081,0.020,26.126,0.020,26.231,0.020,28.774,0.015,23.763,0.087,26.911,0.752
204006,15.000,0.001,55.104,0.002,55.116,0.002,54.974,0.002,55.002,0.001,28.216,0.006,28.210,0.007,28.210,0.006,28.210,0.006,26.208,0.020,26.944,0.018,26.082,0.020,26.126,0.020,26.232,0.020,28.774,0.014,23.776,0.087,26.955,0.753
205006,15.000,0.001,55.104,0.002,55.118,0.002,54.976,0.002,55.004,0.001,28.216,0.006,28.210,0.007,28.210,0.006,28.212,0.006,26.207,0.020,26.946,0.018,26.083,0.020,26.127,0.020,26.231,0.020,28.773,0.014,23.779,0.087,27.009,0.752
206007,15.000,0.001,55.106,0.002,55.118,0.002,54.974,0.002,55.002,0.001,28.216,0.006,28.210,0.007,28.212,0.006,28.212,0.006,26.208,0.020,26.946,0.018,26.083,0.020,26.128,0.020,26.233,0.020,28.773,0.013,23.786,0.087,27.028,0.750
207007,15.000,0.001,55.106,0.002,55.118,0.002,54.972,0.002,55.000,0.001,28.216,0.006,28.210,0.007,28.210,0.006,28.210,0.006,26.208,0.020,26.946,0.018,26.083,0.020,26.129,0.020,26.232,0.020,28.773,0.013,23.540,0.087,27.056,0.748
208007,15.001,0.001,55.104,0.002,55.118,0.002,54.974,0.002,55.000,0.001,28.216,0.006,28.210,0.007,28.212,0.006,28.212,0.006,26.209,0.020,26.947,0.018,26.084,0.020,26.129,0.020,26.233,0.020,28.772,0.013,23.831,0.088,27.070,0.745
209007,15.002,0.001,55.106,0.002,55.118,0.002,54.974,0.002,55.002,0.001,28.216,0.006,28.210,0.006,28.212,0.006,28.212,0.006,26.210,0.020,26.947,0.018,26.084,0.020,26.129,0.020,26.233,0.020,28.772,0.012,23.447,0.090,27.105,0.741
210007,15.002,0.001,55.106,0.002,55.118,0.002,54.974,0.002,55.002,0.001,28.216,0.006,28.212,0.006,28.212,0.006,28.212,0.006,26.210,0.020,26.948,0.018,26.086,0.020,26.130,0.020,26.234,0.020,28.771,0.012,23.686,0.090,27.126,0.738
211007,15.001,0.001,55.106,0.002,55.116,0.002,54.976,0.002,55.002,0.001,28.218,0.006,28.212,0.006,28.212,0.006,28.212,0.006,26.212,0.020,26.948,0.018,26.086,0.020,26.130,0.020,26.235,0.020,28.770,0.012,23.780,0.089,27.151,0.734
212007,14.999,0.001,55.104,0.002,55.118,0.002,54.974,0.002,55.002,0.001,28.218,0.006,28.212,0.006,28.212,0.006,28.212,0.006,26.212,0.020,26.949,0.018,26.086,0.020,26.131,0.020,26.236,0.020,28.771,0.011,23.740,0.088,27.161,0.730
213007,15.000,0.001,55.104,0.002,55.116,0.002,54.974,0.002,55.002,0.001,28.216,0.006,28.212,0.006,28.212,0.006,28.212,0.006,26.213,0.020,26.950,0.018,26.086,0.020,26.131,0.020,26.236,0.020,28.773,0.011,23.667,0.088,27.161,0.726
214007,14.999,0.001,55.104,0.002,55.116,0.002,54.976,0.002,55.002,0.001,28.218,0.006,28.212,0.007,28.212,0.006,28.212,0.006,26.212,0.020,26.951,0.018,26.088,0.020,26.133,0.020,26.237,0.020,28.775,0.011,23.809,0.087,27.155,0.723
215007,14.998,0.001,55.106,0.002,55.118,0.002,54.974,0.002,55.000,0.001,28.218,0.006,28.212,0.007,28.212,0.006,28.212,0.006,26.213,0.020,26.950,0.018,26.087,0.020,26.132,0.020,26.237,0.020,28.777,0.011,23.752,0.087,27.143,0.720
216007,14.999,0.001,55.102,0.002,55.118,0.002,54.976,0.002,55.004,0.001,28.218,0.006,28.212,0.006,28.212,0.006,28.212,0.006,26.215,0.020,26.952,0.018,26.089,0.020,26.132,0.020,26.238,0.020,28.777,0.010,23.804,0.087,27.147,0.717
217007,15.000,0.001,55.106,0.002,55.118,0.002,54.976,0.002,55.002,0.001,28.218,0.006,28.212,0.006,28.212,0.006,28.212,0.006,26.215,0.020,26.952,0.018,26.090,0.020,26.133,0.020,26.237,0.020,28.777,0.010,23.796,0.086,27.147,0.715
218007,15.001,0.001,55.104,0.002,55.118,0.002,54.976,0.002,55.002,0.001,28.218,0.006,28.212,0.006,28.212,0.006,28.214,0.006,26.214,0.020,26.952,0.018,26.088,0.020,26.134,0.020,26.238,0.020,28.778,0.010,23.817,0.086,27.129,0.714
219007,15.001,0.001,55.104,0.002,55.118,0.002,54.976,0.002,55.004,0.001,28.218,0.006,28.212,0.006,28.212,0.006,28.214,0.006,26.215,0.020,26.953,0.018,26.090,0.020,26.135,0.020,26.240,0.020,28.777,0.010,23.810,0.086,27.104,0.712
220007,15.000,0.001,55.106,0.002,55.118,0.002,54.976,0.002,55.002,0.001,28.218,0.006,28.214,0.006,28.214,0.006,28.214,0.006,26.217,0.020,26.954,0.018,26.091,0.020,26.134,0.020,26.240,0.020,28.776,0.009,23.794,0.085,27.071,0.710
221007,15.000,0.001,55.106,0.002,55.118,0.002,54.976,0.002,55.002,0.001,28.218,0.006,28.214,0.006,28.214,0.006,28.214,0.006,26.215,0.020,26.955,0.018,26.090,0.020,26.135,0.020,26.240,0.020,28.776,0.009,23.797,0.085,27.051,0.708
222007,15.001,0.001,55.106,0.002,55.116,0.001,54.974,0.002,55.000,0.001,28.220,0.006,28.214,0.006,28.214,0.006,28.214,0.006,26.218,0.020,26.954,0.018,26.092,0.020,26.137,0.020,26.240,0.020,28.775,0.009,23.820,0.084,27.034,0.705
223007,15.001,0.001,55.104,0.002,55.114,0.002,54.976,0.002,55.002,0.001,28.218,0.006,28.212,0.006,28.214,0.006,28.214,0.006,26.217,0.020,26.953,0.018,26.093,0.020,26.136,0.020,26.241,0.020,28.775,0.009,23.836,0.084,27.014,0.702
224007,15.001,0.001,55.104,0.002,55.118,0.002,54.974,0.002,55.002,0.001,28.220,0.006,28.214,0.006,28.214,0.006,28.214,0.006,26.218,0.020,26.956,0.018,26.094,0.020,26.137,0.020,26.241,0.020,28.773,0.009,23.822,0.085,26.997,0.699
225007,15.001,0.001,55.104,0.002,55.116,0.001,54.976,0.002,55.002,0.001,28.220,0.006,28.214,0.007,28.214,0.006,28.214,0.006,26.219,0.020,26.956,0.018,26.094,0.020,26.137,0.020,26.242,0.020,28.773,0.009,23.833,0.085,26.992,0.696
226007,14.999,0.001,55.106,0.002,55.116,0.001,54.978,0.002,55.004,0.001,28.220,0.006,28.214,0.007,28.214,0.006,28.216,0.006,26.219,0.020,26.956,0.018,26.094,0.020,26.138,0.020,26.242,0.019,28.771,0.008,23.932,0.087,26.991,0.692
