MS Elapsed,Bolo T,stddev,BB HBB Top,stddev,BB HBB Bottom,stddev,BB HBB Apex,stddev,BB HBB Avg,stddev,BB ABB Top,stddev,BB ABB Bottom,stddev,BB ABB Apex,stddev,BB ABB Avg,stddev,T Ch0,stddev,T Ch1,stddev,T Ch2,stddev,T Ch3,stddev,T Ch4,stddev,T Ch5,stddev,T Ch6,stddev,RH% Ch7,stddev
0,14.999,0.001,55.122,0.002,55.134,0.002,54.992,0.004,55.018,0.003,28.036,0.006,28.030,0.006,28.030,0.006,28.030,0.006,25.629,0.020,26.373,0.020,25.506,0.020,25.553,0.021,25.657,0.021,28.457,0.043,23.210,0.164,29.016,0.201
1000,15.001,0.001,55.122,0.002,55.138,0.002,54.990,0.004,55.018,0.003,28.036,0.006,28.030,0.006,28.032,0.006,28.032,0.006,25.630,0.020,26.373,0.020,25.507,0.020,25.553,0.021,25.658,0.021,28.457,0.043,23.208,0.164,29.026,0.198
2000,15.000,0.001,55.122,0.002,55.136,0.002,54.990,0.004,55.018,0.003,28.036,0.006,28.030,0.006,28.030,0.006,28.032,0.006,25.630,0.020,26.373,0.020,25.507,0.020,25.554,0.021,25.659,0.021,28.457,0.043,23.133,0.164,29.001,0.195
3000,15.001,0.001,55.122,0.002,55.136,0.002,54.992,0.003,55.020,0.003,28.036,0.006,28.030,0.006,28.030,0.006,28.032,0.006,25.630,0.020,26.374,0.020,25.508,0.020,25.554,0.021,25.658,0.021,28.456,0.043,23.124,0.164,28.940,0.192
4000,15.001,0.001,55.122,0.002,55.136,0.002,54.988,0.003,55.016,0.003,28.036,0.006,28.030,0.006,28.030,0.006,28.032,0.006,25.631,0.020,26.375,0.020,25.508,0.020,25.555,0.021,25.659,0.021,28.457,0.044,23.081,0.164,28.894,0.190
5000,15.000,0.001,55.122,0.002,55.136,0.002,54.992,0.003,55.020,0.003,28.036,0.006,28.030,0.006,28.032,0.006,28.032,0.006,25.633,0.020,26.376,0.020,25.510,0.020,25.556,0.021,25.660,0.021,28.456,0.044,23.038,0.163,28.848,0.188
6000,15.000,0.001,55.120,0.002,55.138,0.002,54.992,0.003,55.020,0.003,28.036,0.006,28.030,0.006,28.030,0.006,28.032,0.006,25.632,0.020,26.376,0.020,25.510,0.020,25.556,0.021,25.660,0.021,28.457,0.044,23.160,0.164,28.842,0.187
7000,15.002,0.001,55.124,0.002,55.134,0.002,54.990,0.003,55.018,0.003,28.036,0.006,28.030,0.006,28.032,0.006,28.032,0.006,25.633,0.020,26.377,0.020,25.510,0.020,25.557,0.021,25.661,0.021,28.457,0.044,23.267,0.165,28.858,0.186
8000,15.000,0.001,55.122,0.002,55.136,0.002,54.992,0.003,55.020,0.003,28.036,0.006,28.030,0.006,28.032,0.006,28.032,0.006,25.634,0.020,26.377,0.020,25.511,0.020,25.558,0.021,25.661,0.021,28.457,0.044,23.222,0.165,28.877,0.184
9000,14.999,0.001,55.122,0.002,55.136,0.002,54.990,0.003,55.018,0.003,28.036,0.006,28.030,0.006,28.032,0.006,28.032,0.006,25.636,0.020,26.379,0.020,25.511,0.020,25.558,0.021,25.662,0.021,28.456,0.044,23.110,0.165,28.898,0.181
10000,14.999,0.001,55.120,0.002,55.138,0.002,54.994,0.003,55.020,0.003,28.038,0.006,28.032,0.006,28.032,0.006,28.032,0.006,25.636,0.020,26.379,0.020,25.511,0.020,25.559,0.021,25.663,0.021,28.456,0.044,23.133,0.165,28.891,0.179
11000,14.999,0.001,55.120,0.002,55.136,0.002,54.992,0.003,55.018,0.003,28.036,0.006,28.032,0.006,28.032,0.006,28.034,0.006,25.636,0.020,26.379,0.020,25.513,0.020,25.559,0.021,25.664,0.021,28.454,0.044,23.143,0.165,28.879,0.176
12000,15.000,0.001,55.120,0.002,55.134,0.001,54.990,0.003,55.018,0.003,28.038,0.006,28.032,0.006,28.032,0.006,28.032,0.006,25.637,0.020,26.379,0.020,25.513,0.020,25.560,0.021,25.665,0.021,28.456,0.043,23.068,0.164,28.846,0.173
13000,15.002,0.001,55.122,0.002,55.134,0.001,54.990,0.003,55.018,0.003,28.038,0.006,28.032,0.006,28.032,0.006,28.034,0.006,25.636,0.020,26.381,0.020,25.514,0.020,25.561,0.021,25.665,0.021,28.455,0.043,23.225,0.164,28.798,0.170
14000,15.004,0.001,55.124,0.002,55.136,0.001,54.992,0.003,55.020,0.003,28.038,0.006,28.032,0.006,28.032,0.006,28.034,0.006,25.638,0.020,26.381,0.020,25.515,0.020,25.561,0.021,25.665,0.021,28.454,0.043,23.225,0.164,28.752,0.169
15000,15.002,0.001,55.120,0.002,55.138,0.001,54.992,0.003,55.018,0.003,28.038,0.006,28.032,0.006,28.034,0.006,28.034,0.006,25.639,0.020,26.382,0.021,25.515,0.020,25.562,0.021,25.667,0.021,28.454,0.043,23.205,0.163,28.705,0.170
16000,15.000,0.001,55.120,0.002,55.138,0.001,54.990,0.003,55.018,0.003,28.038,0.006,28.032,0.006,28.034,0.006,28.034,0.006,25.639,0.020,26.382,0.021,25.515,0.020,25.563,0.021,25.667,0.021,28.454,0.043,23.236,0.163,28.673,0.173
17000,14.999,0.001,55.122,0.002,55.138,0.001,54.992,0.003,55.020,0.003,28.038,0.006,28.032,0.006,28.034,0.006,28.034,0.006,25.638,0.020,26.383,0.021,25.517,0.020,25.562,0.021,25.667,0.021,28.454,0.043,23.320,0.164,28.648,0.178
18000,14.999,0.001,55.118,0.002,55.134,0.001,54.990,0.003,55.018,0.003,28.038,0.006,28.032,0.006,28.034,0.006,28.034,0.006,25.641,0.020,26.384,0.021,25.516,0.020,25.563,0.021,25.668,0.021,28.456,0.042,23.246,0.163,28.637,0.183
19000,15.000,0.001,55.120,0.002,55.134,0.001,54.988,0.003,55.016,0.002,28.038,0.006,28.032,0.006,28.034,0.006,28.034,0.006,25.641,0.020,26.385,0.021,25.518,0.020,25.564,0.021,25.668,0.021,28.455,0.042,23.234,0.163,28.666,0.188
20000,15.000,0.001,55.120,0.002,55.134,0.001,54.990,0.003,55.018,0.002,28.038,0.006,28.034,0.006,28.034,0.006,28.036,0.006,25.641,0.020,26.386,0.021,25.518,0.020,25.563,0.021,25.670,0.021,28.456,0.042,23.251,0.163,28.659,0.192
21000,15.000,0.001,55.118,0.002,55.136,0.001,54.990,0.003,55.018,0.002,28.040,0.006,28.034,0.006,28.036,0.006,28.036,0.006,25.641,0.020,26.386,0.021,25.518,0.020,25.565,0.021,25.670,0.021,28.457,0.042,23.216,0.162,28.664,0.196
22000,15.001,0.001,55.120,0.002,55.136,0.001,54.990,0.003,55.018,0.002,28.040,0.006,28.036,0.006,28.036,0.006,28.036,0.006,25.642,0.020,26.386,0.021,25.520,0.020,25.566,0.021,25.670,0.021,28.458,0.042,23.217,0.162,28.691,0.199
23000,15.002,0.001,55.120,0.002,55.136,0.001,54.990,0.003,55.018,0.002,28.040,0.006,28.036,0.006,28.036,0.006,28.036,0.006,25.644,0.020,26.387,0.021,25.520,0.020,25.566,0.021,25.671,0.021,28.459,0.041,23.309,0.162,28.694,0.201
24000,15.006,0.001,55.120,0.002,55.134,0.001,54.990,0.003,55.018,0.002,28.040,0.006,28.034,0.006,28.034,0.006,28.034,0.006,25.645,0.020,26.386,0.021,25.521,0.020,25.567,0.021,25.671,0.021,28.459,0.041,23.385,0.163,28.657,0.204
25000,14.999,0.001,55.120,0.002,55.136,0.001,54.990,0.003,55.018,0.002,28.040,0.006,28.034,0.006,28.034,0.006,28.036,0.006,25.644,0.020,26.388,0.021,25.520,0.020,25.568,0.021,25.672,0.021,28.460,0.041,23.181,0.161,28.604,0.209
26000,14.998,0.001,55.120,0.002,55.134,0.001,54.992,0.003,55.018,0.002,28.040,0.006,28.034,0.006,28.034,0.006,28.034,0.006,25.645,0.020,26.389,0.021,25.521,0.020,25.568,0.021,25.673,0.021,28.461,0.041,23.229,0.159,28.544,0.216
27000,14.999,0.001,55.118,0.002,55.136,0.001,54.990,0.003,55.018,0.002,28.040,0.006,28.034,0.006,28.036,0.006,28.036,0.006,25.645,0.020,26.388,0.021,25.522,0.020,25.569,0.021,25.673,0.021,28.461,0.041,23.305,0.157,28.504,0.224
28000,15.000,0.001,55.120,0.002,55.134,0.001,54.992,0.003,55.020,0.002,28.040,0.006,28.034,0.006,28.036,0.006,28.036,0.006,25.645,0.020,26.389,0.021,25.522,0.021,25.569,0.021,25.674,0.021,28.462,0.040,23.284,0.154,28.505,0.231
29000,15.000,0.001,55.120,0.002,55.134,0.001,54.994,0.003,55.020,0.002,28.040,0.006,28.034,0.006,28.036,0.006,28.036,0.006,25.647,0.020,26.390,0.021,25.523,0.021,25.570,0.021,25.674,0.021,28.463,0.040,23.311,0.154,28.542,0.237
30000,15.000,0.001,55.122,0.002,55.136,0.001,54.992,0.003,55.018,0.002,28.040,0.006,28.036,0.006,28.036,0.006,28.036,0.006,25.647,0.020,26.391,0.021,25.524,0.021,25.570,0.021,25.674,0.021,28.463,0.040,23.328,0.153,28.614,0.240
31001,15.000,0.001,55.120,0.002,55.134,0.001,54.992,0.003,55.020,0.002,28.040,0.006,28.036,0.006,28.036,0.006,28.036,0.006,25.648,0.020,26.391,0.021,25.523,0.021,25.571,0.021,25.675,0.021,28.466,0.040,23.264,0.153,28.672,0.243
32001,15.001,0.001,55.120,0.002,55.136,0.001,54.992,0.003,55.020,0.002,28.040,0.006,28.036,0.006,28.036,0.006,28.036,0.006,25.648,0.020,26.393,0.021,25.525,0.021,25.571,0.021,25.676,0.021,28.467,0.039,23.276,0.153,28.710,0.244
33001,15.000,0.001,55.118,0.002,55.136,0.001,54.992,0.003,55.020,0.002,28.040,0.006,28.034,0.006,28.036,0.006,28.036,0.006,25.649,0.020,26.392,0.021,25.525,0.021,25.572,0.021,25.677,0.021,28.469,0.039,23.307,0.154,28.737,0.245
34001,15.000,0.001,55.118,0.002,55.134,0.001,54.992,0.003,55.018,0.002,28.042,0.006,28.036,0.006,28.038,0.006,28.038,0.006,25.649,0.020,26.393,0.021,25.525,0.021,25.573,0.021,25.678,0.021,28.472,0.039,23.287,0.155,28.758,0.245
35001,15.000,0.001,55.120,0.002,55.134,0.001,54.990,0.003,55.018,0.002,28.042,0.006,28.036,0.006,28.036,0.006,28.036,0.006,25.650,0.020,26.393,0.021,25.526,0.021,25.573,0.021,25.678,0.021,28.472,0.039,23.293,0.155,28.768,0.246
36001,14.999,0.001,55.120,0.002,55.138,0.001,54.992,0.003,55.020,0.002,28.042,0.006,28.036,0.006,28.038,0.006,28.038,0.006,25.651,0.020,26.394,0.021,25.527,0.021,25.575,0.021,25.678,0.021,28.474,0.038,23.256,0.156,28.737,0.246
37001,15.000,0.001,55.120,0.002,55.134,0.001,54.988,0.002,55.016,0.002,28.042,0.006,28.036,0.006,28.036,0.006,28.036,0.006,25.652,0.020,26.394,0.021,25.528,0.021,25.575,0.021,25.679,0.021,28.474,0.038,23.260,0.156,28.710,0.247
38001,15.001,0.001,55.120,0.002,55.134,0.001,54.992,0.002,55.020,0.002,28.042,0.006,28.036,0.006,28.038,0.006,28.038,0.006,25.652,0.020,26.395,0.021,25.528,0.020,25.575,0.021,25.680,0.021,28.474,0.038,23.134,0.156,28.656,0.249
39001,15.000,0.001,55.120,0.002,55.134,0.001,54.988,0.002,55.016,0.002,28.042,0.006,28.036,0.006,28.036,0.006,28.038,0.006,25.652,0.020,26.396,0.021,25.529,0.020,25.575,0.021,25.679,0.021,28.476,0.037,23.062,0.156,28.654,0.251
40001,15.000,0.001,55.120,0.002,55.134,0.001,54.992,0.002,55.018,0.002,28.042,0.006,28.036,0.006,28.038,0.006,28.038,0.006,25.654,0.020,26.396,0.021,25.530,0.020,25.577,0.021,25.680,0.021,28.477,0.037,23.163,0.156,28.675,0.253
41001,15.001,0.001,55.118,0.002,55.136,0.001,54.992,0.002,55.020,0.002,28.042,0.006,28.036,0.006,28.038,0.006,28.038,0.006,25.654,0.020,26.396,0.021,25.530,0.020,25.578,0.021,25.681,0.021,28.480,0.037,23.346,0.157,28.691,0.254
42001,14.999,0.001,55.120,0.002,55.136,0.001,54.994,0.002,55.020,0.002,28.042,0.006,28.036,0.006,28.038,0.006,28.038,0.006,25.654,0.020,26.398,0.021,25.531,0.020,25.578,0.021,25.681,0.021,28.483,0.037,23.255,0.157,28.703,0.255
43001,15.000,0.001,55.120,0.002,55.132,0.001,54.988,0.002,55.016,0.002,28.042,0.006,28.038,0.006,28.038,0.006,28.038,0.006,25.654,0.020,26.398,0.021,25.531,0.020,25.578,0.021,25.682,0.021,28.485,0.036,23.258,0.155,28.726,0.256
44001,15.000,0.001,55.120,0.002,55.134,0.001,54.994,0.002,55.020,0.002,28.044,0.006,28.038,0.006,28.038,0.006,28.038,0.006,25.656,0.020,26.398,0.021,25.533,0.021,25.579,0.021,25.683,0.021,28.485,0.036,23.349,0.152,28.742,0.256
45001,15.001,0.001,55.120,0.002,55.134,0.001,54.994,0.002,55.020,0.002,28.044,0.006,28.036,0.006,28.040,0.006,28.040,0.006,25.656,0.020,26.398,0.021,25.532,0.020,25.579,0.021,25.683,0.021,28.486,0.036,23.309,0.148,28.762,0.257
46001,15.000,0.001,55.118,0.002,55.136,0.001,54.992,0.002,55.018,0.002,28.044,0.006,28.038,0.006,28.040,0.006,28.040,0.006,25.657,0.020,26.399,0.021,25.534,0.021,25.580,0.021,25.684,0.021,28.488,0.035,23.411,0.146,28.765,0.258
47001,15.000,0.001,55.118,0.002,55.132,0.001,54.990,0.002,55.016,0.002,28.044,0.006,28.038,0.006,28.038,0.006,28.040,0.006,25.658,0.020,26.400,0.021,25.533,0.020,25.580,0.021,25.685,0.021,28.489,0.035,23.362,0.145,28.767,0.259
48001,15.000,0.001,55.120,0.002,55.134,0.001,54.990,0.002,55.016,0.002,28.044,0.006,28.038,0.006,28.040,0.006,28.040,0.006,25.657,0.020,26.401,0.021,25.533,0.020,25.582,0.021,25.685,0.021,28.489,0.035,23.316,0.144,28.750,0.260
49001,15.000,0.001,55.120,0.002,55.134,0.001,54.990,0.002,55.018,0.002,28.044,0.006,28.038,0.006,28.040,0.006,28.040,0.006,25.659,0.020,26.401,0.021,25.535,0.020,25.582,0.021,25.686,0.021,28.490,0.035,23.319,0.142,28.706,0.261
50001,15.000,0.001,55.120,0.002,55.134,0.001,54.992,0.002,55.018,0.002,28.044,0.006,28.038,0.006,28.040,0.006,28.040,0.006,25.658,0.020,26.401,0.021,25.535,0.020,25.583,0.021,25.687,0.021,28.490,0.034,23.310,0.142,28.674,0.263
51001,15.000,0.001,55.122,0.002,55.136,0.001,54.996,0.002,55.022,0.002,28.044,0.006,28.040,0.006,28.040,0.006,28.040,0.006,25.659,0.020,26.402,0.021,25.535,0.020,25.584,0.021,25.687,0.021,28.489,0.034,23.328,0.134,28.668,0.265
52001,15.000,0.001,55.120,0.002,55.134,0.001,54.990,0.002,55.018,0.002,28.044,0.006,28.038,0.006,28.040,0.006,28.040,0.006,25.660,0.020,26.403,0.021,25.537,0.020,25.583,0.021,25.688,0.021,28.490,0.034,23.326,0.130,28.682,0.266
53001,15.001,0.001,55.120,0.002,55.132,0.001,54.992,0.002,55.018,0.002,28.044,0.006,28.038,0.006,28.040,0.006,28.040,0.006,25.661,0.020,26.404,0.021,25.538,0.020,25.585,0.021,25.689,0.021,28.489,0.033,23.269,0.126,28.703,0.267
54001,15.000,0.001,55.120,0.002,55.132,0.001,54.992,0.002,55.020,0.002,28.046,0.006,28.038,0.006,28.040,0.006,28.040,0.006,25.661,0.020,26.404,0.021,25.538,0.020,25.585,0.021,25.689,0.021,28.488,0.033,23.572,0.130,28.716,0.267
55001,15.004,0.001,55.120,0.002,55.134,0.001,54.990,0.002,55.016,0.002,28.046,0.006,28.040,0.006,28.040,0.006,28.042,0.006,25.662,0.020,26.404,0.021,25.538,0.020,25.585,0.021,25.690,0.021,28.488,0.033,23.482,0.133,28.678,0.268
56001,15.003,0.001,55.120,0.002,55.134,0.001,54.990,0.002,55.018,0.002,28.044,0.006,28.040,0.006,28.040,0.006,28.040,0.006,25.663,0.020,26.405,0.021,25.539,0.020,25.586,0.021,25.691,0.021,28.488,0.032,23.411,0.134,28.618,0.270
57001,15.001,0.001,55.118,0.002,55.132,0.002,54.992,0.002,55.018,0.002,28.046,0.006,28.040,0.006,28.040,0.006,28.042,0.006,25.664,0.020,26.406,0.021,25.539,0.020,25.587,0.021,25.691,0.021,28.489,0.032,23.560,0.138,28.581,0.272
58001,15.000,0.001,55.118,0.002,55.134,0.002,54.992,0.002,55.020,0.002,28.046,0.006,28.040,0.006,28.042,0.006,28.042,0.006,25.664,0.020,26.407,0.021,25.541,0.020,25.587,0.021,25.691,0.021,28.489,0.031,23.580,0.143,28.572,0.274
59001,14.999,0.001,55.120,0.002,55.132,0.002,54.990,0.002,55.018,0.002,28.046,0.006,28.040,0.006,28.042,0.006,28.042,0.006,25.664,0.020,26.407,0.021,25.540,0.020,25.588,0.021,25.693,0.021,28.489,0.031,23.535,0.147,28.574,0.277
60001,14.997,0.001,55.116,0.002,55.134,0.002,54.990,0.002,55.018,0.002,28.046,0.006,28.040,0.006,28.042,0.006,28.042,0.006,25.665,0.020,26.408,0.021,25.542,0.020,25.588,0.021,25.693,0.021,28.489,0.030,23.778,0.156,28.583,0.278
61002,15.002,0.001,55.116,0.002,55.134,0.002,54.990,0.002,55.018,0.002,28.046,0.006,28.040,0.006,28.040,0.006,28.042,0.006,25.665,0.020,26.408,0.021,25.542,0.020,25.590,0.021,25.693,0.021,28.489,0.030,23.456,0.158,28.596,0.279
62002,15.002,0.001,55.118,0.002,55.132,0.002,54.992,0.002,55.018,0.002,28.046,0.006,28.040,0.006,28.042,0.006,28.042,0.006,25.666,0.020,26.409,0.021,25.543,0.020,25.589,0.021,25.695,0.021,28.489,0.029,23.327,0.159,28.609,0.280
63002,14.998,0.001,55.120,0.002,55.130,0.002,54.992,0.002,55.020,0.002,28.046,0.006,28.040,0.006,28.042,0.006,28.042,0.006,25.667,0.020,26.409,0.021,25.543,0.020,25.590,0.021,25.694,0.021,28.491,0.028,23.358,0.159,28.618,0.279
64002,15.000,0.001,55.118,0.002,55.132,0.002,54.990,0.002,55.016,0.002,28.048,0.006,28.040,0.006,28.042,0.006,28.042,0.006,25.667,0.020,26.410,0.021,25.543,0.020,25.591,0.021,25.695,0.021,28.491,0.028,23.323,0.160,28.631,0.278
65002,15.000,0.001,55.120,0.002,55.132,0.002,54.990,0.002,55.016,0.002,28.046,0.006,28.042,0.006,28.042,0.006,28.042,0.006,25.668,0.020,26.411,0.021,25.545,0.020,25.592,0.021,25.695,0.021,28.492,0.027,23.303,0.159,28.640,0.277
66002,14.999,0.001,55.116,0.002,55.134,0.002,54.988,0.002,55.016,0.002,28.048,0.006,28.042,0.006,28.042,0.006,28.042,0.006,25.669,0.020,26.411,0.021,25.545,0.020,25.592,0.021,25.696,0.021,28.493,0.027,23.335,0.160,28.655,0.275
67002,15.000,0.001,55.116,0.002,55.134,0.002,54.990,0.002,55.018,0.002,28.046,0.006,28.040,0.006,28.042,0.006,28.042,0.006,25.669,0.020,26.412,0.021,25.546,0.020,25.593,0.021,25.697,0.021,28.496,0.027,23.281,0.160,28.665,0.273
68002,15.000,0.001,55.116,0.002,55.132,0.002,54.990,0.002,55.018,0.002,28.048,0.006,28.040,0.006,28.042,0.006,28.042,0.006,25.670,0.020,26.412,0.021,25.546,0.020,25.594,0.021,25.698,0.021,28.497,0.026,23.279,0.160,28.668,0.270
69002,15.000,0.001,55.120,0.002,55.132,0.002,54.990,0.002,55.016,0.002,28.048,0.006,28.042,0.006,28.042,0.006,28.044,0.006,25.670,0.020,26.412,0.021,25.546,0.020,25.593,0.021,25.699,0.021,28.497,0.026,23.323,0.159,28.671,0.268
70002,15.001,0.001,55.118,0.002,55.132,0.002,54.992,0.002,55.018,0.002,28.048,0.006,28.042,0.006,28.044,0.006,28.044,0.006,25.670,0.020,26.412,0.021,25.546,0.020,25.593,0.021,25.699,0.021,28.497,0.026,23.323,0.159,28.671,0.268
71002,15.001,0.001,55.118,0.002,55.132,0.002,54.988,0.002,55.016,0.001,28.048,0.006,28.042,0.006,28.044,0.006,28.044,0.006,25.670,0.020,26.414,0.021,25.547,0.020,25.594,0.021,25.698,0.021,28.499,0.025,23.328,0.159,28.658,0.267
72002,15.001,0.001,55.118,0.002,55.132,0.002,54.988,0.002,55.014,0.001,28.048,0.006,28.042,0.006,28.044,0.006,28.044,0.006,25.671,0.020,26.414,0.021,25.548,0.020,25.595,0.021,25.699,0.021,28.500,0.025,23.327,0.159,28.626,0.266
73002,15.001,0.001,55.116,0.002,55.130,0.002,54.990,0.002,55.016,0.001,28.048,0.006,28.042,0.006,28.044,0.006,28.044,0.006,25.671,0.020,26.415,0.021,25.548,0.020,25.596,0.021,25.700,0.021,28.502,0.025,23.292,0.158,28.587,0.267
74002,15.000,0.001,55.118,0.002,55.132,0.002,54.992,0.002,55.018,0.001,28.048,0.006,28.042,0.006,28.044,0.006,28.044,0.006,25.672,0.020,26.415,0.020,25.550,0.020,25.595,0.021,25.700,0.021,28.504,0.025,23.328,0.157,28.566,0.269
75002,15.001,0.001,55.118,0.002,55.132,0.002,54.992,0.002,55.018,0.001,28.048,0.006,28.042,0.006,28.044,0.006,28.044,0.006,25.673,0.020,26.414,0.020,25.549,0.020,25.597,0.021,25.702,0.021,28.506,0.024,23.341,0.155,28.538,0.271
76002,15.001,0.001,55.116,0.002,55.134,0.002,54.988,0.002,55.016,0.001,28.048,0.006,28.044,0.006,28.044,0.006,28.044,0.006,25.673,0.020,26.415,0.020,25.550,0.020,25.598,0.021,25.702,0.021,28.508,0.024,23.333,0.153,28.511,0.274
77002,15.000,0.001,55.116,0.002,55.130,0.002,54.990,0.002,55.018,0.001,28.048,0.006,28.044,0.006,28.044,0.006,28.044,0.006,25.675,0.020,26.416,0.020,25.552,0.020,25.598,0.021,25.702,0.021,28.510,0.024,23.312,0.151,28.482,0.278
78002,15.000,0.001,55.116,0.002,55.130,0.002,54.992,0.002,55.018,0.001,28.050,0.006,28.044,0.006,28.046,0.006,28.046,0.006,25.675,0.020,26.417,0.020,25.551,0.020,25.598,0.021,25.703,0.021,28.510,0.024,23.297,0.148,28.448,0.283
79002,15.000,0.001,55.114,0.002,55.134,0.002,54.990,0.002,55.018,0.001,28.050,0.006,28.044,0.006,28.044,0.006,28.046,0.006,25.676,0.020,26.417,0.020,25.552,0.020,25.599,0.021,25.703,0.021,28.512,0.024,23.334,0.146,28.405,0.288
80002,15.000,0.001,55.116,0.002,55.130,0.002,54.990,0.002,55.016,0.001,28.050,0.006,28.044,0.006,28.044,0.006,28.044,0.006,25.676,0.020,26.417,0.020,25.553,0.020,25.600,0.021,25.704,0.021,28.514,0.024,23.447,0.145,28.364,0.295
81002,15.000,0.001,55.116,0.002,55.130,0.002,54.988,0.002,55.016,0.001,28.050,0.006,28.044,0.006,28.046,0.006,28.046,0.006,25.678,0.020,26.419,0.020,25.553,0.020,25.600,0.021,25.705,0.021,28.515,0.024,23.414,0.143,28.324,0.302
82002,15.000,0.001,55.114,0.002,55.132,0.002,54.990,0.002,55.016,0.001,28.050,0.006,28.044,0.006,28.046,0.006,28.046,0.006,25.677,0.020,26.418,0.020,25.554,0.020,25.602,0.021,25.705,0.021,28.517,0.024,23.433,0.142,28.298,0.309
83002,15.000,0.001,55.116,0.002,55.130,0.002,54.988,0.002,55.016,0.001,28.050,0.006,28.044,0.006,28.046,0.006,28.046,0.006,25.678,0.020,26.419,0.020,25.555,0.021,25.602,0.021,25.705,0.021,28.518,0.024,23.412,0.140,28.281,0.316
84002,15.000,0.001,55.116,0.002,55.134,0.002,54.990,0.002,55.018,0.001,28.050,0.006,28.044,0.006,28.046,0.006,28.046,0.006,25.679,0.020,26.419,0.020,25.556,0.021,25.602,0.021,25.707,0.021,28.518,0.024,23.394,0.139,28.279,0.323
85002,15.000,0.001,55.116,0.002,55.132,0.002,54.986,0.002,55.014,0.002,28.050,0.006,28.044,0.006,28.046,0.006,28.046,0.006,25.680,0.020,26.420,0.020,25.557,0.021,25.603,0.021,25.707,0.021,28.520,0.025,23.378,0.138,28.253,0.330
86002,15.001,0.001,55.116,0.002,55.130,0.002,54.990,0.002,55.016,0.002,28.052,0.006,28.044,0.006,28.046,0.006,28.046,0.006,25.680,0.020,26.420,0.020,25.556,0.021,25.604,0.021,25.708,0.021,28.520,0.025,23.398,0.136,28.224,0.337
87002,15.001,0.001,55.116,0.002,55.130,0.002,54.986,0.002,55.012,0.002,28.052,0.006,28.044,0.006,28.046,0.006,28.046,0.006,25.680,0.020,26.421,0.020,25.557,0.021,25.604,0.021,25.708,0.021,28.521,0.025,23.385,0.136,28.188,0.345
88002,15.001,0.001,55.116,0.002,55.130,0.002,54.990,0.002,55.016,0.002,28.052,0.006,28.046,0.006,28.046,0.006,28.048,0.006,25.681,0.020,26.422,0.020,25.558,0.021,25.605,0.021,25.709,0.021,28.520,0.025,23.353,0.135,28.165,0.353
89002,15.000,0.001,55.116,0.002,55.130,0.002,54.990,0.002,55.016,0.002,28.052,0.006,28.046,0.006,28.046,0.006,28.046,0.006,25.682,0.020,26.422,0.020,25.558,0.021,25.605,0.021,25.709,0.021,28.519,0.025,23.430,0.135,28.150,0.361
90002,15.001,0.001,55.116,0.002,55.130,0.002,54.988,0.002,55.016,0.002,28.052,0.006,28.046,0.006,28.046,0.006,28.046,0.006,25.683,0.020,26.422,0.020,25.559,0.021,25.606,0.021,25.711,0.021,28.519,0.025,23.412,0.135,28.144,0.368
91003,15.001,0.001,55.114,0.002,55.130,0.002,54.990,0.002,55.016,0.002,28.052,0.006,28.046,0.006,28.046,0.006,28.048,0.006,25.682,0.020,26.423,0.020,25.560,0.021,25.606,0.021,25.712,0.021,28.520,0.025,23.368,0.134,28.148,0.375
92003,15.000,0.001,55.114,0.002,55.128,0.002,54.986,0.002,55.014,0.002,28.052,0.006,28.046,0.006,28.046,0.006,28.048,0.006,25.684,0.020,26.424,0.020,25.560,0.021,25.606,0.021,25.712,0.021,28.518,0.025,23.379,0.134,28.142,0.382
93003,15.000,0.001,55.114,0.003,55.132,0.002,54.988,0.002,55.016,0.002,28.052,0.006,28.046,0.006,28.048,0.006,28.048,0.006,25.683,0.020,26.424,0.020,25.561,0.021,25.607,0.021,25.712,0.021,28.518,0.025,23.494,0.136,28.148,0.387
94003,15.000,0.001,55.114,0.003,55.130,0.002,54.988,0.002,55.016,0.002,28.052,0.006,28.046,0.006,28.046,0.006,28.048,0.006,25.684,0.020,26.424,0.020,25.561,0.021,25.608,0.021,25.713,0.021,28.518,0.025,23.440,0.136,28.177,0.392
95003,15.001,0.001,55.114,0.003,55.130,0.002,54.988,0.002,55.016,0.002,28.052,0.006,28.046,0.006,28.046,0.006,28.048,0.006,25.686,0.020,26.425,0.020,25.562,0.021,25.609,0.021,25.713,0.021,28.516,0.026,23.377,0.137,28.226,0.395
96003,15.001,0.001,55.116,0.003,55.130,0.002,54.988,0.002,55.016,0.002,28.052,0.006,28.048,0.006,28.048,0.006,28.048,0.006,25.685,0.020,26.426,0.020,25.562,0.021,25.609,0.021,25.714,0.021,28.514,0.026,23.411,0.137,28.274,0.396
97003,15.001,0.001,55.116,0.003,55.130,0.002,54.990,0.002,55.016,0.002,28.054,0.006,28.046,0.006,28.048,0.006,28.048,0.006,25.687,0.021,26.426,0.020,25.563,0.021,25.610,0.021,25.715,0.021,28.514,0.026,23.335,0.137,28.312,0.398
98003,14.999,0.001,55.114,0.003,55.130,0.002,54.992,0.002,55.018,0.002,28.054,0.006,28.046,0.006,28.048,0.006,28.048,0.006,25.687,0.021,26.426,0.020,25.565,0.021,25.611,0.021,25.715,0.021,28.517,0.026,23.352,0.137,28.340,0.398
99003,14.999,0.001,55.114,0.003,55.132,0.002,54.988,0.002,55.016,0.002,28.052,0.006,28.048,0.006,28.048,0.006,28.050,0.006,25.688,0.021,26.428,0.020,25.563,0.021,25.611,0.021,25.716,0.021,28.518,0.026,23.357,0.137,28.368,0.397
100003,15.000,0.001,55.114,0.003,55.130,0.002,54.988,0.002,55.014,0.002,28.052,0.006,28.048,0.006,28.048,0.006,28.048,0.006,25.688,0.021,26.429,0.020,25.566,0.021,25.612,0.021,25.717,0.021,28.521,0.026,23.335,0.137,28.388,0.395
101003,15.001,0.001,55.112,0.003,55.132,0.002,54.988,0.002,55.014,0.002,28.054,0.006,28.048,0.006,28.048,0.006,28.050,0.006,25.689,0.021,26.429,0.020,25.566,0.021,25.613,0.021,25.717,0.021,28.521,0.026,23.301,0.136,28.400,0.393
102003,15.000,0.001,55.112,0.003,55.128,0.002,54.990,0.002,55.016,0.002,28.054,0.006,28.048,0.006,28.048,0.006,28.048,0.006,25.690,0.021,26.429,0.020,25.566,0.021,25.613,0.021,25.718,0.021,28.520,0.026,23.386,0.136,28.360,0.391
103003,15.000,0.001,55.114,0.003,55.128,0.002,54.988,0.002,55.014,0.002,28.054,0.006,28.048,0.006,28.048,0.006,28.050,0.006,25.689,0.021,26.429,0.020,25.567,0.021,25.613,0.021,25.718,0.021,28.521,0.026,23.341,0.134,28.257,0.391
104003,15.000,0.001,55.116,0.003,55.130,0.003,54.986,0.002,55.014,0.002,28.054,0.006,28.048,0.006,28.050,0.006,28.050,0.006,25.691,0.021,26.430,0.020,25.567,0.021,25.615,0.021,25.719,0.021,28.523,0.026,23.332,0.132,28.154,0.392
105003,15.000,0.001,55.116,0.003,55.128,0.003,54.988,0.002,55.014,0.002,28.054,0.006,28.048,0.006,28.050,0.006,28.050,0.006,25.690,0.021,26.430,0.019,25.567,0.021,25.616,0.021,25.718,0.021,28.524,0.026,23.346,0.131,28.069,0.396
106003,15.000,0.001,55.112,0.003,55.128,0.003,54.988,0.002,55.016,0.002,28.054,0.006,28.048,0.006,28.050,0.006,28.050,0.006,25.691,0.021,26.430,0.019,25.568,0.021,25.616,0.021,25.720,0.021,28.524,0.026,23.360,0.130,28.041,0.401
107003,15.000,0.001,55.114,0.003,55.128,0.003,54.986,0.002,55.014,0.002,28.054,0.006,28.048,0.006,28.050,0.006,28.050,0.006,25.692,0.021,26.431,0.019,25.569,0.021,25.616,0.021,25.720,0.021,28.525,0.026,23.512,0.131,28.037,0.406
108003,15.000,0.001,55.114,0.003,55.132,0.003,54.988,0.002,55.014,0.002,28.054,0.006,28.048,0.006,28.050,0.006,28.050,0.006,25.693,0.021,26.431,0.019,25.569,0.021,25.617,0.021,25.722,0.021,28.526,0.026,23.526,0.131,28.065,0.410
109003,15.001,0.001,55.114,0.003,55.130,0.003,54.988,0.002,55.014,0.002,28.054,0.006,28.048,0.006,28.050,0.006,28.050,0.006,25.693,0.021,26.432,0.019,25.571,0.021,25.618,0.021,25.722,0.021,28.527,0.026,23.525,0.131,28.101,0.412
110003,15.000,0.001,55.112,0.003,55.128,0.003,54.988,0.002,55.014,0.002,28.056,0.006,28.050,0.006,28.050,0.006,28.050,0.006,25.693,0.021,26.433,0.019,25.571,0.021,25.618,0.021,25.723,0.021,28.528,0.026,23.461,0.132,28.111,0.413
111003,15.000,0.001,55.114,0.003,55.126,0.003,54.986,0.002,55.014,0.002,28.056,0.006,28.050,0.006,28.052,0.006,28.052,0.006,25.695,0.021,26.433,0.019,25.571,0.021,25.619,0.021,25.723,0.021,28.528,0.026,23.408,0.131,28.036,0.417
112003,15.000,0.001,55.112,0.003,55.128,0.003,54.988,0.002,55.014,0.002,28.056,0.006,28.048,0.006,28.052,0.006,28.052,0.006,25.695,0.021,26.434,0.019,25.572,0.021,25.619,0.021,25.724,0.021,28.528,0.026,23.400,0.128,27.962,0.422
113003,15.001,0.001,55.114,0.003,55.128,0.003,54.988,0.002,55.014,0.002,28.056,0.006,28.050,0.006,28.050,0.006,28.052,0.006,25.697,0.021,26.435,0.019,25.572,0.021,25.619,0.021,25.724,0.021,28.526,0.026,23.386,0.125,27.938,0.429
114003,15.000,0.001,55.114,0.003,55.128,0.003,54.988,0.002,55.014,0.002,28.056,0.006,28.050,0.006,28.050,0.006,28.050,0.006,25.696,0.021,26.435,0.019,25.573,0.021,25.620,0.021,25.725,0.021,28.525,0.026,23.395,0.123,27.925,0.435
115003,15.000,0.001,55.112,0.003,55.128,0.003,54.988,0.002,55.014,0.002,28.056,0.006,28.050,0.006,28.052,0.006,28.052,0.006,25.696,0.021,26.435,0.019,25.573,0.021,25.621,0.021,25.726,0.021,28.525,0.026,23.437,0.120,27.891,0.441
116003,15.001,0.001,55.112,0.003,55.126,0.003,54.988,0.002,55.014,0.002,28.056,0.006,28.052,0.006,28.050,0.006,28.052,0.006,25.697,0.021,26.436,0.019,25.574,0.021,25.621,0.021,25.726,0.021,28.525,0.026,23.406,0.117,27.903,0.447
117003,15.001,0.001,55.116,0.003,55.128,0.003,54.988,0.002,55.014,0.002,28.056,0.006,28.050,0.006,28.052,0.006,28.052,0.006,25.699,0.021,26.435,0.019,25.574,0.021,25.622,0.021,25.727,0.021,28.524,0.026,23.417,0.116,27.937,0.450
118003,15.000,0.001,55.112,0.003,55.130,0.003,54.988,0.002,55.014,0.002,28.056,0.006,28.050,0.006,28.052,0.006,28.052,0.006,25.699,0.021,26.437,0.019,25.576,0.021,25.624,0.021,25.727,0.021,28.523,0.026,23.402,0.115,27.963,0.453
119004,15.001,0.001,55.114,0.003,55.128,0.003,54.986,0.002,55.012,0.002,28.056,0.006,28.050,0.006,28.052,0.006,28.052,0.006,25.699,0.021,26.437,0.019,25.576,0.021,25.623,0.021,25.728,0.021,28.523,0.026,23.446,0.116,27.976,0.454
120003,15.001,0.001,55.112,0.003,55.130,0.003,54.984,0.002,55.012,0.002,28.056,0.006,28.052,0.006,28.052,0.006,28.052,0.006,25.700,0.021,26.438,0.019,25.577,0.021,25.624,0.021,25.728,0.021,28.523,0.026,23.384,0.115,28.014,0.454
121004,15.000,0.001,55.112,0.003,55.128,0.003,54.988,0.002,55.014,0.002,28.056,0.006,28.052,0.006,28.052,0.006,28.052,0.006,25.701,0.021,26.438,0.019,25.578,0.021,25.624,0.021,25.729,0.021,28.525,0.026,23.413,0.115,28.059,0.453
122004,15.001,0.001,55.114,0.003,55.130,0.003,54.988,0.002,55.016,0.002,28.056,0.006,28.052,0.006,28.052,0.006,28.052,0.006,25.700,0.021,26.440,0.019,25.577,0.021,25.625,0.021,25.729,0.021,28.527,0.026,23.424,0.115,28.080,0.450
123004,15.000,0.001,55.112,0.003,55.126,0.003,54.988,0.002,55.014,0.002,28.058,0.006,28.052,0.006,28.052,0.006,28.052,0.006,25.702,0.021,26.440,0.019,25.579,0.021,25.625,0.021,25.730,0.021,28.527,0.026,23.421,0.114,28.090,0.448
124004,15.000,0.001,55.112,0.003,55.128,0.003,54.988,0.002,55.014,0.002,28.058,0.006,28.052,0.006,28.052,0.006,28.052,0.006,25.704,0.021,26.439,0.019,25.579,0.021,25.627,0.021,25.730,0.021,28.528,0.026,23.416,0.112,28.096,0.446
125004,15.000,0.001,55.112,0.003,55.124,0.003,54.986,0.002,55.014,0.002,28.058,0.006,28.052,0.006,28.054,0.006,28.054,0.006,25.703,0.021,26.440,0.019,25.579,0.021,25.627,0.021,25.731,0.021,28.530,0.026,23.405,0.110,28.076,0.446
126004,15.000,0.001,55.114,0.003,55.124,0.003,54.986,0.002,55.014,0.002,28.058,0.006,28.052,0.006,28.054,0.006,28.054,0.006,25.704,0.021,26.441,0.019,25.581,0.021,25.628,0.021,25.731,0.021,28.532,0.026,23.425,0.107,28.035,0.447
127004,15.000,0.001,55.112,0.003,55.126,0.003,54.988,0.002,55.014,0.002,28.058,0.006,28.052,0.006,28.054,0.006,28.054,0.006,25.705,0.021,26.441,0.019,25.581,0.021,25.628,0.021,25.732,0.021,28.535,0.026,23.494,0.106,27.985,0.449
128004,15.000,0.001,55.114,0.003,55.128,0.003,54.984,0.002,55.012,0.002,28.058,0.006,28.052,0.006,28.052,0.006,28.054,0.006,25.705,0.021,26.441,0.019,25.582,0.021,25.629,0.021,25.733,0.021,28.536,0.026,23.463,0.107,27.992,0.450
129004,15.001,0.001,55.112,0.003,55.126,0.003,54.988,0.002,55.014,0.002,28.058,0.006,28.052,0.006,28.054,0.006,28.054,0.006,25.705,0.021,26.442,0.019,25.582,0.021,25.629,0.021,25.734,0.021,28.538,0.026,23.455,0.107,27.989,0.450
130004,15.001,0.001,55.112,0.003,55.126,0.003,54.986,0.002,55.014,0.002,28.058,0.006,28.054,0.006,28.054,0.006,28.054,0.006,25.707,0.021,26.441,0.019,25.582,0.021,25.630,0.021,25.734,0.021,28.539,0.026,23.461,0.105,27.947,0.451
131004,15.001,0.001,55.112,0.003,55.124,0.003,54.986,0.002,55.012,0.002,28.058,0.006,28.052,0.006,28.054,0.006,28.054,0.006,25.706,0.021,26.442,0.018,25.583,0.021,25.631,0.021,25.734,0.021,28.540,0.026,23.374,0.103,27.896,0.453
132004,15.000,0.001,55.110,0.003,55.126,0.003,54.988,0.002,55.014,0.002,28.060,0.006,28.054,0.006,28.056,0.006,28.056,0.006,25.708,0.021,26.444,0.018,25.584,0.021,25.631,0.021,25.735,0.021,28.540,0.026,23.450,0.101,27.864,0.455
133004,14.999,0.001,55.110,0.003,55.126,0.003,54.986,0.002,55.012,0.002,28.058,0.006,28.054,0.006,28.054,0.006,28.054,0.006,25.708,0.021,26.444,0.018,25.584,0.021,25.632,0.021,25.736,0.021,28.540,0.026,23.462,0.098,27.849,0.458
134004,14.999,0.001,55.112,0.003,55.126,0.003,54.988,0.002,55.014,0.002,28.060,0.006,28.054,0.006,28.056,0.006,28.056,0.006,25.708,0.021,26.444,0.018,25.585,0.021,25.633,0.021,25.736,0.021,28.542,0.025,23.449,0.098,27.808,0.463
135004,15.000,0.001,55.110,0.003,55.124,0.003,54.986,0.002,55.012,0.002,28.060,0.006,28.054,0.006,28.054,0.006,28.056,0.006,25.709,0.021,26.446,0.018,25.585,0.021,25.632,0.021,25.737,0.021,28.543,0.025,23.447,0.098,27.762,0.469
136004,15.000,0.001,55.110,0.003,55.126,0.003,54.988,0.002,55.014,0.002,28.060,0.006,28.054,0.006,28.056,0.006,28.056,0.006,25.710,0.021,26.445,0.018,25.586,0.021,25.632,0.021,25.737,0.021,28.543,0.025,23.446,0.097,27.741,0.476
137004,15.000,0.001,55.112,0.003,55.124,0.003,54.990,0.002,55.016,0.002,28.060,0.006,28.056,0.006,28.056,0.006,28.056,0.006,25.711,0.021,26.445,0.018,25.587,0.021,25.633,0.021,25.738,0.021,28.543,0.025,23.466,0.096,27.767,0.482
138004,15.001,0.001,55.112,0.003,55.124,0.003,54.988,0.002,55.014,0.002,28.060,0.006,28.054,0.006,28.056,0.006,28.056,0.006,25.711,0.021,26.446,0.018,25.587,0.021,25.635,0.021,25.739,0.021,28.543,0.025,23.447,0.097,27.806,0.488
139004,15.001,0.001,55.112,0.003,55.126,0.003,54.982,0.002,55.010,0.002,28.060,0.006,28.054,0.006,28.056,0.006,28.056,0.006,25.713,0.021,26.447,0.018,25.588,0.021,25.635,0.021,25.740,0.021,28.543,0.025,23.416,0.096,27.825,0.492
140004,15.002,0.001,55.110,0.003,55.126,0.003,54.986,0.002,55.012,0.002,28.060,0.006,28.056,0.006,28.056,0.006,28.056,0.006,25.712,0.021,26.447,0.018,25.588,0.021,25.635,0.021,25.740,0.021,28.543,0.025,23.381,0.095,27.775,0.498
141004,15.001,0.001,55.110,0.003,55.126,0.003,54.988,0.002,55.014,0.002,28.062,0.006,28.056,0.006,28.056,0.006,28.056,0.006,25.712,0.021,26.449,0.018,25.589,0.021,25.636,0.021,25.741,0.021,28.543,0.025,23.385,0.095,27.726,0.504
142004,15.000,0.001,55.112,0.003,55.124,0.003,54.984,0.002,55.010,0.002,28.062,0.006,28.056,0.006,28.056,0.006,28.056,0.006,25.714,0.021,26.449,0.018,25.590,0.021,25.637,0.021,25.741,0.021,28.543,0.024,23.360,0.094,27.717,0.510
143004,15.000,0.001,55.112,0.003,55.128,0.003,54.988,0.002,55.014,0.002,28.062,0.006,28.054,0.006,28.056,0.006,28.056,0.006,25.714,0.021,26.449,0.018,25.590,0.021,25.637,0.021,25.741,0.021,28.543,0.024,23.360,0.094,27.717,0.510
144004,15.000,0.001,55.112,0.003,55.126,0.003,54.984,0.002,55.012,0.002,28.062,0.006,28.056,0.006,28.056,0.006,28.056,0.006,25.714,0.021,26.450,0.018,25.591,0.021,25.638,0.021,25.742,0.021,28.543,0.024,23.346,0.092,27.716,0.515
145004,15.000,0.001,55.110,0.003,55.128,0.003,54.986,0.002,55.012,0.002,28.062,0.006,28.056,0.006,28.056,0.006,28.058,0.006,25.714,0.021,26.450,0.018,25.591,0.021,25.638,0.021,25.743,0.021,28.543,0.024,23.416,0.092,27.751,0.519
146004,15.000,0.001,55.110,0.003,55.126,0.003,54.984,0.002,55.010,0.003,28.062,0.006,28.056,0.006,28.058,0.006,28.058,0.006,25.714,0.021,26.450,0.018,25.592,0.021,25.639,0.021,25.743,0.021,28.543,0.024,23.323,0.092,27.770,0.523
147004,15.000,0.001,55.110,0.003,55.126,0.003,54.984,0.003,55.012,0.003,28.060,0.006,28.056,0.006,28.056,0.006,28.058,0.006,25.714,0.021,26.451,0.018,25.593,0.021,25.639,0.021,25.743,0.021,28.544,0.024,23.307,0.091,27.812,0.526
148004,15.000,0.001,55.112,0.003,55.124,0.003,54.984,0.003,55.012,0.003,28.062,0.006,28.056,0.006,28.056,0.006,28.058,0.006,25.716,0.021,26.452,0.018,25.593,0.021,25.640,0.021,25.743,0.021,28.545,0.023,23.347,0.090,27.842,0.529
149005,15.000,0.001,55.108,0.003,55.124,0.003,54.984,0.003,55.010,0.003,28.062,0.006,28.056,0.006,28.058,0.006,28.058,0.006,25.717,0.021,26.452,0.018,25.593,0.021,25.641,0.021,25.745,0.021,28.545,0.023,23.333,0.090,27.849,0.532
150005,15.000,0.001,55.110,0.003,55.124,0.003,54.984,0.003,55.010,0.003,28.062,0.006,28.056,0.006,28.058,0.006,28.058,0.006,25.716,0.021,26.453,0.018,25.594,0.021,25.640,0.021,25.745,0.021,28.546,0.023,23.323,0.090,27.827,0.536
151005,15.000,0.001,55.108,0.003,55.124,0.003,54.986,0.003,55.012,0.003,28.062,0.006,28.056,0.006,28.058,0.006,28.058,0.006,25.717,0.021,26.453,0.018,25.594,0.021,25.641,0.021,25.746,0.021,28.545,0.023,23.336,0.089,27.802,0.539
152005,15.001,0.001,55.108,0.003,55.126,0.003,54.984,0.003,55.012,0.003,28.064,0.006,28.058,0.007,28.058,0.006,28.058,0.006,25.720,0.021,26.454,0.018,25.595,0.021,25.642,0.021,25.747,0.021,28.544,0.022,23.435,0.090,27.795,0.542
153005,15.002,0.001,55.110,0.003,55.126,0.003,54.982,0.003,55.010,0.003,28.064,0.006,28.058,0.007,28.058,0.006,28.058,0.006,25.719,0.021,26.455,0.018,25.596,0.021,25.643,0.021,25.749,0.021,28.543,0.022,23.466,0.089,27.818,0.543
154005,15.001,0.001,55.108,0.003,55.124,0.003,54.986,0.003,55.012,0.003,28.062,0.006,28.058,0.007,28.058,0.006,28.058,0.006,25.720,0.021,26.455,0.018,25.596,0.021,25.643,0.021,25.748,0.021,28.544,0.022,23.480,0.089,27.834,0.543
155005,15.000,0.001,55.108,0.004,55.124,0.003,54.986,0.003,55.012,0.003,28.064,0.006,28.058,0.007,28.058,0.006,28.058,0.006,25.721,0.021,26.456,0.018,25.597,0.021,25.644,0.021,25.749,0.021,28.544,0.022,23.459,0.089,27.820,0.542
156005,15.000,0.001,55.110,0.004,55.122,0.004,54.982,0.003,55.010,0.003,28.064,0.006,28.058,0.007,28.058,0.006,28.060,0.006,25.720,0.021,26.456,0.018,25.597,0.021,25.645,0.021,25.749,0.021,28.544,0.021,23.498,0.089,27.805,0.541
157005,15.001,0.001,55.108,0.004,55.124,0.003,54.984,0.003,55.012,0.003,28.064,0.006,28.058,0.007,28.060,0.006,28.060,0.006,25.722,0.021,26.456,0.018,25.598,0.021,25.645,0.021,25.750,0.021,28.545,0.021,23.350,0.089,27.823,0.540
158005,15.000,0.001,55.110,0.004,55.124,0.003,54.982,0.003,55.008,0.003,28.064,0.006,28.058,0.007,28.058,0.006,28.060,0.006,25.721,0.021,26.458,0.018,25.599,0.021,25.646,0.021,25.750,0.021,28.545,0.021,23.368,0.088,27.845,0.538
159005,15.000,0.001,55.108,0.004,55.122,0.004,54.984,0.003,55.010,0.003,28.064,0.006,28.058,0.007,28.058,0.006,28.058,0.006,25.723,0.021,26.458,0.018,25.599,0.021,25.647,0.021,25.751,0.021,28.546,0.021,23.413,0.088,27.866,0.536
160005,15.001,0.001,55.108,0.004,55.120,0.004,54.986,0.003,55.012,0.003,28.064,0.006,28.058,0.007,28.058,0.006,28.060,0.006,25.723,0.021,26.458,0.018,25.599,0.021,25.647,0.021,25.750,0.021,28.546,0.021,23.423,0.085,27.877,0.535
161005,15.001,0.001,55.108,0.004,55.124,0.004,54.982,0.003,55.010,0.003,28.064,0.006,28.058,0.007,28.060,0.006,28.060,0.006,25.724,0.021,26.459,0.018,25.601,0.021,25.648,0.021,25.752,0.021,28.547,0.020,23.406,0.079,27.847,0.534
162005,15.000,0.001,55.110,0.004,55.124,0.004,54.984,0.003,55.012,0.003,28.064,0.006,28.058,0.007,28.060,0.006,28.060,0.006,25.724,0.021,26.459,0.018,25.602,0.021,25.648,0.021,25.752,0.021,28.548,0.020,23.371,0.076,27.798,0.533
163005,15.000,0.001,55.108,0.004,55.122,0.004,54.982,0.003,55.010,0.003,28.066,0.006,28.060,0.007,28.060,0.006,28.060,0.006,25.724,0.021,26.460,0.018,25.601,0.021,25.649,0.021,25.753,0.021,28.549,0.020,23.397,0.076,27.749,0.532
164005,15.001,0.001,55.108,0.004,55.122,0.004,54.984,0.003,55.010,0.003,28.066,0.006,28.058,0.007,28.060,0.006,28.060,0.006,25.727,0.021,26.462,0.018,25.602,0.021,25.650,0.021,25.754,0.021,28.549,0.020,23.422,0.075,27.710,0.532
165005,15.000,0.001,55.104,0.004,55.122,0.004,54.984,0.003,55.010,0.003,28.064,0.006,28.060,0.007,28.060,0.006,28.060,0.006,25.726,0.021,26.461,0.018,25.603,0.021,25.649,0.021,25.755,0.021,28.551,0.020,23.458,0.074,27.696,0.531
166005,15.000,0.001,55.108,0.004,55.120,0.004,54.982,0.003,55.008,0.003,28.066,0.006,28.060,0.007,28.060,0.006,28.060,0.006,25.727,0.021,26.462,0.018,25.604,0.021,25.651,0.021,25.756,0.021,28.551,0.020,23.404,0.074,27.686,0.529
167005,15.001,0.001,55.108,0.004,55.120,0.004,54.982,0.003,55.008,0.003,28.066,0.006,28.060,0.007,28.060,0.006,28.060,0.006,25.728,0.021,26.463,0.018,25.604,0.021,25.652,0.021,25.756,0.021,28.552,0.020,23.418,0.074,27.691,0.527
168005,15.000,0.001,55.108,0.004,55.122,0.004,54.982,0.003,55.010,0.003,28.066,0.006,28.060,0.007,28.060,0.006,28.062,0.006,25.728,0.021,26.464,0.018,25.605,0.021,25.652,0.021,25.756,0.021,28.552,0.020,23.464,0.074,27.660,0.525
169005,15.001,0.001,55.110,0.004,55.124,0.004,54.988,0.003,55.014,0.003,28.066,0.006,28.060,0.007,28.060,0.006,28.062,0.006,25.729,0.021,26.464,0.018,25.605,0.021,25.652,0.021,25.757,0.021,28.553,0.020,23.478,0.074,27.614,0.523
170005,15.000,0.001,55.108,0.004,55.124,0.004,54.984,0.003,55.010,0.003,28.066,0.006,28.060,0.007,28.062,0.006,28.062,0.006,25.729,0.021,26.465,0.018,25.606,0.021,25.653,0.021,25.757,0.021,28.553,0.020,23.532,0.075,27.561,0.522
171005,15.000,0.001,55.108,0.004,55.124,0.004,54.984,0.003,55.010,0.003,28.066,0.006,28.060,0.007,28.062,0.006,28.062,0.006,25.731,0.021,26.466,0.018,25.607,0.021,25.654,0.021,25.757,0.021,28.554,0.020,23.582,0.076,27.519,0.523
172005,15.000,0.001,55.108,0.004,55.122,0.004,54.984,0.003,55.010,0.003,28.066,0.006,28.060,0.007,28.062,0.006,28.062,0.006,25.730,0.021,26.466,0.018,25.608,0.021,25.654,0.021,25.758,0.021,28.553,0.020,23.530,0.076,27.500,0.525
173005,15.000,0.001,55.108,0.004,55.122,0.004,54.982,0.003,55.010,0.003,28.066,0.006,28.060,0.007,28.062,0.006,28.062,0.006,25.731,0.021,26.466,0.018,25.608,0.021,25.656,0.021,25.758,0.021,28.552,0.019,23.522,0.077,27.514,0.526
174005,15.001,0.001,55.106,0.004,55.122,0.004,54.982,0.003,55.008,0.003,28.068,0.006,28.060,0.007,28.062,0.006,28.062,0.006,25.732,0.021,26.468,0.018,25.608,0.021,25.656,0.021,25.759,0.021,28.552,0.019,23.491,0.077,27.528,0.526
175005,15.000,0.001,55.110,0.004,55.122,0.004,54.982,0.003,55.008,0.003,28.068,0.006,28.060,0.006,28.062,0.006,28.062,0.006,25.732,0.021,26.468,0.018,25.609,0.021,25.656,0.021,25.760,0.021,28.550,0.019,23.490,0.076,27.570,0.524
176005,15.000,0.001,55.106,0.004,55.120,0.004,54.980,0.003,55.008,0.003,28.066,0.006,28.060,0.006,28.062,0.006,28.062,0.006,25.732,0.021,26.469,0.018,25.610,0.021,25.657,0.021,25.761,0.021,28.549,0.019,23.505,0.075,27.608,0.520
177005,15.000,0.001,55.108,0.004,55.122,0.004,54.982,0.003,55.008,0.003,28.066,0.006,28.062,0.006,28.062,0.006,28.064,0.006,25.733,0.021,26.470,0.018,25.610,0.021,25.656,0.021,25.762,0.021,28.549,0.019,23.512,0.075,27.639,0.517
178005,15.000,0.001,55.108,0.004,55.120,0.004,54.984,0.003,55.010,0.003,28.068,0.006,28.062,0.006,28.062,0.006,28.064,0.006,25.733,0.021,26.470,0.018,25.611,0.021,25.659,0.021,25.761,0.021,28.548,0.019,23.511,0.076,27.662,0.514
179006,15.000,0.001,55.108,0.003,55.122,0.004,54.982,0.003,55.008,0.003,28.068,0.006,28.062,0.006,28.062,0.006,28.064,0.006,25.735,0.021,26.471,0.018,25.611,0.021,25.659,0.021,25.762,0.021,28.549,0.018,23.453,0.075,27.683,0.511
180006,15.000,0.001,55.106,0.004,55.120,0.004,54.982,0.003,55.008,0.003,28.068,0.006,28.062,0.007,28.062,0.006,28.062,0.006,25.736,0.021,26.471,0.018,25.612,0.021,25.659,0.021,25.762,0.021,28.549,0.018,23.429,0.073,27.703,0.508
181006,15.000,0.001,55.106,0.004,55.122,0.004,54.982,0.003,55.008,0.003,28.068,0.006,28.062,0.007,28.064,0.006,28.064,0.006,25.735,0.021,26.471,0.018,25.613,0.021,25.659,0.021,25.764,0.021,28.549,0.018,23.411,0.072,27.720,0.505
182006,15.000,0.001,55.106,0.004,55.120,0.004,54.984,0.003,55.010,0.003,28.068,0.006,28.062,0.006,28.062,0.006,28.064,0.006,25.736,0.021,26.472,0.018,25.614,0.021,25.661,0.021,25.764,0.021,28.549,0.017,23.414,0.064,27.743,0.500
183006,15.000,0.001,55.106,0.004,55.122,0.004,54.982,0.003,55.008,0.003,28.068,0.006,28.062,0.006,28.064,0.006,28.064,0.006,25.737,0.021,26.472,0.018,25.614,0.021,25.661,0.021,25.764,0.021,28.549,0.017,23.448,0.064,27.768,0.495
184006,15.000,0.000,55.106,0.004,55.120,0.004,54.982,0.003,55.008,0.003,28.068,0.006,28.062,0.006,28.064,0.006,28.064,0.006,25.738,0.021,26.473,0.018,25.614,0.021,25.662,0.021,25.766,0.021,28.549,0.017,23.454,0.064,27.789,0.489
185006,15.000,0.000,55.108,0.004,55.122,0.004,54.982,0.003,55.008,0.003,28.068,0.006,28.062,0.006,28.064,0.006,28.064,0.006,25.738,0.021,26.474,0.018,25.615,0.021,25.662,0.021,25.766,0.021,28.551,0.017,23.442,0.064,27.815,0.482
186006,15.001,0.000,55.108,0.004,55.122,0.004,54.984,0.003,55.010,0.003,28.070,0.006,28.062,0.006,28.064,0.006,28.064,0.006,25.739,0.021,26.475,0.018,25.615,0.021,25.663,0.021,25.766,0.021,28.551,0.016,23.451,0.063,27.836,0.474
187006,15.000,0.000,55.106,0.003,55.124,0.004,54.980,0.003,55.008,0.003,28.068,0.006,28.064,0.006,28.064,0.006,28.064,0.006,25.740,0.021,26.475,0.018,25.617,0.021,25.663,0.021,25.768,0.021,28.551,0.016,23.430,0.062,27.874,0.466
188006,15.000,0.000,55.106,0.003,55.124,0.004,54.984,0.003,55.010,0.003,28.070,0.006,28.064,0.006,28.064,0.006,28.064,0.006,25.741,0.021,26.476,0.018,25.616,0.021,25.664,0.021,25.768,0.021,28.553,0.016,23.450,0.062,27.906,0.456
189006,15.000,0.000,55.106,0.004,55.120,0.004,54.982,0.003,55.008,0.003,28.070,0.006,28.064,0.006,28.064,0.006,28.064,0.006,25.741,0.021,26.477,0.019,25.618,0.021,25.665,0.021,25.769,0.021,28.554,0.015,23.555,0.062,27.936,0.446
190006,15.000,0.000,55.106,0.004,55.124,0.004,54.982,0.003,55.008,0.003,28.070,0.006,28.064,0.006,28.064,0.006,28.064,0.006,25.740,0.021,26.477,0.019,25.618,0.021,25.665,0.021,25.769,0.021,28.555,0.015,23.521,0.062,27.961,0.435
191006,15.001,0.000,55.106,0.003,55.120,0.004,54.982,0.003,55.008,0.003,28.070,0.006,28.064,0.006,28.064,0.006,28.064,0.006,25.742,0.021,26.478,0.019,25.618,0.021,25.665,0.021,25.770,0.021,28.555,0.015,23.480,0.062,27.987,0.423
192006,15.000,0.000,55.102,0.004,55.120,0.004,54.984,0.003,55.010,0.003,28.070,0.006,28.064,0.006,28.066,0.006,28.066,0.006,25.743,0.021,26.478,0.019,25.619,0.021,25.666,0.021,25.770,0.021,28.557,0.015,23.505,0.062,28.012,0.412
193006,15.000,0.000,55.108,0.003,55.122,0.004,54.982,0.003,55.008,0.003,28.070,0.006,28.064,0.006,28.066,0.006,28.066,0.006,25.743,0.021,26.479,0.019,25.620,0.021,25.667,0.021,25.771,0.021,28.560,0.015,23.574,0.063,28.035,0.401
194006,15.000,0.000,55.106,0.003,55.122,0.004,54.978,0.003,55.006,0.003,28.070,0.006,28.064,0.006,28.066,0.006,28.066,0.006,25.743,0.021,26.479,0.019,25.620,0.021,25.668,0.021,25.772,0.021,28.561,0.014,23.424,0.062,28.049,0.391
195006,15.000,0.000,55.106,0.003,55.120,0.004,54.982,0.003,55.008,0.003,28.070,0.006,28.064,0.006,28.066,0.006,28.066,0.006,25.744,0.021,26.481,0.019,25.620,0.021,25.669,0.021,25.772,0.021,28.562,0.014,23.451,0.061,28.040,0.381
196006,15.000,0.000,55.108,0.003,55.118,0.004,54.982,0.003,55.008,0.003,28.070,0.006,28.064,0.006,28.066,0.006,28.066,0.006,25.745,0.021,26.482,0.019,25.622,0.021,25.669,0.021,25.773,0.021,28.564,0.014,23.460,0.061,28.023,0.372
197006,15.000,0.000,55.104,0.003,55.118,0.004,54.982,0.003,55.008,0.003,28.072,0.006,28.064,0.006,28.066,0.006,28.066,0.006,25.744,0.021,26.481,0.019,25.623,0.021,25.669,0.021,25.773,0.021,28.566,0.014,23.458,0.060,27.975,0.363
198006,15.000,0.000,55.106,0.003,55.120,0.004,54.980,0.003,55.006,0.003,28.072,0.006,28.064,0.006,28.066,0.006,28.068,0.006,25.746,0.021,26.482,0.019,25.623,0.021,25.670,0.021,25.774,0.021,28.569,0.014,23.468,0.060,27.922,0.355
199006,15.000,0.000,55.104,0.003,55.118,0.004,54.980,0.003,55.006,0.003,28.070,0.006,28.066,0.006,28.066,0.006,28.066,0.006,25.746,0.021,26.483,0.019,25.623,0.021,25.670,0.021,25.775,0.021,28.571,0.014,23.470,0.059,27.873,0.347
200006,15.000,0.000,55.106,0.003,55.118,0.004,54.982,0.003,55.008,0.003,28.072,0.006,28.066,0.006,28.066,0.006,28.066,0.006,25.747,0.021,26.484,0.019,25.624,0.021,25.670,0.021,25.775,0.021,28.574,0.015,23.453,0.058,27.841,0.341
201006,15.000,0.000,55.104,0.003,55.116,0.004,54.980,0.003,55.006,0.003,28.070,0.006,28.066,0.006,28.066,0.006,28.066,0.006,25.748,0.021,26.485,0.019,25.625,0.021,25.671,0.021,25.775,0.021,28.575,0.015,23.463,0.058,27.832,0.336
202006,15.001,0.000,55.106,0.003,55.120,0.004,54.980,0.003,55.006,0.003,28.072,0.006,28.066,0.006,28.066,0.006,28.068,0.006,25.749,0.021,26.485,0.019,25.625,0.021,25.672,0.021,25.776,0.021,28.576,0.015,23.480,0.058,27.832,0.331
203006,15.001,0.000,55.106,0.003,55.118,0.004,54.982,0.003,55.008,0.003,28.072,0.006,28.066,0.006,28.068,0.006,28.068,0.006,25.750,0.021,26.485,0.019,25.626,0.021,25.673,0.021,25.777,0.021,28.578,0.015,23.506,0.059,27.813,0.327
204006,15.000,0.000,55.106,0.003,55.120,0.004,54.980,0.003,55.008,0.003,28.072,0.006,28.066,0.006,28.066,0.006,28.068,0.006,25.749,0.021,26.486,0.019,25.627,0.021,25.673,0.021,25.778,0.021,28.579,0.016,23.427,0.059,27.800,0.323
205006,15.000,0.000,55.106,0.003,55.120,0.004,54.980,0.003,55.008,0.003,28.072,0.006,28.066,0.006,28.068,0.006,28.068,0.006,25.751,0.021,26.487,0.019,25.626,0.021,25.674,0.021,25.777,0.020,28.579,0.016,23.412,0.059,27.799,0.319
206006,15.000,0.000,55.104,0.003,55.118,0.004,54.980,0.003,55.006,0.003,28.074,0.006,28.066,0.006,28.068,0.006,28.068,0.006,25.751,0.021,26.488,0.019,25.627,0.021,25.675,0.021,25.778,0.020,28.579,0.016,23.401,0.059,27.822,0.316
207006,15.000,0.000,55.104,0.003,55.120,0.004,54.980,0.003,55.006,0.003,28.072,0.006,28.066,0.006,28.068,0.006,28.068,0.006,25.752,0.021,26.487,0.019,25.628,0.021,25.674,0.021,25.779,0.020,28.579,0.016,23.404,0.058,27.857,0.313
208007,15.000,0.000,55.104,0.003,55.118,0.004,54.978,0.003,55.004,0.003,28.074,0.006,28.068,0.006,28.068,0.006,28.068,0.006,25.752,0.021,26.489,0.020,25.629,0.021,25.676,0.021,25.779,0.020,28.579,0.017,23.403,0.058,27.876,0.310
209007,15.000,0.000,55.106,0.003,55.118,0.004,54.980,0.003,55.006,0.003,28.074,0.006,28.068,0.006,28.068,0.006,28.068,0.006,25.752,0.021,26.489,0.020,25.629,0.021,25.677,0.021,25.780,0.020,28.580,0.017,23.405,0.058,27.892,0.308
210007,15.000,0.000,55.104,0.003,55.116,0.004,54.982,0.003,55.008,0.003,28.074,0.006,28.068,0.006,28.068,0.006,28.070,0.006,25.753,0.021,26.489,0.020,25.630,0.021,25.677,0.021,25.781,0.020,28.581,0.017,23.431,0.058,27.905,0.306
211007,15.000,0.000,55.102,0.003,55.120,0.004,54.980,0.003,55.006,0.003,28.074,0.006,28.068,0.006,28.068,0.006,28.068,0.006,25.754,0.021,26.490,0.020,25.631,0.021,25.678,0.021,25.782,0.020,28.582,0.017,23.402,0.058,27.913,0.304
212007,15.000,0.000,55.104,0.003,55.116,0.004,54.978,0.003,55.004,0.003,28.074,0.006,28.068,0.006,28.068,0.006,28.070,0.006,25.755,0.021,26.491,0.020,25.631,0.021,25.678,0.021,25.782,0.020,28.582,0.017,23.369,0.058,27.910,0.301
213007,15.001,0.000,55.104,0.003,55.116,0.004,54.978,0.003,55.004,0.003,28.074,0.006,28.068,0.006,28.068,0.006,28.068,0.006,25.756,0.021,26.491,0.020,25.632,0.021,25.679,0.021,25.782,0.020,28.583,0.018,23.486,0.058,27.904,0.299
214007,15.001,0.000,55.104,0.003,55.116,0.004,54.980,0.003,55.006,0.003,28.074,0.006,28.068,0.006,28.070,0.006,28.070,0.006,25.756,0.021,26.493,0.020,25.632,0.021,25.679,0.021,25.783,0.020,28.586,0.018,23.541,0.059,27.910,0.297
215007,15.002,0.000,55.104,0.003,55.118,0.004,54.978,0.003,55.004,0.003,28.074,0.006,28.068,0.006,28.070,0.006,28.070,0.006,25.756,0.021,26.493,0.020,25.632,0.021,25.679,0.021,25.783,0.020,28.586,0.018,23.541,0.059,27.910,0.297
216007,15.002,0.000,55.104,0.003,55.118,0.004,54.980,0.003,55.006,0.003,28.074,0.006,28.068,0.006,28.070,0.006,28.070,0.006,25.756,0.021,26.494,0.020,25.632,0.021,25.680,0.021,25.783,0.020,28.587,0.018,23.545,0.060,27.934,0.294
217007,15.000,0.000,55.104,0.003,55.120,0.004,54.978,0.003,55.004,0.003,28.074,0.006,28.068,0.006,28.070,0.006,28.070,0.006,25.757,0.021,26.494,0.020,25.633,0.021,25.681,0.021,25.785,0.020,28.589,0.018,23.551,0.060,27.964,0.290
218007,15.000,0.000,55.104,0.003,55.118,0.004,54.976,0.003,55.004,0.003,28.074,0.006,28.070,0.006,28.070,0.006,28.070,0.006,25.758,0.021,26.495,0.020,25.634,0.021,25.682,0.021,25.785,0.020,28.589,0.018,23.552,0.061,27.987,0.285
219007,15.000,0.000,55.106,0.003,55.116,0.004,54.980,0.003,55.006,0.003,28.076,0.007,28.068,0.006,28.070,0.006,28.070,0.006,25.757,0.021,26.495,0.020,25.635,0.021,25.682,0.021,25.786,0.020,28.591,0.019,23.488,0.061,27.996,0.279
220007,15.000,0.000,55.104,0.003,55.118,0.004,54.978,0.003,55.006,0.003,28.076,0.007,28.070,0.006,28.070,0.006,28.070,0.006,25.758,0.021,26.496,0.020,25.635,0.021,25.682,0.021,25.787,0.020,28.591,0.019,23.535,0.061,27.997,0.272
221007,14.999,0.000,55.104,0.003,55.118,0.004,54.980,0.003,55.006,0.003,28.074,0.006,28.070,0.006,28.072,0.006,28.072,0.006,25.760,0.021,26.497,0.020,25.636,0.021,25.683,0.021,25.787,0.020,28.591,0.019,23.449,0.061,27.972,0.263
222007,15.000,0.000,55.102,0.003,55.118,0.004,54.980,0.003,55.006,0.003,28.076,0.006,28.070,0.006,28.070,0.006,28.072,0.006,25.760,0.021,26.498,0.020,25.637,0.021,25.685,0.021,25.788,0.021,28.589,0.019,23.456,0.060,27.930,0.252
223007,15.000,0.000,55.098,0.004,55.120,0.004,54.978,0.003,55.004,0.003,28.076,0.006,28.070,0.006,28.070,0.006,28.072,0.006,25.760,0.021,26.497,0.020,25.638,0.021,25.685,0.021,25.788,0.021,28.587,0.019,23.500,0.059,27.889,0.241
224007,15.000,0.000,55.104,0.004,55.118,0.004,54.978,0.003,55.004,0.003,28.076,0.006,28.070,0.006,28.070,0.006,28.072,0.006,25.760,0.021,26.499,0.020,25.637,0.021,25.685,0.021,25.788,0.021,28.586,0.019,23.504,0.059,27.847,0.230
225007,15.000,0.000,55.104,0.004,55.118,0.004,54.978,0.003,55.004,0.003,28.076,0.006,28.070,0.006,28.072,0.006,28.072,0.006,25.761,0.021,26.499,0.020,25.639,0.021,25.686,0.021,25.789,0.021,28.585,0.019,23.474,0.058,27.806,0.223
226007,14.999,0.000,55.104,0.003,55.118,0.004,54.976,0.003,55.004,0.003,28.076,0.006,28.070,0.006,28.072,0.006,28.072,0.006,25.763,0.021,26.499,0.020,25.639,0.021,25.686,0.021,25.790,0.021,28.582,0.019,23.458,0.057,27.756,0.219
227007,15.002,0.001,55.102,0.004,55.118,0.004,54.980,0.003,55.006,0.003,28.076,0.006,28.072,0.006,28.072,0.006,28.072,0.006,25.763,0.021,26.502,0.021,25.640,0.021,25.686,0.021,25.790,0.020,28.577,0.019,23.462,0.057,27.693,0.218
228007,15.002,0.001,55.102,0.004,55.118,0.004,54.978,0.003,55.004,0.003,28.076,0.006,28.070,0.006,28.072,0.006,28.072,0.006,25.764,0.021,26.500,0.021,25.640,0.021,25.687,0.021,25.791,0.020,28.572,0.019,23.474,0.056,27.658,0.218
229007,15.002,0.001,55.104,0.004,55.118,0.004,54.978,0.003,55.004,0.003,28.076,0.006,28.072,0.006,28.072,0.006,28.072,0.006,25.764,0.021,26.502,0.021,25.640,0.021,25.689,0.021,25.791,0.020,28.569,0.019,23.448,0.056,27.634,0.219
230007,15.002,0.001,55.102,0.004,55.118,0.004,54.978,0.003,55.004,0.003,28.076,0.006,28.072,0.006,28.072,0.006,28.072,0.006,25.765,0.021,26.500,0.021,25.641,0.021,25.689,0.021,25.793,0.021,28.566,0.019,23.474,0.055,27.609,0.219
231007,15.000,0.001,55.100,0.004,55.116,0.004,54.976,0.003,55.002,0.003,28.078,0.006,28.072,0.006,28.072,0.006,28.072,0.006,25.765,0.021,26.503,0.021,25.642,0.021,25.689,0.021,25.794,0.021,28.563,0.019,23.451,0.055,27.590,0.219
232007,15.001,0.001,55.104,0.004,55.116,0.004,54.978,0.003,55.004,0.003,28.078,0.006,28.072,0.006,28.072,0.006,28.074,0.006,25.766,0.021,26.504,0.021,25.642,0.021,25.691,0.021,25.794,0.021,28.560,0.019,23.425,0.055,27.567,0.219
233007,15.000,0.001,55.102,0.004,55.118,0.004,54.978,0.003,55.004,0.003,28.078,0.006,28.072,0.006,28.074,0.006,28.074,0.006,25.767,0.021,26.503,0.021,25.644,0.021,25.690,0.021,25.794,0.021,28.557,0.019,23.413,0.055,27.552,0.221
234007,14.999,0.001,55.102,0.004,55.116,0.004,54.976,0.003,55.002,0.003,28.078,0.006,28.072,0.006,28.074,0.006,28.074,0.006,25.768,0.021,26.505,0.021,25.643,0.021,25.691,0.021,25.794,0.021,28.553,0.018,23.444,0.055,27.537,0.224
235007,14.998,0.001,55.102,0.004,55.116,0.004,54.976,0.003,55.004,0.003,28.078,0.006,28.072,0.006,28.074,0.006,28.074,0.006,25.767,0.021,26.505,0.021,25.645,0.021,25.691,0.021,25.795,0.021,28.551,0.018,23.448,0.054,27.528,0.228
236007,14.998,0.001,55.100,0.004,55.116,0.004,54.976,0.003,55.004,0.003,28.078,0.006,28.072,0.006,28.074,0.006,28.074,0.006,25.768,0.021,26.506,0.021,25.645,0.021,25.693,0.021,25.795,0.021,28.547,0.018,23.398,0.054,27.523,0.231
237007,15.000,0.001,55.102,0.004,55.118,0.004,54.978,0.003,55.004,0.003,28.078,0.006,28.072,0.006,28.074,0.006,28.074,0.006,25.769,0.021,26.507,0.021,25.645,0.021,25.692,0.021,25.797,0.021,28.545,0.018,23.411,0.054,27.525,0.235
238008,15.001,0.001,55.100,0.004,55.116,0.004,54.978,0.003,55.004,0.003,28.078,0.006,28.074,0.006,28.074,0.006,28.074,0.006,25.769,0.021,26.507,0.021,25.646,0.021,25.694,0.021,25.798,0.021,28.543,0.018,23.380,0.055,27.530,0.238
239008,15.000,0.001,55.100,0.004,55.116,0.004,54.974,0.003,55.002,0.003,28.080,0.006,28.074,0.006,28.074,0.006,28.074,0.006,25.770,0.021,26.508,0.021,25.647,0.021,25.694,0.021,25.798,0.021,28.542,0.018,23.412,0.055,27.536,0.241
240008,15.000,0.001,55.100,0.004,55.114,0.004,54.974,0.004,55.002,0.004,28.078,0.006,28.074,0.006,28.074,0.006,28.074,0.006,25.772,0.021,26.510,0.021,25.647,0.021,25.695,0.021,25.798,0.021,28.540,0.017,23.401,0.055,27.547,0.243
241008,15.000,0.001,55.100,0.004,55.114,0.004,54.974,0.004,55.002,0.004,28.078,0.006,28.074,0.006,28.074,0.006,28.074,0.006,25.771,0.021,26.509,0.021,25.647,0.021,25.695,0.021,25.798,0.021,28.540,0.017,23.391,0.055,27.559,0.244
242008,15.002,0.001,55.100,0.004,55.116,0.004,54.976,0.004,55.002,0.004,28.078,0.006,28.074,0.006,28.074,0.006,28.074,0.006,25.773,0.021,26.511,0.021,25.649,0.021,25.696,0.021,25.799,0.021,28.539,0.017,23.347,0.055,27.583,0.244
243008,15.000,0.001,55.100,0.004,55.114,0.004,54.978,0.004,55.004,0.004,28.080,0.006,28.074,0.006,28.074,0.006,28.074,0.006,25.773,0.021,26.511,0.021,25.649,0.021,25.697,0.021,25.800,0.021,28.538,0.017,23.365,0.056,27.604,0.243
244008,15.001,0.001,55.102,0.004,55.118,0.004,54.978,0.004,55.004,0.003,28.080,0.006,28.074,0.006,28.074,0.006,28.074,0.006,25.773,0.021,26.511,0.021,25.649,0.021,25.697,0.021,25.800,0.021,28.540,0.017,23.500,0.056,27.628,0.241
245008,15.000,0.001,55.104,0.004,55.116,0.004,54.976,0.004,55.002,0.004,28.080,0.006,28.074,0.006,28.076,0.006,28.076,0.006,25.774,0.021,26.512,0.021,25.651,0.021,25.698,0.021,25.801,0.021,28.539,0.016,23.480,0.056,27.647,0.238
